929.7727661132812, 912.4647216796875, 416.7303771972656
937.9581298828125, 921.7702026367188, 693.5712890625
946.1547241210938, 930.219970703125, 935.9208984375
954.3618774414062, 943.7603149414062, 567.7069702148438
962.5791015625, 957.19287109375, 575.236328125
970.8057250976562, 970.5051879882812, 12.385022163391113
979.0413208007812, 983.7055053710938, -21.02321434020996
987.2852172851562, 996.7938232421875, -607.9451293945312
995.536865234375, 1009.7710571289062, -1706.6998291015625
1003.7957763671875, 1022.6375122070312, -3277.64794921875
1012.061279296875, 1035.3941650390625, -2457.10595703125
1020.3328247070312, 1048.041259765625, -2177.060302734375
1028.60986328125, 1060.5791015625, -2397.018798828125
1036.891845703125, 1073.008056640625, -3078.5205078125
1045.1781005859375, 1085.0634765625, -4155.15185546875
1053.46826171875, 1087.9827880859375, -4560.89794921875
1061.761474609375, 1058.81591796875, -3483.357177734375
1070.0574951171875, 1029.6494140625, 817.0525512695312
1078.35546875, 1001.317138671875, 1983.333984375
1086.6549072265625, 997.2487182617188, 1983.333984375
1094.955322265625, 1002.306396484375, 1983.333984375
1103.256103515625, 1015.2434692382812, 1983.333984375
1111.556640625, 1028.0703125, 1983.333984375
1119.8563232421875, 1040.78564453125, 1983.333984375
1128.15478515625, 1053.390625, 1983.333984375
1136.451171875, 1065.8853759765625, 1983.333984375
1144.7451171875, 1078.2701416015625, 1983.333984375
1153.035888671875, 1090.54541015625, 1983.333984375
1161.3231201171875, 1102.720458984375, 1983.333984375
1169.6060791015625, 1114.7952880859375, 1983.333984375
1177.8841552734375, 1126.7606201171875, 1983.333984375
1186.156982421875, 1138.62646484375, 1983.333984375
1194.423828125, 1150.392578125, 1983.333984375
1202.6842041015625, 1162.0587158203125, 1983.333984375
1210.9375, 1173.6248779296875, 1983.333984375
1219.18310546875, 1185.0911865234375, 1983.333984375
1227.4205322265625, 1196.4576416015625, 1983.333984375
1235.649169921875, 1207.7242431640625, 1983.333984375
1243.868408203125, 1218.89111328125, 1983.333984375
1252.0777587890625, 1229.9676513671875, 1983.333984375
1260.2767333984375, 1240.9444580078125, 1983.333984375
1268.464599609375, 1251.83154296875, 1983.333984375
1276.6407470703125, 1262.6280517578125, 1983.333984375
1284.8048095703125, 1273.3250732421875, 1983.333984375
1292.9561767578125, 1283.93212890625, 1728.642333984375
1301.09423828125, 1294.4490966796875, 1224.7169189453125
1309.2183837890625, 1304.8760986328125, 492.64898681640625
1317.3282470703125, 1315.213134765625, 494.50323486328125
1325.4229736328125, 1325.4600830078125, 259.9897155761719
1333.5023193359375, 1335.3338623046875, -158.47607421875
1341.5654296875, 1337.223388671875, 152.45933532714844
1349.612060546875, 1339.045654296875, 1162.0443115234375
1357.641357421875, 1339.5831298828125, 1983.333984375
1365.6529541015625, 1341.4324951171875, 1983.333984375
1373.646240234375, 1343.5472412109375, 1983.333984375
1381.62060546875, 1353.5543212890625, 1983.333984375
1389.57568359375, 1363.471435546875, 1983.333984375
1397.5107421875, 1373.3082275390625, 1983.333984375
1405.42529296875, 1383.0555419921875, 1983.333984375
1413.31884765625, 1392.720458984375, 1983.333984375
1421.1907958984375, 1402.1964111328125, 1983.333984375
1429.04052734375, 1410.45654296875, 1983.333984375
1436.86767578125, 1418.7166748046875, 1983.333984375
1444.671630859375, 1426.9766845703125, 1983.333984375
1452.4517822265625, 1435.23681640625, 1983.333984375
1460.2076416015625, 1443.4969482421875, 1983.333984375
1467.938720703125, 1451.757080078125, 1983.333984375
1475.6444091796875, 1460.01708984375, 1983.333984375
1483.3243408203125, 1468.2772216796875, 1983.333984375
1490.9776611328125, 1476.5374755859375, 1983.333984375
1498.604248046875, 1484.7974853515625, 1983.333984375
1506.2032470703125, 1493.0592041015625, 1983.333984375
1513.7742919921875, 1501.3193359375, 1983.333984375
1521.3167724609375, 1509.5794677734375, 1983.333984375
1528.8302001953125, 1517.839599609375, 1983.333984375
1536.314208984375, 1526.0994873046875, 1983.333984375
1543.76806640625, 1534.3597412109375, 1983.333984375
1551.19140625, 1542.619873046875, 1944.1800537109375
1558.5836181640625, 1550.8798828125, 1807.6806640625
1565.9442138671875, 1559.14013671875, 1575.0850830078125
1573.272705078125, 1567.400390625, 1247.509521484375
1580.568603515625, 1575.6605224609375, 825.9871826171875
1587.8314208984375, 1583.9208984375, 311.4151306152344
1595.060546875, 1592.1810302734375, 646.6737670898438
1602.255615234375, 1600.441162109375, 843.3040161132812
1609.4161376953125, 1608.4039306640625, 938.3299560546875
1616.54150390625, 1608.4041748046875, 902.0540771484375
1623.6312255859375, 1608.404296875, 1679.03173828125
1630.6849365234375, 1608.7027587890625, 1983.333984375
1637.7020263671875, 1616.9625244140625, 1983.333984375
1644.68212890625, 1625.22265625, 1983.333984375
1651.6246337890625, 1633.482666015625, 1983.333984375
1658.5291748046875, 1641.74267578125, 1983.333984375
1665.395263671875, 1650.002685546875, 1983.333984375
1672.2222900390625, 1658.2628173828125, 1983.333984375
1679.010009765625, 1666.5230712890625, 1983.333984375
1685.7578125, 1674.783203125, 1983.333984375
1692.4652099609375, 1683.04345703125, 1983.333984375
1699.1318359375, 1691.3035888671875, 1859.64404296875
1705.757080078125, 1699.563720703125, 1555.058349609375
1712.3406982421875, 1707.8238525390625, 1073.85791015625
1718.882080078125, 1716.0841064453125, 420.05340576171875
1725.3807373046875, 1724.34423828125, 539.4551391601562
1731.83642578125, 1732.604248046875, 446.41546630859375
1738.24853515625, 1740.56201171875, 181.16014099121094
1744.61669921875, 1740.562255859375, 658.0411376953125
1750.9403076171875, 1740.5623779296875, 892.7546997070312
1757.21923828125, 1740.5625, 1834.3516845703125
1763.4527587890625, 1740.865966796875, 1983.333984375
1769.640625, 1749.1260986328125, 1983.333984375
1775.7823486328125, 1757.3861083984375, 1983.333984375
1781.8775634765625, 1765.6461181640625, 1983.333984375
1787.92578125, 1773.90625, 1983.333984375
1793.926513671875, 1782.166259765625, 1983.333984375
1799.8795166015625, 1790.426513671875, 1983.333984375
1805.7841796875, 1798.6866455078125, 1776.448974609375
1811.640380859375, 1806.94677734375, 1304.8133544921875
1817.4473876953125, 1815.2069091796875, 576.03466796875
1823.205078125, 1823.467041015625, 539.409423828125
1828.912841796875, 1831.7271728515625, 212.54629516601562
1834.5704345703125, 1839.6810302734375, -360.73248291015625
1840.177490234375, 1839.6812744140625, -263.5804138183594
1845.7333984375, 1839.681396484375, 464.61328125
1851.238037109375, 1839.681396484375, 844.3173828125
1856.69091796875, 1839.6815185546875, 1829.116455078125
1862.091552734375, 1839.9892578125, 1983.333984375
1867.439697265625, 1848.2491455078125, 1983.333984375
1872.735107421875, 1856.50927734375, 1983.333984375
1877.9771728515625, 1864.769287109375, 1983.333984375
1883.16552734375, 1873.0294189453125, 1983.333984375
1888.300048828125, 1881.28955078125, 1766.8232421875
1893.3802490234375, 1889.5498046875, 1197.21826171875
1898.40576171875, 1897.8099365234375, 285.92889404296875
1903.376220703125, 1906.070068359375, -14.177839279174805
1908.2913818359375, 1914.330322265625, -184.27337646484375
1913.15087890625, 1922.5904541015625, -735.0149536132812
1917.9542236328125, 1930.8505859375, -1653.810546875
1922.7012939453125, 1938.7999267578125, -2893.12890625
1927.3917236328125, 1938.63525390625, -3514.745361328125
1932.025146484375, 1934.2552490234375, -3073.6923828125
1936.6011962890625, 1929.875244140625, -1629.6981201171875
1941.1195068359375, 1925.4952392578125, 262.6963195800781
1945.5799560546875, 1921.115234375, 1983.333984375
1949.982177734375, 1916.90087890625, 1983.333984375
1954.3258056640625, 1917.213623046875, 1983.333984375
1958.6104736328125, 1925.4736328125, 1983.333984375
1962.8360595703125, 1933.7335205078125, 1983.333984375
1967.002197265625, 1941.99365234375, 1983.333984375
1971.108642578125, 1950.25390625, 1983.333984375
1975.155029296875, 1958.5140380859375, 1983.333984375
1979.14111328125, 1966.774169921875, 1983.333984375
1983.066650390625, 1975.034423828125, 1884.13427734375
1986.9312744140625, 1983.2945556640625, 1286.883544921875
1990.7347412109375, 1991.5546875, 1151.5548095703125
1994.4769287109375, 1999.8148193359375, 505.95501708984375
1998.157470703125, 2008.0750732421875, -133.657470703125
2001.776123046875, 2016.0194091796875, -1236.30908203125
2005.3326416015625, 2015.851806640625, -1857.5435791015625
2008.8267822265625, 2011.471923828125, -1546.5155029296875
2012.25830078125, 2007.0919189453125, -357.0191345214844
2015.626953125, 2002.7117919921875, 1162.013427734375
2018.9324951171875, 1998.3316650390625, 1983.333984375
2022.1748046875, 1994.1199951171875, 1983.333984375
2025.353515625, 1994.4381103515625, 1983.333984375
2028.468505859375, 2002.697998046875, 1983.333984375
2031.5194091796875, 2010.9581298828125, 1983.333984375
2034.5062255859375, 2019.21826171875, 1983.333984375
2037.4287109375, 2027.4783935546875, 1983.333984375
2040.2864990234375, 2035.7384033203125, 1485.63720703125
2043.0794677734375, 2043.99853515625, 387.152587890625
2045.8074951171875, 2052.2587890625, -347.4013671875
2048.470458984375, 2060.51904296875, -1187.9930419921875
2051.06787109375, 2068.779052734375, -2634.594970703125
2053.599853515625, 2077.039306640625, -1838.1724853515625
2056.066162109375, 2085.299560546875, -1744.6151123046875
2058.466552734375, 2093.238525390625, -2289.58154296875
2060.801025390625, 2092.10400390625, -2410.2275390625
2063.069091796875, 2062.93359375, -1753.105712890625
2065.27099609375, 2033.762939453125, 1021.6755981445312
2067.40625, 2005.55908203125, 1983.333984375
2069.474853515625, 2001.67236328125, 1983.333984375
2071.476806640625, 2009.9322509765625, 1983.333984375
2073.41162109375, 2018.1923828125, 1983.333984375
2075.279541015625, 2026.452392578125, 1983.333984375
2077.080322265625, 2034.7125244140625, 1983.333984375
2078.8134765625, 2042.97265625, 1983.333984375
2080.4794921875, 2051.23291015625, 1983.333984375
2082.07763671875, 2059.492919921875, 1983.333984375
2083.6083984375, 2067.753173828125, 1983.333984375
2085.0712890625, 2076.014892578125, 1983.333984375
2086.46630859375, 2084.275146484375, 1216.4381103515625
2087.793212890625, 2092.535400390625, 636.5250244140625
2089.05224609375, 2100.79541015625, -217.8335418701172
2090.2431640625, 2108.728515625, -1801.041748046875
2091.36572265625, 2108.55517578125, -3156.694091796875
2092.419921875, 2104.1748046875, -996.3430786132812
2093.40576171875, 2099.795166015625, -1156.1685791015625
2094.3232421875, 2094.428955078125, -588.8807983398438
2095.17236328125, 2066.244873046875, 1832.83984375
2095.95263671875, 2061.86474609375, 1983.333984375
2096.664306640625, 2057.989013671875, 1983.333984375
2097.307373046875, 2066.2490234375, 1983.333984375
2097.8818359375, 2074.509033203125, 1983.333984375
2098.387451171875, 2082.76904296875, 1983.333984375
2098.82421875, 2091.029296875, 1857.7996826171875
2099.192138671875, 2099.289306640625, 835.34375
2099.491455078125, 2107.549560546875, -104.98375701904297
2099.7216796875, 2115.809814453125, -1419.4522705078125
2099.883056640625, 2124.06982421875, -3595.0341796875
2099.9755859375, 2132.330322265625, -3770.35888671875
2099.9990234375, 2140.590576171875, -4879.54150390625
2099.953857421875, 2148.850830078125, -6883.7666015625
2099.839599609375, 2156.778076171875, -7000.0
2099.656494140625, 2155.6025390625, -7000.0
2099.404541015625, 2126.431884765625, -6395.2607421875
2099.083740234375, 2097.261474609375, -2519.116943359375
2098.694091796875, 2068.0908203125, 1132.9593505859375
2098.235595703125, 2038.9202880859375, 1983.333984375
2097.708251953125, 2010.9298095703125, 1983.333984375
2097.1123046875, 2011.2642822265625, 1983.333984375
2096.447509765625, 2019.5242919921875, 1983.333984375
2095.714111328125, 2027.7843017578125, 1983.333984375
2094.912109375, 2036.04443359375, 1983.333984375
2094.041748046875, 2044.3045654296875, 1983.333984375
2093.1025390625, 2052.564697265625, 1983.333984375
2092.09521484375, 2060.824951171875, 1983.333984375
2091.019287109375, 2069.0849609375, 1983.333984375
2089.875244140625, 2077.34521484375, 1983.333984375
2088.6630859375, 2085.60546875, 1315.601318359375
2087.382568359375, 2093.865478515625, 531.4815673828125
2086.0341796875, 2102.125732421875, -815.2852172851562
2084.61767578125, 2110.048583984375, -3163.51953125
2083.133544921875, 2109.86962890625, -2717.3818359375
2081.58154296875, 2105.489501953125, -1969.880615234375
2079.9619140625, 2100.094482421875, -3653.893798828125
2078.274658203125, 2070.923583984375, -2108.424072265625
2076.520263671875, 2042.7698974609375, 941.1259765625
2074.698486328125, 2038.3897705078125, 1983.333984375
2072.809326171875, 2034.529052734375, 1983.333984375
2070.853515625, 2042.7889404296875, 1983.333984375
2068.83056640625, 2051.049072265625, 1983.333984375
2066.740966796875, 2059.30908203125, 1816.1395263671875
2064.58447265625, 2067.5693359375, 465.1665954589844
2062.36181640625, 2075.829345703125, -578.0844116210938
2060.07275390625, 2084.08984375, -2776.483154296875
2057.717529296875, 2092.35009765625, -3253.566162109375
2055.29638671875, 2100.610107421875, -2446.09130859375
2050.44677734375, 2116.438232421875, -6528.54296875
2047.8333740234375, 2124.6982421875, -7000.0
2045.1546630859375, 2132.95849609375, -7000.0
2042.4110107421875, 2133.30859375, -7000.0
2039.602294921875, 2105.37255859375, -7000.0
2036.7288818359375, 2076.2021484375, -7000.0
2033.7908935546875, 2047.0316162109375, -4817.71533203125
2030.78857421875, 2017.861083984375, -2576.045654296875
2027.7220458984375, 1988.6904296875, 1101.071533203125
2024.5916748046875, 1983.2647705078125, 1983.333984375
2021.397705078125, 1990.991943359375, 1983.333984375
2018.14013671875, 1999.251953125, 1983.333984375
2014.8192138671875, 2007.5120849609375, 1801.9315185546875
2011.4354248046875, 2015.7725830078125, 296.6792297363281
2007.98876953125, 2024.03271484375, -1033.22021484375
2004.4794921875, 2032.2928466796875, -3643.571044921875
2000.907958984375, 2040.5531005859375, -4651.22607421875
1997.2742919921875, 2048.813232421875, -6969.6806640625
1993.578857421875, 2057.073486328125, -7000.0
1989.8218994140625, 2065.333740234375, -7000.0
1986.0035400390625, 2073.59375, -7000.0
1982.1241455078125, 2081.85400390625, -7000.0
1978.18408203125, 2082.198974609375, -7000.0
1974.183349609375, 2054.2451171875, -7000.0
1970.1224365234375, 2025.0743408203125, -7000.0
1966.0015869140625, 1995.90380859375, -6724.79833984375
1961.8211669921875, 1966.7333984375, -3603.437744140625
1957.5811767578125, 1937.5626220703125, -611.265869140625
1953.2822265625, 1908.3919677734375, 1983.333984375
1948.9244384765625, 1902.9825439453125, 1983.333984375
1944.5081787109375, 1910.7181396484375, 1983.333984375
1940.03369140625, 1918.9781494140625, 1983.333984375
1935.5013427734375, 1927.23828125, 1910.9857177734375
1930.911376953125, 1935.4984130859375, 371.33367919921875
1926.2642822265625, 1943.7589111328125, -1128.6741943359375
1921.5601806640625, 1952.01904296875, -1211.1219482421875
1916.7994384765625, 1960.279296875, -2779.6201171875
1911.982421875, 1968.5394287109375, -5766.30712890625
1907.1094970703125, 1976.7996826171875, -7000.0
1902.1810302734375, 1985.059814453125, -7000.0
1897.1971435546875, 1993.3199462890625, -7000.0
1892.158447265625, 2001.5799560546875, -7000.0
1887.0650634765625, 2001.919677734375, -7000.0
1881.9176025390625, 1973.9466552734375, -7000.0
1876.716064453125, 1944.7760009765625, -7000.0
1871.461181640625, 1915.60546875, -7000.0
1866.153076171875, 1886.4349365234375, -5624.2236328125
1860.7921142578125, 1857.2642822265625, -1592.4124755859375
1855.3787841796875, 1828.0938720703125, 690.7841796875
1849.9134521484375, 1798.9232177734375, 1983.333984375
1844.396484375, 1805.65771484375, 1983.333984375
1838.828125, 1813.917724609375, 1983.333984375
1833.2088623046875, 1833.4681396484375, 939.729248046875
1819.703857421875, 1841.728271484375, -1107.552001953125
1813.916015625, 1849.9884033203125, -1833.9267578125
1808.0789794921875, 1858.24853515625, -4137.333984375
1802.1932373046875, 1866.5087890625, -7000.0
1796.259033203125, 1874.7689208984375, -7000.0
1790.27685546875, 1883.029052734375, -7000.0
1784.2471923828125, 1891.2891845703125, -7000.0
1778.17041015625, 1896.8504638671875, -7000.0
1772.0467529296875, 1887.318115234375, -7000.0
1765.876953125, 1858.1475830078125, -7000.0
1759.6611328125, 1828.97705078125, -7000.0
1753.39990234375, 1799.806640625, -7000.0
1747.0936279296875, 1770.6361083984375, -5997.86669921875
1740.7427978515625, 1741.4654541015625, -2434.303955078125
1734.347900390625, 1712.294921875, 233.78836059570312
1727.9091796875, 1683.1243896484375, 1983.333984375
1721.42724609375, 1663.49365234375, 1983.333984375
1714.9024658203125, 1666.1953125, 1983.333984375
1708.3353271484375, 1674.4552001953125, 1983.333984375
1701.726318359375, 1682.715087890625, 1983.333984375
1695.0758056640625, 1699.2353515625, 715.6553344726562
1681.6522216796875, 1707.495361328125, -1758.009033203125
1674.880126953125, 1724.0157470703125, -1146.267333984375
1661.217529296875, 1732.27587890625, -5875.23583984375
1654.3280029296875, 1748.79638671875, -7000.0
1640.4346923828125, 1757.056640625, -7000.0
1633.4320068359375, 1762.6119384765625, -7000.0
1626.392578125, 1753.0587158203125, -7000.0
1619.31689453125, 1723.88818359375, -7000.0
1612.205322265625, 1694.7177734375, -7000.0
1605.05859375, 1665.54736328125, -7000.0
1597.876953125, 1636.3758544921875, -7000.0
1590.6610107421875, 1607.205322265625, -5197.576171875
1583.411376953125, 1578.0347900390625, -976.3508911132812
1576.1282958984375, 1548.8631591796875, 1272.647705078125
1568.8125, 1519.69287109375, 1983.333984375
1561.46435546875, 1502.7940673828125, 1983.333984375
1554.08447265625, 1511.053955078125, 1983.333984375
1546.6732177734375, 1519.31396484375, 1983.333984375
1539.231201171875, 1527.5740966796875, 1983.333984375
1531.759033203125, 1535.8341064453125, 497.3159484863281
1524.2569580078125, 1544.0941162109375, -1278.427734375
1516.7257080078125, 1552.354248046875, -1946.6348876953125
1509.165771484375, 1560.614501953125, -4391.9638671875
1501.57763671875, 1568.8746337890625, -7000.0
1493.9619140625, 1577.134765625, -7000.0
1486.3189697265625, 1585.394775390625, -7000.0
1478.6492919921875, 1593.6549072265625, -7000.0
1470.9537353515625, 1589.62890625, -7000.0
1455.4862060546875, 1560.45849609375, -7000.0
1447.7154541015625, 1531.2880859375, -7000.0
1439.9207763671875, 1502.11767578125, -7000.0
1432.1026611328125, 1472.9473876953125, -7000.0
1424.2615966796875, 1443.7769775390625, -5538.19287109375
1416.3983154296875, 1414.6065673828125, -1710.7978515625
1408.5130615234375, 1385.4361572265625, 869.74853515625
1400.606689453125, 1356.265869140625, 1983.333984375
1392.6795654296875, 1337.2935791015625, 1983.333984375
1384.7322998046875, 1341.85107421875, 1983.333984375
1376.765380859375, 1351.871337890625, 1983.333984375
1368.7794189453125, 1361.8050537109375, 1570.87548828125
1360.77490234375, 1381.419189453125, 150.7236328125
1344.712646484375, 1391.1029052734375, -1821.13330078125
1336.6558837890625, 1409.11279296875, -2541.327880859375
1320.4940185546875, 1417.372802734375, -7000.0
1312.3900146484375, 1433.8929443359375, -7000.0
1296.138671875, 1442.1529541015625, -7000.0
1287.992431640625, 1447.696044921875, -7000.0
1279.8333740234375, 1438.100341796875, -7000.0
1271.6617431640625, 1408.93017578125, -7000.0
1263.4783935546875, 1379.759765625, -7000.0
1255.28369140625, 1350.5894775390625, -7000.0
1247.078369140625, 1321.418212890625, -7000.0
1238.8629150390625, 1292.248046875, -7000.0
1230.6378173828125, 1263.0777587890625, -7000.0
1222.40380859375, 1233.9075927734375, -4621.6943359375
1214.161376953125, 1204.7374267578125, -2793.506103515625
1205.9110107421875, 1175.5672607421875, 467.1773986816406
1197.6533203125, 1154.5609130859375, 1983.333984375
1189.388916015625, 1152.762939453125, 1983.333984375
1181.118408203125, 1158.910888671875, 1983.333984375
1172.84228515625, 1170.4976806640625, 853.5935668945312
1164.5611572265625, 1181.984619140625, -664.8132934570312
1156.2755126953125, 1193.3748779296875, -1532.9130859375
1147.986083984375, 1204.671875, -4599.2021484375
1139.6932373046875, 1215.8690185546875, -7000.0
1131.3978271484375, 1237.9764404296875, -7000.0
1114.80078125, 1248.886962890625, -7000.0
1106.5006103515625, 1270.4344482421875, -7000.0
1089.899169921875, 1281.0648193359375, -7000.0
1081.5992431640625, 1280.818603515625, -7000.0
1065.0037841796875, 1251.6488037109375, -7000.0
1056.70947265625, 1193.30859375, -7000.0
1040.130126953125, 1164.137451171875, -7000.0
1031.846435546875, 1134.96728515625, -7000.0
1023.5673828125, 1105.7972412109375, -7000.0
1015.2936401367188, 1076.6273193359375, -7000.0
1007.0256958007812, 1047.4573974609375, -7000.0
998.76416015625, 1018.2875366210938, -5539.9599609375
990.5096435546875, 989.11767578125, -1759.2501220703125
982.2626342773438, 959.9479370117188, 319.77490234375
974.023681640625, 930.7782592773438, 1983.333984375
965.7935180664062, 913.0648803710938, 1983.333984375
957.572509765625, 921.2730712890625, 1983.333984375
949.3613891601562, 934.896240234375, 1983.333984375
941.1605834960938, 948.4061889648438, 480.869140625
932.9707641601562, 961.7996215820312, -2324.648681640625
924.7924194335938, 975.0797729492188, -4619.50927734375
916.6261596679688, 988.2432861328125, -7000.0
908.4725952148438, 1001.2968139648438, -7000.0
900.3321533203125, 1014.2403564453125, -7000.0
892.2055053710938, 1027.0740966796875, -7000.0
884.0931396484375, 1039.797607421875, -7000.0
875.9956665039062, 1064.914794921875, -7000.0
859.8475952148438, 1074.6004638671875, -7000.0
851.798095703125, 1038.5494384765625, -7000.0
835.7509765625, 1009.379638671875, -7000.0
827.7544555664062, 951.0403442382812, -7000.0
811.8182373046875, 921.8706665039062, -7000.0
803.879638671875, 892.7010498046875, -7000.0
795.96142578125, 863.531494140625, -7000.0
788.0641479492188, 834.3622436523438, -7000.0
780.1884155273438, 805.1929321289062, -6167.30908203125
772.3346557617188, 776.0237426757812, -2936.729736328125
764.5035400390625, 746.8546752929688, -251.80751037597656
756.6954956054688, 717.685791015625, 1983.333984375
748.9111328125, 696.724365234375, 1983.333984375
741.1509399414062, 698.953125, 1983.333984375
733.4154663085938, 714.4855346679688, 1983.333984375
725.7052612304688, 729.8816528320312, 618.705810546875
718.0208129882812, 760.2841186523438, -1322.3475341796875
702.7315063476562, 775.29052734375, -6216.25732421875
695.1276245117188, 804.9174194335938, -7000.0
680.0040893554688, 819.5440063476562, -7000.0
672.4854736328125, 834.04052734375, -7000.0
664.996337890625, 848.4104614257812, -7000.0
657.537109375, 862.6604614257812, -7000.0
650.1083984375, 874.0720825195312, -7000.0
642.710693359375, 868.3116455078125, -7000.0
635.3445434570312, 839.1424560546875, -7000.0
628.0103759765625, 809.9733276367188, -7000.0
620.7086791992188, 780.8042602539062, -7000.0
613.4400634765625, 751.6353149414062, -7000.0
606.2049560546875, 722.46533203125, -7000.0
599.0038452148438, 693.2965698242188, -7000.0
591.8372802734375, 664.1280517578125, -7000.0
584.7057495117188, 634.959716796875, -7000.0
577.6096801757812, 605.7916870117188, -6530.31396484375
570.5496215820312, 576.6239013671875, -3553.745361328125
563.5260620117188, 547.4564208984375, -1017.7179565429688
556.5394897460938, 518.2893676757812, 1475.8623046875
549.59033203125, 497.3518981933594, 1983.333984375
542.6790771484375, 500.16619873046875, 1983.333984375
535.8062133789062, 534.49169921875, 971.7320556640625
522.1776733398438, 551.4300537109375, -1905.8150634765625
515.4228515625, 584.8740844726562, -2449.849609375
502.0345458984375, 601.383056640625, -7000.0
495.4019775390625, 633.9678955078125, -7000.0
482.2622375488281, 650.0537719726562, -7000.0
475.7559814453125, 666.0064086914062, -7000.0
469.2927551269531, 681.819091796875, -7000.0
462.87298583984375, 694.7732543945312, -7000.0
456.4971008300781, 690.0171508789062, -7000.0
450.1655578613281, 660.8489990234375, -7000.0
443.8788146972656, 631.6809692382812, -7000.0
437.6372375488281, 602.5130004882812, -7000.0
431.44134521484375, 544.177978515625, -7000.0
419.1881103515625, 515.0109252929688, -7000.0
413.1316833496094, 485.84442138671875, -7000.0
407.12255859375, 456.6784362792969, -7000.0
401.1611633300781, 427.51312255859375, -6318.89697265625
395.2479248046875, 398.3486328125, -3010.2392578125
389.3832702636719, 369.1850891113281, -26.09044075012207
383.5675354003906, 340.0228576660156, 1983.333984375
377.80120849609375, 319.11016845703125, 1983.333984375
372.0846252441406, 322.4476013183594, 1983.333984375
366.4181823730469, 341.19744873046875, 1983.333984375
360.80230712890625, 359.78857421875, 854.8687133789062
355.23736572265625, 396.4964904785156, -1039.0125732421875
344.26177978515625, 414.6195983886719, -5692.4853515625
338.8519287109375, 432.5865478515625, -7000.0
333.4945068359375, 450.4005126953125, -7000.0
328.18988037109375, 468.0580749511719, -7000.0
322.9384765625, 485.5658264160156, -7000.0
317.7405700683594, 502.92376708984375, -7000.0
312.5965881347656, 520.1318969726562, -7000.0
307.5068664550781, 534.461669921875, -7000.0
302.47174072265625, 530.5889282226562, -7000.0
297.4915466308594, 501.42254638671875, -7000.0
292.5666809082031, 472.25653076171875, -7000.0
287.69744873046875, 443.09100341796875, -7000.0
282.8841552734375, 413.9261779785156, -7000.0
278.127197265625, 384.7621154785156, -7000.0
273.4268493652344, 355.59918212890625, -7000.0
268.783447265625, 326.4376525878906, -7000.0
264.19732666015625, 297.2779846191406, -7000.0
259.6687927246094, 238.9668426513672, -2125.9296875
250.78575134277344, 209.8176727294922, 442.90594482421875
246.4318389892578, 167.97265625, 1983.333984375
237.9007568359375, 188.03089904785156, 1983.333984375
233.7241668701172, 227.65362548828125, 948.3107299804688
225.55035400390625, 247.21446228027344, -1052.0147705078125
221.55368041992188, 285.83538818359375, -1340.0816650390625
213.7421875, 304.9012756347656, -7000.0
209.9279022216797, 323.8014831542969, -7000.0
206.17495727539062, 342.54248046875, -7000.0
202.48358154296875, 361.1241760253906, -7000.0
198.85406494140625, 379.54638671875, -7000.0
195.28663635253906, 395.0740051269531, -7000.0
191.7815399169922, 391.968994140625, -7000.0
188.33901977539062, 362.8063049316406, -7000.0
184.95932006835938, 333.6436767578125, -7000.0
181.6426544189453, 304.4837341308594, -7000.0
178.3892822265625, 275.3260192871094, -7000.0
175.1994171142578, 246.1711883544922, -7000.0
172.07325744628906, 217.0207061767578, -7000.0
169.01104736328125, 187.8765106201172, -5450.7578125
166.01296997070312, 158.7421417236328, -983.62060546875
163.07925415039062, 129.6242218017578, 601.9747924804688
160.21009826660156, 100.53701782226562, 1983.333984375
157.4056854248047, 88.14125061035156, 1983.333984375
154.66622924804688, 108.82756042480469, 1983.333984375
151.99191284179688, 129.3623046875, 1983.333984375
149.38290405273438, 169.9473876953125, -629.3538818359375
144.36158752441406, 189.9882354736328, -2462.380126953125
141.94960021972656, 229.57266235351562, -4013.9736328125
137.32383728027344, 249.11395263671875, -7000.0
135.11036682128906, 287.7051086425781, -7000.0
130.88304138183594, 306.7543029785156, -7000.0
128.8694610595703, 320.1773681640625, -7000.0
125.0431900024414, 291.018798828125, -7000.0
123.23075866699219, 261.8626403808594, -7000.0
121.4856185913086, 232.7099151611328, -7000.0
119.80790710449219, 203.56227111816406, -7000.0
118.1977310180664, 174.42205810546875, -7000.0
116.65520477294922, 145.29415893554688, -6562.85595703125
115.18043518066406, 116.18785095214844, -2977.985595703125
113.77352142333984, 87.12474822998047, -1155.278076171875
112.43456268310547, 58.1696662902832, 1983.333984375
111.16364288330078, 39.935150146484375, 1983.333984375
109.96086120605469, 48.55968475341797, 1983.333984375
108.82630157470703, 69.4303207397461, 1983.333984375
107.76002502441406, 90.23471069335938, 1572.068115234375
106.76212310791016, 110.90770721435547, -345.196044921875
105.83265686035156, 131.42918395996094, -2716.782958984375
104.97168731689453, 151.7918701171875, -4576.72509765625
104.17928314208984, 171.98731994628906, -7000.0
103.45549011230469, 211.88134765625, -7000.0
102.21395111083984, 231.57034301757812, -7000.0
101.69628143310547, 251.09576416015625, -7000.0
101.24739837646484, 270.4589538574219, -7000.0
100.8673324584961, 286.90643310546875, -7000.0
100.55611419677734, 284.35919189453125, -7000.0
100.31375885009766, 255.20401000976562, -7000.0
100.1402816772461, 226.052490234375, -7000.0
100.03569793701172, 196.90640258789062, -7000.0
100.00000762939453, 167.76876831054688, -7000.0
100.0332260131836, 138.64364624023438, -7000.0
100.13534545898438, 109.54454040527344, -4352.62744140625
100.30635833740234, 80.49742889404297, -1305.9345703125
100.54625701904297, 51.590213775634766, 1983.333984375
100.85501098632812, 31.238309860229492, 1983.333984375
101.23261260986328, 35.334068298339844, 1983.333984375
101.67903900146484, 77.0222396850586, 940.0068969726562
102.7781982421875, 97.78929138183594, 91.8990478515625
103.43087005615234, 138.87779235839844, -1422.2777099609375
104.94215393066406, 159.1778564453125, -4196.86279296875
105.80067443847656, 199.27540588378906, -5995.34521484375
107.72314453125, 219.07237243652344, -7000.0
108.78697204589844, 258.1674499511719, -7000.0
111.11943817138672, 274.7176513671875, -7000.0
112.3879165649414, 272.21209716796875, -7000.0
113.72444152832031, 243.0583953857422, -7000.0
115.1289291381836, 213.908935546875, -7000.0
116.60127258300781, 184.76597595214844, -7000.0
118.1413803100586, 155.63328552246094, -7000.0
119.74913787841797, 126.51775360107422, -4055.583251953125
121.42443084716797, 97.43534088134766, -554.5376586914062
123.16716003417969, 68.42829895019531, 1983.333984375
124.97718811035156, 47.842918395996094, 1983.333984375
126.85440063476562, 51.99043273925781, 1983.333984375
128.7986602783203, 72.8572769165039, 1983.333984375
130.80984497070312, 93.6417465209961, 1983.333984375
132.8878173828125, 114.28955078125, 1708.60400390625
135.03240966796875, 134.7836151123047, 304.0784912109375
137.24349975585938, 155.1177978515625, -1220.95654296875
139.5209197998047, 175.28414916992188, -1893.806396484375
141.86453247070312, 195.2862548828125, -4556.41064453125
144.27415466308594, 215.1231231689453, -7000.0
146.74961853027344, 234.7922821044922, -7000.0
149.290771484375, 273.62689208984375, -7000.0
154.56942749023438, 290.0351257324219, -7000.0
157.3065643310547, 258.2574462890625, -7000.0
162.97549438476562, 229.10543823242188, -7000.0
165.9069061279297, 170.8199462890625, -3588.43798828125
171.9626007080078, 141.69406127929688, -1286.2432861328125
175.0864715576172, 112.59151458740234, 1983.333984375
178.27406311035156, 93.62752532958984, 1983.333984375
181.52517700195312, 101.17115783691406, 1983.333984375
184.83956909179688, 121.76554107666016, 1983.333984375
188.21701049804688, 142.20022583007812, 1983.333984375
191.65728759765625, 182.57843017578125, 1078.43017578125
198.72535705566406, 202.52174377441406, -701.2958374023438
202.3526611328125, 222.2989959716797, -2420.947509765625
206.0418243408203, 241.90896606445312, -3051.86669921875
209.79257202148438, 261.3509521484375, -5448.2275390625
213.60467529296875, 280.6246032714844, -7000.0
217.4778289794922, 299.73291015625, -7000.0
221.41180419921875, 318.6822204589844, -7000.0
225.4063262939453, 334.70361328125, -7000.0
229.46109008789062, 331.7969055175781, -7000.0
233.5758514404297, 302.6374816894531, -7000.0
237.75030517578125, 273.48016357421875, -7000.0
241.98416137695312, 244.3258514404297, -3564.777099609375
246.27716064453125, 215.17593383789062, -1106.6185302734375
250.62896728515625, 186.03224182128906, 1983.333984375
255.03929138183594, 167.3763885498047, 1983.333984375
259.5078430175781, 175.3922576904297, 1983.333984375
264.0343017578125, 215.22640991210938, 1983.333984375
273.2597351074219, 234.89540100097656, 1983.333984375
277.9580383300781, 273.7297668457031, 886.4227905273438
287.5242614746094, 292.8975524902344, -981.6618041992188
292.3915100097656, 330.74285888671875, -2616.602294921875
302.2926025390625, 349.4234619140625, -4531.67724609375
307.3257751464844, 386.30645751953125, -5488.57275390625
317.55560302734375, 401.74029541015625, -7000.0
322.7515869140625, 398.42730712890625, -7000.0
328.0010986328125, 369.2643127441406, -7000.0
333.3038024902344, 340.1023864746094, -4079.310546875
338.6593322753906, 310.9420166015625, -179.59359741210938
344.06732177734375, 281.78369140625, 1983.333984375
349.52740478515625, 261.0204772949219, 1983.333984375
355.0392150878906, 264.66314697265625, 1983.333984375
360.6023254394531, 283.9086608886719, 1983.333984375
366.2164001464844, 302.99273681640625, 1983.333984375
371.8810119628906, 321.91156005859375, 1983.333984375
377.5958251953125, 340.6721496582031, 1983.333984375
383.3603820800781, 359.2728271484375, 1983.333984375
389.1743469238281, 377.7142333984375, 1124.8887939453125
395.0372619628906, 395.9961242675781, -152.41017150878906
400.9487609863281, 414.121826171875, -1132.0946044921875
406.908447265625, 432.094482421875, -3437.96875
412.9158630371094, 467.57745361328125, -3058.65380859375
425.07232666015625, 482.3138732910156, -6111.44091796875
431.22052001953125, 449.34820556640625, -3507.576171875
443.65472412109375, 420.1833190917969, -125.4129867553711
449.93988037109375, 370.2657165527344, 1983.333984375
462.64410400390625, 365.88677978515625, 1983.333984375
469.06231689453125, 387.5904846191406, 1983.333984375
482.0287170410156, 405.7853088378906, 1983.333984375
488.5760192871094, 423.8273620605469, 1983.333984375
495.1654357910156, 441.7133483886719, 1983.333984375
501.7965393066406, 459.4496765136719, 1983.333984375
508.4688720703125, 477.032958984375, 1983.333984375
515.1819458007812, 494.4632873535156, 1983.333984375
521.935302734375, 511.75042724609375, 1107.7568359375
528.728515625, 528.8876342773438, 50.76446533203125
535.56103515625, 545.8750610351562, -613.6093139648438
542.4324951171875, 562.716064453125, -2385.88232421875
549.3424072265625, 576.6317138671875, -2045.1402587890625
556.2902221679688, 580.6962890625, -1391.359375
563.2754516601562, 567.8939208984375, -1331.7174072265625
570.2977294921875, 538.726806640625, 432.4261474609375
577.3565063476562, 517.9844360351562, 1983.333984375
584.4512329101562, 537.9649658203125, 1983.333984375
598.7468872070312, 554.8753662109375, 1983.333984375
605.9467163085938, 571.642822265625, 1983.333984375
613.1806030273438, 588.264404296875, 1983.333984375
620.4480590820312, 604.7454833984375, 1829.3525390625
627.74853515625, 621.0867919921875, 664.2443237304688
635.08154296875, 637.2881469726562, -499.733154296875
642.4466552734375, 653.3496704101562, -1204.6678466796875
649.8432006835938, 669.2711791992188, -2850.089599609375
657.2708129882812, 685.05615234375, -2543.528564453125
664.7289428710938, 700.7078857421875, -3190.0712890625
672.217041015625, 713.4362182617188, -4404.01611328125
679.734619140625, 708.2852172851562, -4107.25634765625
687.2811279296875, 679.1157836914062, -2449.385498046875
694.8560791015625, 649.9464721679688, 1005.13037109375
702.458984375, 631.829833984375, 1983.333984375
717.7463989257812, 647.9340209960938, 1983.333984375
725.4298706054688, 679.7364501953125, 1983.333984375
740.8737182617188, 695.4313354492188, 1983.333984375
748.633056640625, 726.4180297851562, 1412.4029541015625
764.2237548828125, 741.7131958007812, 1983.333984375
772.0540771484375, 771.91357421875, 1135.7120361328125
787.781982421875, 786.81884765625, 456.59112548828125
795.6785278320312, 813.4510498046875, -75.1101303100586
811.5338745117188, 819.8109130859375, -501.0200500488281
819.4916381835938, 822.4828491210938, -300.62420654296875
827.4686889648438, 818.10302734375, 84.49300384521484
835.4645385742188, 813.7232666015625, 920.3639526367188
843.4786376953125, 813.01318359375, 1983.333984375
851.5104370117188, 822.1692504882812, 1983.333984375
859.559326171875, 836.6441040039062, 1983.333984375
867.624755859375, 850.9926147460938, 1983.333984375
875.7062377929688, 865.2213134765625, 1486.0718994140625
883.8031616210938, 879.3300170898438, 339.40093994140625
891.9149780273438, 893.3187866210938, -466.79083251953125
900.0411376953125, 907.1876831054688, -743.9027709960938
908.1810913085938, 920.9365234375, -1649.07958984375
916.334228515625, 934.5654296875, -3135.67626953125
924.5000610351562, 948.07763671875, -2333.570068359375
932.677978515625, 961.4766235351562, -2169.084228515625
940.8673706054688, 974.7589721679688, -2595.682373046875
949.0678100585938, 978.3961791992188, -3635.987548828125
965.4992065429688, 949.2266845703125, -1074.1937255859375
973.7291259765625, 924.145263671875, 267.12823486328125
990.2144165039062, 919.7653198242188, 1983.333984375
998.46875, 935.1710205078125, 1983.333984375
1014.9977416992188, 948.6796264648438, 1983.333984375
1023.2713012695312, 975.3505859375, 1983.333984375
1039.833740234375, 988.5128784179688, 1983.333984375
1048.1214599609375, 1014.5045776367188, 1983.333984375
1064.70703125, 1027.326904296875, 1983.333984375
1073.0037841796875, 1040.0426025390625, 1983.333984375
1081.3023681640625, 1052.655029296875, 1983.333984375
1089.602294921875, 1065.157470703125, 1983.333984375
1097.90283203125, 1077.5498046875, 1983.333984375
1106.20361328125, 1089.8358154296875, 1983.333984375
1114.50390625, 1102.0181884765625, 1946.6212158203125
1122.80322265625, 1114.093994140625, 1491.3494873046875
1131.1009521484375, 1126.0699462890625, 649.6095581054688
1139.3966064453125, 1137.9422607421875, 394.3168640136719
1147.689453125, 1149.7080078125, -234.14987182617188
1155.97900390625, 1158.570556640625, -1.218115210533142
1164.2647705078125, 1161.2860107421875, -26.51444435119629
1172.546142578125, 1160.6942138671875, 964.4393920898438
1180.8223876953125, 1158.8961181640625, 1983.333984375
1189.0931396484375, 1162.13134765625, 1983.333984375
1197.3577880859375, 1168.305908203125, 1983.333984375
1205.6156005859375, 1191.2205810546875, 1419.2303466796875
1222.1090087890625, 1202.536376953125, 1983.333984375
1230.3433837890625, 1224.8712158203125, 941.5214233398438
1246.78466796875, 1235.8970947265625, 905.0921020507812
1254.9903564453125, 1257.662353515625, 425.3273010253906
1271.369140625, 1268.401611328125, 482.2241516113281
1279.5411376953125, 1289.610595703125, -368.4468994140625
1295.8475341796875, 1297.271728515625, -746.16015625
1303.980712890625, 1298.798095703125, -653.567626953125
1320.204345703125, 1298.8482666015625, 649.7335205078125
1328.293701171875, 1298.8983154296875, 1983.333984375
1336.3673095703125, 1302.4951171875, 1983.333984375
1344.4246826171875, 1312.85400390625, 1983.333984375
1352.465087890625, 1323.1231689453125, 1983.333984375
1360.4881591796875, 1333.30224609375, 1983.333984375
1368.493408203125, 1343.3948974609375, 1983.333984375
1376.47998046875, 1353.404052734375, 1983.333984375
1384.4476318359375, 1363.326904296875, 1983.333984375
1392.3956298828125, 1373.1663818359375, 1983.333984375
1400.323486328125, 1382.919189453125, 1983.333984375
1408.2305908203125, 1392.5885009765625, 1983.333984375
1416.1165771484375, 1401.8692626953125, 1983.333984375
1423.980712890625, 1410.3856201171875, 1983.333984375
1431.822509765625, 1426.9061279296875, 1234.2506103515625
1447.43701171875, 1435.16650390625, 1655.5103759765625
1455.2086181640625, 1443.4267578125, 1983.333984375
1462.9556884765625, 1451.6868896484375, 1983.333984375
1470.6778564453125, 1459.9471435546875, 1983.333984375
1478.37451171875, 1468.20751953125, 1983.333984375
1486.044921875, 1476.4677734375, 1983.333984375
1493.6888427734375, 1492.98876953125, 993.083251953125
1508.894775390625, 1501.2490234375, 897.3211669921875
1516.455810546875, 1509.5093994140625, 726.3515014648438
1523.988037109375, 1517.7696533203125, 480.6378479003906
1531.4910888671875, 1526.030029296875, 1102.661865234375
1538.9644775390625, 1534.2904052734375, 661.446533203125
1546.407470703125, 1539.7103271484375, 473.8964538574219
1553.81982421875, 1542.5517578125, 818.908447265625
