1933.43310546875, 1924.1103515625, 1078.7249755859375
1937.9915771484375, 1925.9345703125, 1474.4271240234375
1942.4921875, 1930.5543212890625, 1836.666748046875
1946.934814453125, 1934.3809814453125, 1983.333984375
1951.319091796875, 1942.6275634765625, 1943.523193359375
1955.6446533203125, 1950.8778076171875, 1454.81640625
1959.911376953125, 1959.127197265625, 533.6088256835938
1964.1187744140625, 1967.381591796875, 136.9592742919922
1968.2666015625, 1975.6380615234375, -212.01437377929688
1972.3546142578125, 1983.8935546875, -1019.50341796875
1976.382568359375, 1992.148193359375, -2268.81298828125
1980.35009765625, 2000.4088134765625, -1118.740966796875
1984.257080078125, 2008.6719970703125, -3348.8671875
1988.10302734375, 2016.934814453125, -3144.234130859375
1991.8878173828125, 2025.197021484375, -3459.80126953125
1995.611083984375, 2028.07568359375, -3660.5244140625
1999.272705078125, 2009.0654296875, -1254.4285888671875
2002.872314453125, 1979.894287109375, 517.3938598632812
2006.4097900390625, 1950.7227783203125, 1983.333984375
2009.884765625, 1945.947998046875, 1983.333984375
2013.2969970703125, 1954.2061767578125, 1983.333984375
2016.6463623046875, 1962.4637451171875, 1983.333984375
2019.9326171875, 1970.720703125, 1983.333984375
2023.1553955078125, 1978.9771728515625, 1983.333984375
2026.3145751953125, 1987.23388671875, 1983.333984375
2029.4100341796875, 1995.49072265625, 1983.333984375
2032.4412841796875, 2003.747314453125, 1983.333984375
2035.408447265625, 2012.0040283203125, 1983.333984375
2038.31103515625, 2020.2608642578125, 1983.333984375
2041.1490478515625, 2028.5179443359375, 1983.333984375
2043.922119140625, 2036.7752685546875, 1784.2308349609375
2046.6302490234375, 2045.03271484375, 959.6583862304688
2049.273193359375, 2053.290771484375, 475.7651672363281
2051.8505859375, 2061.548828125, -136.21286010742188
2054.362548828125, 2069.807373046875, -1375.3272705078125
2056.80859375, 2072.677978515625, -2600.9638671875
2059.188720703125, 2069.8193359375, -3166.00830078125
2061.5029296875, 2065.4375, -2936.485595703125
2063.750732421875, 2061.056884765625, -1959.8082275390625
2065.932373046875, 2056.675537109375, -280.8501281738281
2068.047119140625, 2052.294677734375, 617.6514282226562
2070.095458984375, 2047.913818359375, 1983.333984375
2072.07666015625, 2051.78173828125, 1983.333984375
2073.990966796875, 2060.041015625, 1983.333984375
2075.83837890625, 2068.30078125, 1828.349609375
2077.618408203125, 2076.560791015625, 939.4998779296875
2079.3310546875, 2084.820556640625, 287.90576171875
2080.976318359375, 2093.08056640625, -590.3468017578125
2082.553955078125, 2101.340576171875, -2189.408935546875
2084.063720703125, 2109.6005859375, -1654.813720703125
2085.505859375, 2117.860595703125, -1927.177490234375
2086.880126953125, 2126.120849609375, -2973.975830078125
2088.186279296875, 2134.380859375, -4764.25439453125
2089.42431640625, 2142.641357421875, -7000.0
2090.59423828125, 2145.508056640625, -7000.0
2091.69580078125, 2126.46044921875, -7000.0
2092.729248046875, 2097.28955078125, -3824.08544921875
2093.694091796875, 2068.119140625, -184.4090118408203
2094.590576171875, 2038.948486328125, 1983.333984375
2095.418701171875, 2025.96875, 1983.333984375
2096.177978515625, 2029.84423828125, 1983.333984375
2096.86865234375, 2038.1043701171875, 1983.333984375
2097.49072265625, 2046.364501953125, 1983.333984375
2098.0439453125, 2054.62451171875, 1983.333984375
2098.528564453125, 2062.884521484375, 1983.333984375
2098.9443359375, 2071.144775390625, 1983.333984375
2099.291259765625, 2079.405029296875, 1983.333984375
2099.5693359375, 2087.665283203125, 1983.333984375
2099.7783203125, 2095.926025390625, 1406.6058349609375
2099.918701171875, 2104.186279296875, 871.5299682617188
2099.989990234375, 2112.4462890625, -76.13921356201172
2099.99267578125, 2120.70654296875, -1921.4234619140625
2099.92626953125, 2123.568359375, -1183.291748046875
2099.790771484375, 2120.705810546875, -2996.1298828125
2099.586669921875, 2100.12255859375, -2386.04833984375
2099.3134765625, 2087.156005859375, -353.8091125488281
2098.9716796875, 2082.77587890625, 599.1094970703125
2098.560791015625, 2078.39599609375, 1958.6217041015625
2098.081298828125, 2082.27880859375, 1983.333984375
2097.532958984375, 2098.798828125, 881.9542846679688
2096.230224609375, 2107.05908203125, -377.78021240234375
2095.475830078125, 2115.319091796875, -2108.39990234375
2094.65283203125, 2123.579345703125, -1965.734619140625
2093.76123046875, 2131.83935546875, -2877.549072265625
2092.80126953125, 2140.099853515625, -4798.9990234375
2091.77294921875, 2148.360107421875, -7000.0
2090.676025390625, 2156.620361328125, -7000.0
2089.51123046875, 2164.88037109375, -7000.0
2088.278076171875, 2173.140625, -7000.0
2086.976806640625, 2175.998046875, -7000.0
2085.607421875, 2156.916748046875, -7000.0
2084.170166015625, 2127.74609375, -7000.0
2082.665283203125, 2098.57568359375, -5123.04296875
2081.092529296875, 2069.405029296875, -3007.7685546875
2079.4521484375, 2040.2344970703125, 712.4494018554688
2077.744384765625, 2027.2838134765625, 1983.333984375
2075.96923828125, 2031.1741943359375, 1983.333984375
2074.126953125, 2039.434326171875, 1983.333984375
2072.21728515625, 2047.6943359375, 1983.333984375
2070.24072265625, 2055.95458984375, 1983.333984375
2068.197509765625, 2064.214599609375, 1421.41455078125
2066.08740234375, 2072.474609375, 642.8452758789062
2063.91064453125, 2080.73486328125, -793.4248657226562
2061.667724609375, 2088.9951171875, -3359.910888671875
2059.3583984375, 2097.255126953125, -4181.39599609375
2056.98291015625, 2105.51513671875, -6178.97998046875
2054.54150390625, 2113.775634765625, -7000.0
2052.034423828125, 2122.035888671875, -7000.0
2049.461669921875, 2124.88818359375, -7000.0
2046.823486328125, 2105.7900390625, -7000.0
2044.1201171875, 2076.61962890625, -7000.0
2041.3515625, 2047.448974609375, -4000.198486328125
2038.518310546875, 2018.2783203125, -962.5107421875
2035.620361328125, 1989.107666015625, 1983.333984375
2032.6578369140625, 1976.1717529296875, 1983.333984375
2029.6312255859375, 1980.0694580078125, 1983.333984375
2026.5404052734375, 1988.3294677734375, 1983.333984375
2023.3858642578125, 1996.589599609375, 1983.333984375
2020.1676025390625, 2004.8497314453125, 1983.333984375
2016.885986328125, 2013.10986328125, 1397.52490234375
2013.5411376953125, 2021.3699951171875, 454.96185302734375
2010.1334228515625, 2029.630126953125, -1277.995849609375
2006.6629638671875, 2037.890380859375, -1440.5589599609375
2003.1300048828125, 2046.150634765625, -2944.6650390625
1999.534912109375, 2054.4111328125, -5730.36083984375
1995.8778076171875, 2062.67138671875, -7000.0
1992.158935546875, 2070.931640625, -7000.0
1988.3785400390625, 2073.77880859375, -7000.0
1984.5369873046875, 2054.662353515625, -7000.0
1980.634521484375, 2025.4918212890625, -7000.0
1976.67138671875, 1996.3212890625, -5551.4638671875
1972.6478271484375, 1967.150634765625, -1297.4559326171875
1968.5640869140625, 1937.97998046875, 1348.7294921875
1964.4205322265625, 1908.8095703125, 1983.333984375
1960.2174072265625, 1904.175537109375, 1983.333984375
1955.955078125, 1912.435546875, 1983.333984375
1951.6336669921875, 1920.695556640625, 1983.333984375
1947.253662109375, 1928.95556640625, 1983.333984375
1942.815185546875, 1937.2156982421875, 1605.8682861328125
1938.3187255859375, 1945.475830078125, 729.4329223632812
1933.7645263671875, 1953.736083984375, -1071.9151611328125
1929.1527099609375, 1961.9962158203125, -1430.07470703125
1924.48388671875, 1970.2564697265625, -3249.979248046875
1919.75830078125, 1978.5166015625, -6465.03759765625
1914.9761962890625, 1986.7767333984375, -7000.0
1910.137939453125, 1995.0369873046875, -7000.0
1905.2437744140625, 1997.8795166015625, -7000.0
1900.294189453125, 1978.7459716796875, -7000.0
1895.2894287109375, 1949.5753173828125, -7000.0
1890.22998046875, 1920.4049072265625, -6756.34423828125
1885.115966796875, 1891.234375, -3771.770751953125
1879.9478759765625, 1862.063720703125, -1015.7932739257812
1874.72607421875, 1832.8931884765625, 1983.333984375
1869.450927734375, 1819.98779296875, 1983.333984375
1864.1226806640625, 1815.607666015625, 1983.333984375
1858.7418212890625, 1819.5216064453125, 1983.333984375
1853.3087158203125, 1827.78173828125, 1983.333984375
1847.82373046875, 1836.041748046875, 1983.333984375
1842.287109375, 1844.3018798828125, 734.0755004882812
1836.699462890625, 1852.5623779296875, -597.701904296875
1831.0609130859375, 1860.822509765625, -3453.525390625
1825.3720703125, 1869.08251953125, -4936.68505859375
1819.63330078125, 1877.3426513671875, -7000.0
1813.8448486328125, 1885.6029052734375, -7000.0
1808.0072021484375, 1893.863037109375, -7000.0
1802.120849609375, 1902.1231689453125, -7000.0
1796.1861572265625, 1910.3834228515625, -7000.0
1790.203369140625, 1913.2203369140625, -7000.0
1784.173095703125, 1894.0667724609375, -7000.0
1778.095703125, 1864.896240234375, -7000.0
1771.9715576171875, 1835.7257080078125, -7000.0
1765.8011474609375, 1806.55517578125, -7000.0
1759.584716796875, 1777.384765625, -5340.6484375
1753.322998046875, 1748.214111328125, -1142.2506103515625
1747.0162353515625, 1719.0435791015625, 1196.6868896484375
1740.664794921875, 1689.873046875, 1983.333984375
1734.269287109375, 1685.2889404296875, 1983.333984375
1727.830078125, 1693.548828125, 1983.333984375
1721.34765625, 1701.808837890625, 1983.333984375
1714.8223876953125, 1710.0689697265625, 1508.3953857421875
1708.2547607421875, 1718.3292236328125, 302.30792236328125
1701.6451416015625, 1726.5892333984375, -2047.4324951171875
1694.994140625, 1734.849365234375, -3160.22265625
1688.3021240234375, 1743.1094970703125, -5928.56005859375
1681.569580078125, 1751.36962890625, -7000.0
1674.7969970703125, 1767.8900146484375, -7000.0
1661.1334228515625, 1776.150146484375, -7000.0
1654.243408203125, 1778.981689453125, -7000.0
1647.315185546875, 1759.8092041015625, -7000.0
1640.3492431640625, 1730.6387939453125, -7000.0
1633.3460693359375, 1701.4683837890625, -7000.0
1626.30615234375, 1672.2978515625, -7000.0
1619.2301025390625, 1643.12744140625, -6038.98193359375
1612.1180419921875, 1613.95703125, -2601.599609375
1604.9708251953125, 1584.78662109375, -139.5071258544922
1597.788818359375, 1555.6162109375, 1983.333984375
1590.572509765625, 1545.6253662109375, 1983.333984375
1583.3223876953125, 1551.0567626953125, 1983.333984375
1576.0389404296875, 1559.3167724609375, 1983.333984375
1568.7227783203125, 1567.57666015625, 1095.0057373046875
1561.374267578125, 1575.8367919921875, -95.35775756835938
1553.993896484375, 1584.096923828125, -3016.198486328125
1546.5823974609375, 1592.357177734375, -4758.5849609375
1539.1400146484375, 1600.617431640625, -7000.0
1531.6673583984375, 1608.87744140625, -7000.0
1524.1650390625, 1617.1376953125, -7000.0
1516.6334228515625, 1625.3978271484375, -7000.0
1509.0731201171875, 1633.657958984375, -7000.0
1501.484619140625, 1641.9180908203125, -7000.0
1493.8685302734375, 1644.743408203125, -7000.0
1486.2252197265625, 1625.549072265625, -7000.0
1478.5552978515625, 1596.3778076171875, -7000.0
1470.859375, 1567.2073974609375, -7000.0
1463.1378173828125, 1538.0367431640625, -7000.0
1455.3912353515625, 1508.8663330078125, -7000.0
1447.6202392578125, 1479.696044921875, -6975.57080078125
1439.8251953125, 1450.525634765625, -4505.875
1432.0068359375, 1421.35400390625, -2542.20703125
1424.16552734375, 1392.1837158203125, 1105.67138671875
1416.3018798828125, 1379.33447265625, 1983.333984375
1408.41650390625, 1378.8389892578125, 1983.333984375
1400.509765625, 1385.744873046875, 1983.333984375
1392.5823974609375, 1395.39208984375, 484.09051513671875
1384.6348876953125, 1404.39306640625, -1282.4000244140625
1376.667724609375, 1412.7965087890625, -2007.8695068359375
1368.6815185546875, 1421.0565185546875, -4556.64892578125
1360.6768798828125, 1429.3165283203125, -7000.0
1352.6541748046875, 1437.57666015625, -7000.0
1344.6141357421875, 1445.8367919921875, -7000.0
1336.55712890625, 1454.096923828125, -7000.0
1328.48388671875, 1462.3570556640625, -7000.0
1320.3948974609375, 1470.6171875, -7000.0
1312.290771484375, 1478.8770751953125, -7000.0
1304.1719970703125, 1481.69580078125, -7000.0
1296.0390625, 1462.477783203125, -7000.0
1287.8927001953125, 1433.3076171875, -7000.0
1279.7333984375, 1404.1373291015625, -7000.0
1271.5616455078125, 1374.967041015625, -7000.0
1263.378173828125, 1345.7967529296875, -7000.0
1255.183349609375, 1316.6253662109375, -7000.0
1246.9779052734375, 1287.455078125, -7000.0
1238.7623291015625, 1258.2847900390625, -5539.3515625
1230.537109375, 1229.1146240234375, -1754.7047119140625
1222.302978515625, 1170.7742919921875, 915.3923950195312
1205.8099365234375, 1141.604248046875, 1983.333984375
1197.55224609375, 1134.05712890625, 1983.333984375
1189.2877197265625, 1143.0665283203125, 1983.333984375
1181.01708984375, 1154.790283203125, 1983.333984375
1172.740966796875, 1166.414306640625, 1305.28271484375
1164.459716796875, 1177.9383544921875, -652.1798706054688
1156.174072265625, 1189.3621826171875, -1073.3074951171875
1147.8846435546875, 1200.6864013671875, -3718.075439453125
1139.591796875, 1211.9171142578125, -7000.0
1131.2962646484375, 1223.0511474609375, -7000.0
1122.99853515625, 1234.0919189453125, -7000.0
1114.69921875, 1245.0360107421875, -7000.0
1106.39892578125, 1255.8944091796875, -7000.0
1098.0982666015625, 1266.6551513671875, -7000.0
1089.797607421875, 1271.9111328125, -7000.0
1081.4976806640625, 1253.476806640625, -7000.0
1073.1990966796875, 1224.3070068359375, -7000.0
1064.90234375, 1195.1368408203125, -7000.0
1056.60791015625, 1165.9669189453125, -7000.0
1048.3165283203125, 1136.7967529296875, -7000.0
1040.02880859375, 1107.6265869140625, -7000.0
1031.7451171875, 1078.4566650390625, -7000.0
1023.4661254882812, 1049.2867431640625, -6260.61865234375
1015.1923828125, 1020.1168823242188, -3166.741943359375
1006.924560546875, 990.9470825195312, -661.67431640625
998.6630859375, 961.7761840820312, 1983.333984375
990.4086303710938, 932.6065063476562, 1983.333984375
982.1617431640625, 931.704345703125, 1983.333984375
973.9229125976562, 945.2411499023438, 1983.333984375
965.6928100585938, 958.6614990234375, 1182.7576904296875
957.4719848632812, 971.9685668945312, -17.56769371032715
949.2609252929688, 985.1591186523438, -3607.228271484375
941.060302734375, 998.2362670898438, -6626.3271484375
932.87060546875, 1011.2035522460938, -7000.0
924.6923828125, 1024.0606689453125, -7000.0
916.5263061523438, 1036.8079833984375, -7000.0
908.3728637695312, 1049.4453125, -7000.0
900.2326049804688, 1061.972412109375, -7000.0
892.1061401367188, 1074.3897705078125, -7000.0
883.9939575195312, 1081.282470703125, -7000.0
875.8966674804688, 1063.3785400390625, -7000.0
867.8148193359375, 1034.2088623046875, -7000.0
859.7489624023438, 1005.0391235351562, -7000.0
851.69970703125, 975.8694458007812, -7000.0
843.6675415039062, 946.6986083984375, -7000.0
835.6530151367188, 917.5289306640625, -7000.0
827.6566772460938, 888.3594970703125, -7000.0
819.6791381835938, 859.18994140625, -7000.0
811.720947265625, 830.0205688476562, -5399.97412109375
803.7825927734375, 800.851318359375, -1450.108642578125
795.8646240234375, 771.68212890625, 643.3162231445312
787.9676513671875, 742.5131225585938, 1983.333984375
780.0921020507812, 737.3059692382812, 1983.333984375
772.2386474609375, 749.734130859375, 1983.333984375
764.4078369140625, 764.8272094726562, 1082.7977294921875
756.6000366210938, 779.7904663085938, -1107.4730224609375
748.8159790039062, 794.6304321289062, -2951.2890625
741.0560913085938, 809.343994140625, -7000.0
733.3209228515625, 823.9276123046875, -7000.0
725.6110229492188, 838.3878784179688, -7000.0
717.9269409179688, 852.7216186523438, -7000.0
710.2691650390625, 866.9324340820312, -7000.0
702.6382446289062, 881.022705078125, -7000.0
695.0347290039062, 894.9931030273438, -7000.0
687.4591064453125, 908.8433837890625, -7000.0
679.9119262695312, 917.1522216796875, -7000.0
672.3936157226562, 899.6993408203125, -7000.0
664.9048461914062, 870.530029296875, -7000.0
657.446044921875, 841.3607788085938, -7000.0
650.0177001953125, 812.1915283203125, -7000.0
642.620361328125, 783.0223999023438, -7000.0
635.2545776367188, 753.8533325195312, -7000.0
627.9207763671875, 724.6843872070312, -7000.0
620.6195068359375, 695.5156860351562, -7000.0
613.351318359375, 666.3471069335938, -7000.0
606.1165771484375, 637.1787109375, -6860.1103515625
598.9159545898438, 608.0106201171875, -4212.94287109375
591.7498168945312, 578.8428344726562, -2006.00341796875
584.61865234375, 549.6754150390625, 1130.9898681640625
577.5230712890625, 536.9288940429688, 1983.333984375
570.4634399414062, 541.2403564453125, 1983.333984375
563.4403686523438, 555.358154296875, 910.0257568359375
556.4541625976562, 572.1168212890625, -409.04132080078125
549.5054931640625, 588.732421875, -1533.1019287109375
542.5947265625, 605.208251953125, -5277.63330078125
535.7223510742188, 621.5442504882812, -7000.0
528.8888549804688, 637.740478515625, -7000.0
522.0947265625, 653.7968139648438, -7000.0
515.3404541015625, 669.7132568359375, -7000.0
508.62640380859375, 685.4962768554688, -7000.0
501.953125, 701.1427612304688, -7000.0
495.321044921875, 716.6565551757812, -7000.0
488.73065185546875, 732.039794921875, -7000.0
482.1823425292969, 741.8576049804688, -7000.0
475.6766357421875, 724.8829345703125, -7000.0
469.21392822265625, 695.7144775390625, -7000.0
462.794677734375, 666.5460205078125, -7000.0
456.4193420410156, 637.3778076171875, -7000.0
450.0883483886719, 608.2097778320312, -7000.0
443.8021240234375, 579.0408325195312, -7000.0
437.5611267089844, 549.8733520507812, -7000.0
431.36578369140625, 520.7052612304688, -7000.0
425.21649169921875, 491.53857421875, -7000.0
419.11370849609375, 462.37249755859375, -7000.0
413.0578308105469, 433.20703125, -5609.11083984375
407.0492858886719, 404.04229736328125, -1637.06005859375
401.0885009765625, 374.87860107421875, 313.8044128417969
395.17584228515625, 345.7160949707031, 1983.333984375
389.311767578125, 342.8333435058594, 1983.333984375
383.4966735839844, 358.6525573730469, 1983.333984375
377.7309265136719, 377.09771728515625, 827.8583984375
372.01495361328125, 395.3870849609375, -1367.3521728515625
366.3491516113281, 413.5171203613281, -3350.32763671875
360.73388671875, 431.49432373046875, -7000.0
355.1695556640625, 449.31524658203125, -7000.0
349.65655517578125, 466.9831848144531, -7000.0
344.19525146484375, 484.5013732910156, -7000.0
338.7860412597656, 501.8697814941406, -7000.0
333.42926025390625, 519.0883178710938, -7000.0
328.12530517578125, 536.156982421875, -7000.0
322.87451171875, 553.08251953125, -7000.0
317.67730712890625, 564.4254760742188, -7000.0
312.5339660644531, 547.931884765625, -7000.0
307.4449157714844, 518.7652587890625, -7000.0
302.41046142578125, 489.5988464355469, -7000.0
297.4309387207031, 460.4329528808594, -7000.0
292.5067443847656, 431.2676086425781, -7000.0
287.63818359375, 402.10296630859375, -7000.0
282.8255920410156, 372.9393310546875, -7000.0
278.0693054199219, 343.7768859863281, -7000.0
273.3696594238281, 314.6160583496094, -7000.0
268.7269592285156, 285.4562072753906, -5213.41162109375
264.14154052734375, 256.3002014160156, -3528.827392578125
259.6137390136719, 227.1480255126953, -905.3473510742188
255.143798828125, 198.00135803222656, 1983.333984375
250.7321014404297, 190.5422821044922, 1983.333984375
246.37890625, 204.90988159179688, 1983.333984375
242.08453369140625, 224.66021728515625, 1665.175048828125
237.84927368164062, 244.24392700195312, -403.4860534667969
233.6734161376953, 263.6601257324219, -3289.646240234375
229.5572509765625, 282.9146728515625, -5880.97412109375
225.50106811523438, 302.00408935546875, -7000.0
221.50514221191406, 320.9312438964844, -7000.0
217.56973266601562, 339.69927978515625, -7000.0
213.69512939453125, 358.3079528808594, -7000.0
209.88160705566406, 376.7572021484375, -7000.0
206.12939453125, 395.0469665527344, -7000.0
202.4387969970703, 413.1771545410156, -7000.0
198.81002807617188, 425.7117004394531, -7000.0
195.24334716796875, 409.5893249511719, -7000.0
191.739013671875, 380.42584228515625, -7000.0
188.29727172851562, 351.2633972167969, -7000.0
184.9183349609375, 322.10235595703125, -7000.0
181.6024627685547, 292.9430847167969, -7000.0
178.349853515625, 263.7862548828125, -7000.0
175.1607666015625, 234.6318817138672, -7000.0
172.03538513183594, 205.48358154296875, -7000.0
168.9739532470703, 176.3427276611328, -4133.45703125
165.97666931152344, 147.21383666992188, -1241.1585693359375
163.0437469482422, 118.1056137084961, 1663.4029541015625
160.17538452148438, 105.4621810913086, 1983.333984375
157.37176513671875, 117.67919158935547, 1983.333984375
154.6331024169922, 138.1476593017578, 1484.2420654296875
151.95957946777344, 158.453125, -661.783447265625
149.35137939453125, 178.59396362304688, -3442.79541015625
146.80868530273438, 198.5705108642578, -5838.18212890625
144.3316650390625, 218.37461853027344, -7000.0
141.9204864501953, 238.01504516601562, -7000.0
139.57533264160156, 257.490966796875, -7000.0
137.2963409423828, 276.7986145019531, -7000.0
135.0836944580078, 295.9442138671875, -7000.0
132.93753051757812, 314.9242858886719, -7000.0
130.8579864501953, 333.7419128417969, -7000.0
128.84523010253906, 346.9516906738281, -7000.0
126.8993911743164, 331.0271301269531, -7000.0
125.02059936523438, 301.8676452636719, -7000.0
123.20899200439453, 272.7103271484375, -7000.0
121.46467590332031, 243.55613708496094, -7000.0
119.78778839111328, 214.40618896484375, -7000.0
118.1784439086914, 185.26272583007812, -7000.0
116.63674926757812, 156.12948608398438, -7000.0
115.16280364990234, 127.01355743408203, -4637.3486328125
113.75672149658203, 97.92927551269531, -2041.4052734375
112.41859436035156, 68.92022705078125, 715.8555908203125
111.14851379394531, 56.38028335571289, 1983.333984375
109.94656372070312, 52.05622863769531, 1983.333984375
108.81283569335938, 64.4939956665039, 1983.333984375
107.74739837646484, 85.31937408447266, 1983.333984375
106.75033569335938, 106.02363586425781, 600.1550903320312
105.82170104980469, 126.5839614868164, -1264.1829833984375
104.96157836914062, 146.9840545654297, -2646.776123046875
104.17001342773438, 167.22129821777344, -6370.2685546875
103.44705963134766, 187.28871154785156, -7000.0
102.79277038574219, 207.18743896484375, -7000.0
102.20719909667969, 226.91952514648438, -7000.0
101.69036865234375, 246.48414611816406, -7000.0
101.2423324584961, 265.8807067871094, -7000.0
100.86311340332031, 285.115478515625, -7000.0
100.552734375, 298.7303466796875, -7000.0
100.31121826171875, 282.9124755859375, -7000.0
100.13858032226562, 253.7573699951172, -7000.0
100.03484344482422, 224.60597229003906, -7000.0
100.0, 195.4602508544922, -7000.0
100.03406524658203, 166.32301330566406, -7000.0
100.13702392578125, 137.1998748779297, -7000.0
100.30888366699219, 108.10250091552734, -4167.21435546875
100.54961395263672, 79.05824279785156, -936.274169921875
100.85922241210938, 50.163543701171875, 1983.333984375
101.23766326904297, 37.77242660522461, 1983.333984375
101.68492889404297, 50.20285415649414, 1983.333984375
102.20097351074219, 71.0787353515625, 1983.333984375
102.78577423095703, 91.87915802001953, 815.28759765625
103.43928527832031, 112.54534912109375, -1630.9212646484375
104.16146087646484, 133.05526733398438, -1489.7442626953125
104.9522476196289, 153.40602111816406, -3598.279052734375
105.81160736083984, 173.58901977539062, -7000.0
106.73945617675781, 193.60536193847656, -7000.0
107.73575592041016, 213.45510864257812, -7000.0
108.8004150390625, 233.137939453125, -7000.0
109.9333724975586, 252.65310668945312, -7000.0
111.13455200195312, 272.0000915527344, -7000.0
112.40386199951172, 285.7178039550781, -7000.0
113.74122619628906, 269.9058837890625, -7000.0
115.14653778076172, 240.75241088867188, -7000.0
116.61971282958984, 211.60330200195312, -7000.0
118.16064453125, 182.46099853515625, -7000.0
119.76923370361328, 153.32920837402344, -7000.0
121.44535827636719, 124.21553802490234, -3597.357177734375
123.18890380859375, 95.13694763183594, -1579.444580078125
124.999755859375, 66.13970947265625, 1983.333984375
126.87779235839844, 56.7331428527832, 1983.333984375
128.8228759765625, 70.74011993408203, 1983.333984375
130.8348846435547, 91.5371322631836, 1983.333984375
132.91366577148438, 112.20154571533203, 1949.251953125
135.05906677246094, 132.71066284179688, 771.4871826171875
137.27096557617188, 153.0606689453125, -537.9671630859375
139.54920959472656, 173.2432403564453, -1007.8836669921875
141.89361572265625, 193.25863647460938, -3479.07568359375
144.30404663085938, 213.10821533203125, -7000.0
146.78033447265625, 232.7908935546875, -7000.0
149.32228088378906, 252.30593872070312, -7000.0
151.92974853515625, 271.6594543457031, -7000.0
154.6025390625, 290.8476867675781, -7000.0
157.34046936035156, 304.4005126953125, -7000.0
160.14334106445312, 288.50726318359375, -7000.0
163.010986328125, 259.3515625, -7000.0
165.94317626953125, 230.1992645263672, -7000.0
168.93972778320312, 201.05226135253906, -6968.40380859375
172.0004425048828, 171.91302490234375, -3249.725830078125
175.12509155273438, 142.78651428222656, -726.7127685546875
178.3134765625, 113.68277740478516, 1983.333984375
181.5653533935547, 107.94573974609375, 1983.333984375
184.88052368164062, 123.60087585449219, 1983.333984375
188.2587432861328, 144.02310180664062, 1983.333984375
191.6997833251953, 164.28073120117188, 1983.333984375
195.2034149169922, 184.37286376953125, 874.5494384765625
198.76937866210938, 204.30018615722656, -1091.891357421875
202.39744567871094, 224.06137084960938, -2988.724365234375
206.0873565673828, 243.6553192138672, -3786.024658203125
209.8388671875, 263.081298828125, -6338.6328125
213.65170288085938, 282.3388366699219, -7000.0
217.52561950683594, 301.4343566894531, -7000.0
221.46034240722656, 320.3708801269531, -7000.0
225.45558166503906, 339.14154052734375, -7000.0
229.51109313964844, 352.277099609375, -7000.0
233.6265869140625, 336.22021484375, -7000.0
237.8017578125, 307.0603942871094, -7000.0
242.03636169433594, 277.9026184082031, -7000.0
246.33006286621094, 248.74774169921875, -3573.740966796875
250.68258666992188, 219.59689331054688, -1112.967529296875
255.09364318847656, 190.45204162597656, 1983.333984375
259.5628967285156, 181.97320556640625, 1983.333984375
264.0900573730469, 195.8881072998047, 1983.333984375
268.6748352050781, 215.71617126464844, 1983.333984375
273.31689453125, 235.3780059814453, 1983.333984375
278.0158996582031, 254.87257385253906, 1983.333984375
282.77154541015625, 274.1990966796875, 696.9706420898438
287.58349609375, 293.3646240234375, -1207.88134765625
292.451416015625, 312.3646545410156, -2903.32470703125
297.375, 331.20159912109375, -3280.871337890625
302.3538818359375, 349.8792724609375, -5207.89990234375
307.3877258300781, 368.3975830078125, -7000.0
312.4761657714844, 386.75640869140625, -7000.0
317.6188659667969, 404.9623718261719, -7000.0
322.81549072265625, 417.5332946777344, -7000.0
328.065673828125, 401.2622375488281, -7000.0
333.3690185546875, 372.0990905761719, -7000.0
338.7252197265625, 342.93701171875, -3783.333251953125
344.13385009765625, 313.7764587402344, -1308.720947265625
349.5945739746094, 284.61785888671875, 1983.333984375
355.10699462890625, 275.1507873535156, 1983.333984375
360.6707458496094, 288.0552062988281, 1983.333984375
366.2854309082031, 307.09967041015625, 1983.333984375
371.9506530761719, 325.9856262207031, 1983.333984375
377.66607666015625, 344.71270751953125, 1983.333984375
383.4312438964844, 363.2804870605469, 1983.333984375
389.2458190917969, 381.6890563964844, 681.9524536132812
395.1093444824219, 399.9381103515625, -1012.330078125
401.02142333984375, 418.02764892578125, -2387.785888671875
406.981689453125, 435.96417236328125, -2239.1806640625
412.98968505859375, 453.7516784667969, -3446.415283203125
419.0450134277344, 471.3820495605469, -5918.2724609375
425.14727783203125, 488.8594055175781, -7000.0
431.2960510253906, 500.7026062011719, -7000.0
437.4908752441406, 484.1683349609375, -7000.0
443.73138427734375, 455.00274658203125, -4593.79443359375
450.0170593261719, 425.8365783691406, -1076.2630615234375
456.3475646972656, 396.67236328125, 1983.333984375
462.722412109375, 384.1136779785156, 1983.333984375
469.1411437988281, 394.8860778808594, 1983.333984375
475.6033630371094, 413.021240234375, 1983.333984375
482.1086120605469, 431.00042724609375, 1983.333984375
488.65643310546875, 448.8268127441406, 1983.333984375
495.2463684082031, 466.5035705566406, 1983.333984375
501.8779602050781, 484.0240478515625, 1958.677978515625
508.55078125, 501.3914794921875, 728.0541381835938
515.2643432617188, 518.61572265625, -685.231201171875
522.0181884765625, 535.6934204101562, -1697.3946533203125
528.8118896484375, 552.6213989257812, -992.68505859375
535.6449584960938, 569.4061279296875, -1462.2745361328125
542.516845703125, 586.0443115234375, -3026.234130859375
549.4271850585938, 597.0498046875, -4980.63916015625
556.37548828125, 580.2183837890625, -4115.60205078125
563.3612060546875, 551.05126953125, -1982.174072265625
570.3839111328125, 521.88427734375, 1735.642333984375
577.443115234375, 509.3374328613281, 1983.333984375
584.538330078125, 504.9580078125, 1983.333984375
591.6690063476562, 515.0535888671875, 1983.333984375
598.8347778320312, 532.1605834960938, 1983.333984375
606.0350341796875, 549.1180419921875, 1983.333984375
613.2693481445312, 565.9325561523438, 1983.333984375
620.5372314453125, 582.6004638671875, 1983.333984375
627.838134765625, 599.1253051757812, 1983.333984375
635.1715087890625, 615.51025390625, 1983.333984375
642.5369873046875, 631.75537109375, 1292.4102783203125
649.9339599609375, 647.8604736328125, 597.1435546875
657.3619384765625, 663.8257446289062, -1024.8968505859375
664.8203735351562, 679.6577758789062, -2153.964111328125
672.308837890625, 695.3531494140625, -1339.6405029296875
679.8267822265625, 705.4209594726562, -857.8087158203125
687.3736572265625, 704.8944702148438, -2302.2548828125
694.948974609375, 683.8819580078125, -402.546142578125
702.5521850585938, 671.3473510742188, 1401.9783935546875
710.1828002929688, 666.9677124023438, 1983.333984375
717.8402709960938, 676.1426391601562, 1983.333984375
725.5241088867188, 691.8674926757812, 1983.333984375
733.2337036132812, 707.459228515625, 1983.333984375
740.9685668945312, 722.9212646484375, 1983.333984375
748.7281494140625, 738.24658203125, 1361.7469482421875
756.511962890625, 753.4387817382812, 880.258056640625
764.3194580078125, 768.5010375976562, -392.7521057128906
772.1500854492188, 783.4332885742188, -1146.92431640625
780.0032958984375, 798.242431640625, -2659.48095703125
787.8785400390625, 812.9247436523438, -2049.23681640625
795.7752685546875, 827.4771118164062, -2231.22998046875
803.6929931640625, 841.9061889648438, -3149.3427734375
811.631103515625, 850.7098999023438, -4120.54541015625
819.589111328125, 833.1176147460938, -2118.93408203125
827.5664672851562, 803.9486083984375, -25.6169490814209
835.5625610351562, 774.7794799804688, 1983.333984375
843.5768432617188, 769.6051635742188, 1983.333984375
851.6088256835938, 781.7723388671875, 1983.333984375
859.657958984375, 796.59423828125, 1983.333984375
867.7236328125, 811.286376953125, 1983.333984375
875.8052978515625, 825.855224609375, 1983.333984375
883.9024047851562, 840.2975463867188, 1983.333984375
892.014404296875, 854.6166381835938, 1983.333984375
900.1406860351562, 868.8157348632812, 1983.333984375
908.2808227539062, 882.8953857421875, 1983.333984375
916.4341430664062, 896.8545532226562, 1983.333984375
924.60009765625, 910.6937866210938, 1922.0380859375
932.7781372070312, 924.4129638671875, 1243.052490234375
940.9677124023438, 938.0121459960938, 934.2745361328125
949.168212890625, 951.491455078125, 49.976295471191406
957.379150390625, 959.3538208007812, -742.4550170898438
965.599853515625, 964.4605102539062, -57.313514709472656
973.8298950195312, 966.2100830078125, 260.5040283203125
982.068603515625, 963.3054809570312, 892.855712890625
990.3154296875, 965.2915649414062, 1983.333984375
998.5697631835938, 975.8534545898438, 1983.333984375
1006.8311767578125, 989.0091552734375, 1983.333984375
1015.0989379882812, 1002.0548706054688, 1912.747314453125
1023.3726196289062, 1014.9907836914062, 1324.7445068359375
1031.6514892578125, 1027.8165283203125, 258.2773132324219
1039.9351806640625, 1040.53271484375, -307.61578369140625
1048.222900390625, 1053.1385498046875, -337.2481994628906
1056.5142822265625, 1065.634521484375, -846.573974609375
1064.80859375, 1078.0206298828125, -1798.69970703125
1073.1053466796875, 1090.303466796875, -3159.386962890625
1081.4039306640625, 1102.4793701171875, -2069.5234375
1089.703857421875, 1114.5521240234375, -1465.9139404296875
1098.00439453125, 1121.009521484375, -3507.70947265625
1106.30517578125, 1102.612060546875, -2391.851806640625
1114.60546875, 1090.1185302734375, 94.32133483886719
1122.90478515625, 1085.738525390625, 1983.333984375
1131.2025146484375, 1087.0235595703125, 1983.333984375
1139.498046875, 1096.5469970703125, 1983.333984375
1147.7908935546875, 1108.66943359375, 1983.333984375
1156.0804443359375, 1120.69189453125, 1983.333984375
1164.3662109375, 1132.60791015625, 1983.333984375
1172.6474609375, 1144.4205322265625, 1983.333984375
1180.9237060546875, 1156.13330078125, 1983.333984375
1189.1943359375, 1167.7459716796875, 1983.333984375
1197.4588623046875, 1179.2586669921875, 1983.333984375
1205.7166748046875, 1190.6715087890625, 1983.333984375
1213.9671630859375, 1201.9910888671875, 1983.333984375
1222.2098388671875, 1213.2138671875, 1656.1334228515625
1230.444091796875, 1224.33642578125, 1025.6168212890625
1238.66943359375, 1235.365966796875, 1058.58251953125
1246.8851318359375, 1246.2987060546875, 789.6393432617188
1255.0906982421875, 1251.6243896484375, 869.0245971679688
1263.28564453125, 1254.224365234375, 645.294677734375
1271.46923828125, 1256.8011474609375, 1077.0076904296875
1279.64111328125, 1264.872314453125, 1506.519775390625
1287.800537109375, 1275.5516357421875, 1636.5548095703125
1295.9471435546875, 1286.1409912109375, 1490.8837890625
1304.080078125, 1296.640380859375, 1091.9219970703125
1312.1990966796875, 1307.0498046875, 460.9635925292969
1320.303466796875, 1317.3692626953125, 560.23779296875
1328.392578125, 1327.599365234375, 419.555908203125
1336.466064453125, 1337.73876953125, 59.405208587646484
1344.523193359375, 1347.794921875, -501.66632080078125
1352.5634765625, 1357.7642822265625, -553.51904296875
1360.5863037109375, 1367.650634765625, -816.01220703125
1368.5911865234375, 1377.4501953125, -1270.734375
1376.57763671875, 1381.6483154296875, -1269.101318359375
1384.5450439453125, 1379.1865234375, -73.88887786865234
1392.4927978515625, 1374.8067626953125, 854.832763671875
1400.42041015625, 1370.4266357421875, 1983.333984375
1408.3272705078125, 1375.595703125, 1983.333984375
1416.212890625, 1385.324951171875, 1983.333984375
1424.0767822265625, 1394.970947265625, 1983.333984375
1431.9183349609375, 1404.0113525390625, 1983.333984375
1439.7369384765625, 1412.434326171875, 1983.333984375
1447.5322265625, 1420.6944580078125, 1983.333984375
1455.3035888671875, 1428.95458984375, 1983.333984375
1463.0504150390625, 1437.2147216796875, 1983.333984375
1470.772216796875, 1445.474853515625, 1983.333984375
1478.468505859375, 1453.7349853515625, 1983.333984375
1486.138671875, 1461.9949951171875, 1983.333984375
1493.7822265625, 1470.255126953125, 1983.333984375
1501.398681640625, 1478.51513671875, 1983.333984375
1508.987548828125, 1486.7752685546875, 1983.333984375
1516.548095703125, 1495.035400390625, 1983.333984375
1524.080078125, 1503.2955322265625, 1983.333984375
1531.582763671875, 1511.5556640625, 1983.333984375
1539.0556640625, 1519.8157958984375, 1983.333984375
1546.4984130859375, 1528.075927734375, 1983.333984375
1553.910400390625, 1536.336181640625, 1983.333984375
1561.291015625, 1544.59619140625, 1983.333984375
1568.639892578125, 1552.8564453125, 1983.333984375
1575.95654296875, 1561.116455078125, 1983.333984375
1583.2403564453125, 1569.3765869140625, 1983.333984375
1590.4908447265625, 1577.63671875, 1983.333984375
1597.70751953125, 1585.8968505859375, 1983.333984375
1604.889892578125, 1594.156982421875, 1983.333984375
1612.03759765625, 1602.4171142578125, 1983.333984375
1619.14990234375, 1610.6776123046875, 1933.059326171875
1626.2264404296875, 1618.937744140625, 1749.8675537109375
1633.2667236328125, 1627.1978759765625, 1436.2552490234375
1640.2703857421875, 1635.4580078125, 994.55224609375
1647.2366943359375, 1643.7181396484375, 426.8880310058594
1654.165283203125, 1651.9783935546875, 677.3414306640625
1661.0557861328125, 1660.2384033203125, 758.550048828125
1667.9075927734375, 1662.923095703125, 370.61248779296875
1674.72021484375, 1662.9232177734375, 781.7982788085938
1681.4932861328125, 1668.49951171875, 1309.4063720703125
1688.226318359375, 1676.759521484375, 1635.8619384765625
1694.9188232421875, 1685.01953125, 1766.5982666015625
1701.5703125, 1693.2796630859375, 1706.7073974609375
1708.1802978515625, 1701.539794921875, 1460.9708251953125
1714.7484130859375, 1709.7998046875, 1033.9027099609375
1721.274169921875, 1718.06005859375, 429.7216796875
1727.757080078125, 1726.3201904296875, 594.4775390625
1734.19677734375, 1734.580322265625, 542.6801147460938
1740.5928955078125, 1742.8404541015625, 280.16961669921875
1746.9447021484375, 1751.1007080078125, -187.60357666015625
1753.251953125, 1759.36083984375, -357.6755676269531
1759.5142822265625, 1762.0419921875, -109.30502319335938
1765.7310791015625, 1762.0421142578125, 340.3830261230469
1771.902099609375, 1759.0836181640625, 870.391357421875
1778.0267333984375, 1757.662353515625, 1983.333984375
1784.104736328125, 1763.242431640625, 1983.333984375
1790.135498046875, 1771.5028076171875, 1983.333984375
1796.1187744140625, 1779.7628173828125, 1983.333984375
1802.0540771484375, 1788.0228271484375, 1983.333984375
1807.9410400390625, 1796.2830810546875, 1983.333984375
1813.7791748046875, 1804.543212890625, 1983.333984375
1819.568115234375, 1812.8033447265625, 1738.4072265625
1825.3074951171875, 1821.0634765625, 1217.26220703125
1830.9969482421875, 1829.3236083984375, 427.9956359863281
1836.635986328125, 1837.5838623046875, 320.3414306640625
1842.2242431640625, 1845.843994140625, -87.69035339355469
1847.761474609375, 1854.104248046875, -289.1344909667969
1853.2470703125, 1856.781005859375, -158.9593963623047
1858.6807861328125, 1853.8201904296875, 427.67822265625
1864.062255859375, 1849.4403076171875, 1160.0863037109375
1869.3909912109375, 1848.0213623046875, 1983.333984375
1874.666748046875, 1853.60595703125, 1983.333984375
1879.8892822265625, 1861.8658447265625, 1983.333984375
1885.057861328125, 1870.1258544921875, 1983.333984375
1890.1724853515625, 1878.385986328125, 1983.333984375
1895.232666015625, 1886.6461181640625, 1947.21142578125
1900.2379150390625, 1894.90625, 1540.4112548828125
1905.188232421875, 1903.16650390625, 775.1665649414062
1910.0828857421875, 1911.4266357421875, 605.1266479492188
1914.921875, 1919.6868896484375, 52.09089279174805
1919.70458984375, 1927.947021484375, -373.44525146484375
1924.430908203125, 1936.2071533203125, -1182.1112060546875
1929.100341796875, 1944.4674072265625, -2361.2607421875
1933.712646484375, 1947.1400146484375, -3259.390380859375
1938.267578125, 1944.1771240234375, -3252.1650390625
1942.7647705078125, 1939.797119140625, -2229.31787109375
1947.203857421875, 1935.4171142578125, -248.29383850097656
1951.58447265625, 1931.0369873046875, 1196.4224853515625
1955.906494140625, 1926.6568603515625, 1983.333984375
1960.1695556640625, 1922.2767333984375, 1983.333984375
1964.3734130859375, 1926.4500732421875, 1983.333984375
1968.517578125, 1934.7100830078125, 1983.333984375
1972.6019287109375, 1942.9700927734375, 1983.333984375
1976.626220703125, 1951.230224609375, 1983.333984375
1980.590087890625, 1959.4903564453125, 1983.333984375
1984.4932861328125, 1967.7503662109375, 1983.333984375
1988.33544921875, 1976.0106201171875, 1983.333984375
1992.1165771484375, 1984.270751953125, 1862.84326171875
1995.8360595703125, 1992.5308837890625, 1228.740966796875
1999.493896484375, 2000.7911376953125, 1041.7362060546875
2003.08984375, 2009.0513916015625, 330.2934875488281
2006.6234130859375, 2017.3115234375, -388.6903076171875
2010.0946044921875, 2019.9793701171875, -979.7005615234375
2013.5030517578125, 2019.9794921875, -1151.0316162109375
2016.8485107421875, 2017.0137939453125, -591.474853515625
2020.130859375, 2012.6336669921875, 319.2518310546875
2023.349853515625, 2008.253662109375, 1112.027587890625
2026.505126953125, 2006.83984375, 1983.333984375
2029.5966796875, 2012.4337158203125, 1983.333984375
2032.6240234375, 2020.694091796875, 1983.333984375
2035.5872802734375, 2028.9544677734375, 1724.255126953125
2038.4859619140625, 2037.214599609375, 864.52783203125
2041.3199462890625, 2045.4747314453125, 368.8918762207031
2044.089111328125, 2053.734619140625, -232.51748657226562
2046.7933349609375, 2061.994873046875, -1439.69970703125
2049.43212890625, 2070.255126953125, -3229.826416015625
2052.005615234375, 2078.515380859375, -2755.030517578125
2054.513427734375, 2086.775634765625, -2962.268798828125
2056.95556640625, 2095.035888671875, -3824.98291015625
2059.331787109375, 2103.2958984375, -5317.916015625
2061.641845703125, 2105.95849609375, -6776.49365234375
2063.8857421875, 2086.189453125, -5642.82666015625
2066.06298828125, 2057.018798828125, -978.2791748046875
2068.173828125, 2027.8482666015625, 1983.333984375
2070.218017578125, 1998.677734375, 1983.333984375
2072.1953125, 1994.8787841796875, 1983.333984375
2074.105712890625, 2003.1387939453125, 1983.333984375
2075.94873046875, 2011.39892578125, 1983.333984375
2077.724609375, 2019.6590576171875, 1983.333984375
2079.433349609375, 2027.919189453125, 1983.333984375
