1724.6771240234375, 1713.7578125, 299.6352233886719
1718.0777587890625, 1707.2342529296875, 593.8316040039062
1711.53125, 1731.46240234375, -1175.7919921875
1704.84521484375, 1739.8446044921875, -1790.6224365234375
1698.2142333984375, 1748.094482421875, -4079.807373046875
1691.5419921875, 1756.343994140625, -7000.0
1684.8289794921875, 1764.6009521484375, -7000.0
1677.97607421875, 1772.92822265625, -7000.0
1670.98193359375, 1781.3350830078125, -7000.0
1664.147705078125, 1789.599365234375, -7000.0
1657.274658203125, 1797.8623046875, -7000.0
1650.3631591796875, 1806.1263427734375, -7000.0
1643.311279296875, 1814.418212890625, -7000.0
1636.1177978515625, 1822.833740234375, -7000.0
1629.09228515625, 1823.7205810546875, -7000.0
1622.0303955078125, 1797.6671142578125, -7000.0
1614.9326171875, 1768.4937744140625, -7000.0
1607.7991943359375, 1739.320068359375, -7000.0
1600.630859375, 1710.0799560546875, -7000.0
1593.4281005859375, 1680.829345703125, -7000.0
1586.0845947265625, 1651.4688720703125, -7000.0
1578.813720703125, 1622.2449951171875, -7000.0
1571.40234375, 1592.6761474609375, -5667.38818359375
1563.8492431640625, 1562.9412841796875, -1931.760498046875
1556.4796142578125, 1533.7625732421875, 788.601806640625
1549.0784912109375, 1504.5859375, 1983.333984375
1541.6463623046875, 1502.8372802734375, 1983.333984375
1534.183837890625, 1510.6011962890625, 1983.333984375
1526.69140625, 1518.8587646484375, 1861.2506103515625
1519.169677734375, 1527.1292724609375, 879.7984008789062
1511.618896484375, 1535.3875732421875, -1364.46142578125
1504.0399169921875, 1543.663818359375, -2484.89794921875
1496.4329833984375, 1551.949462890625, -5187.541015625
1488.5738525390625, 1560.44580078125, -7000.0
1480.9119873046875, 1568.7061767578125, -7000.0
1473.2239990234375, 1576.9803466796875, -7000.0
1465.51025390625, 1585.2401123046875, -7000.0
1457.7713623046875, 1593.500244140625, -7000.0
1450.0076904296875, 1601.7601318359375, -7000.0
1442.1053466796875, 1601.93603515625, -7000.0
1434.293701171875, 1573.281005859375, -7000.0
1426.3436279296875, 1543.8341064453125, -7000.0
1418.4862060546875, 1514.66015625, -7000.0
1410.6068115234375, 1485.3929443359375, -7000.0
1402.589599609375, 1456.0460205078125, -7000.0
1394.551025390625, 1426.7457275390625, -6989.2890625
1386.6083984375, 1397.4971923828125, -4540.8134765625
1378.6461181640625, 1368.2833251953125, -2626.42138671875
1370.5469970703125, 1338.6129150390625, 914.4869995117188
1362.4288330078125, 1310.10205078125, 1983.333984375
1354.4100341796875, 1305.9261474609375, 1983.333984375
1346.3736572265625, 1308.3253173828125, 1983.333984375
1338.3203125, 1318.6429443359375, 1983.333984375
1330.1318359375, 1328.963134765625, 874.0521850585938
1322.0460205078125, 1339.1168212890625, -604.8211059570312
1313.9449462890625, 1349.173095703125, -1203.3836669921875
1305.7095947265625, 1359.16552734375, -3827.88720703125
1297.459716796875, 1369.0986328125, -7000.0
1289.075927734375, 1379.1029052734375, -7000.0
1280.91845703125, 1388.8096923828125, -7000.0
1272.7484130859375, 1398.3778076171875, -7000.0
1264.4461669921875, 1407.2027587890625, -7000.0
1256.2528076171875, 1415.4649658203125, -7000.0
1248.0487060546875, 1423.015869140625, -7000.0
1239.83447265625, 1420.46826171875, -7000.0
1231.6104736328125, 1391.2093505859375, -7000.0
1223.25634765625, 1361.9124755859375, -7000.0
1214.8934326171875, 1332.6014404296875, -7000.0
1206.4010009765625, 1302.5416259765625, -7000.0
1198.143798828125, 1273.3616943359375, -7000.0
1189.8797607421875, 1244.183837890625, -7000.0
1181.4879150390625, 1214.9044189453125, -7000.0
1173.2120361328125, 1185.727783203125, -4717.36962890625
1164.809326171875, 1156.2296142578125, -2981.3671875
1156.5238037109375, 1127.0531005859375, 141.06768798828125
1148.2344970703125, 1101.51171875, 1983.333984375
1139.9417724609375, 1098.349853515625, 1983.333984375
1131.6463623046875, 1103.4705810546875, 1983.333984375
1123.2266845703125, 1115.62353515625, 1388.5760498046875
1114.805419921875, 1127.6546630859375, -550.4440307617188
1106.505126953125, 1139.5150146484375, -902.0955200195312
1098.082275390625, 1151.3231201171875, -3606.01171875
1089.78173828125, 1162.9815673828125, -7000.0
1081.2376708984375, 1174.810791015625, -7000.0
1072.9390869140625, 1186.2652587890625, -7000.0
1064.6424560546875, 1197.62109375, -7000.0
1056.34814453125, 1208.8846435546875, -7000.0
1048.056884765625, 1220.058837890625, -7000.0
1039.6473388671875, 1231.21826171875, -7000.0
1031.3638916015625, 1240.542724609375, -7000.0
1023.0850830078125, 1236.8233642578125, -7000.0
1014.8116455078125, 1207.594970703125, -7000.0
1006.5440673828125, 1178.376220703125, -7000.0
998.1614990234375, 1148.7572021484375, -7000.0
989.907470703125, 1119.57958984375, -7000.0
981.6610107421875, 1090.40185546875, -7000.0
973.4227294921875, 1061.1572265625, -7000.0
965.072265625, 1031.689697265625, -7000.0
956.7313232421875, 1002.2806396484375, -7000.0
948.5211791992188, 973.1021118164062, -6119.06103515625
940.3214721679688, 943.9237670898438, -2875.55615234375
932.012451171875, 914.3287353515625, -190.07421875
923.8355102539062, 885.1505737304688, 1983.333984375
915.55078125, 862.357421875, 1983.333984375
907.3988647460938, 862.8318481445312, 1983.333984375
899.2601928710938, 876.9644165039062, 1983.333984375
891.1354370117188, 890.97607421875, 329.3267822265625
882.9058227539062, 904.922607421875, -1689.2646484375
874.8106079101562, 918.710693359375, -3285.16943359375
866.7308959960938, 932.3853759765625, -7000.0
858.5487670898438, 945.9918212890625, -7000.0
850.3837890625, 959.5169067382812, -7000.0
842.2365112304688, 972.8739624023438, -7000.0
834.1074829101562, 986.1996459960938, -7000.0
825.9973754882812, 999.3417358398438, -7000.0
818.0238037109375, 1012.3029174804688, -7000.0
810.0697021484375, 1022.6474609375, -7000.0
802.135498046875, 1016.8864135742188, -7000.0
794.1056518554688, 987.5739135742188, -7000.0
786.21337890625, 958.3707275390625, -7000.0
778.2271728515625, 928.778076171875, -7000.0
770.3790283203125, 870.0439453125, -7000.0
754.5222778320312, 840.6709594726562, -7000.0
746.74462890625, 782.2945556640625, -5334.93994140625
731.1493530273438, 752.6255493164062, -4146.53466796875
723.3335571289062, 723.0528564453125, -3389.06689453125
715.6572265625, 674.1353759765625, -335.0468444824219
700.3844604492188, 669.7534790039062, 1399.125732421875
692.7891235351562, 665.3717041015625, 1983.333984375
685.2218627929688, 684.564453125, 1079.8067626953125
670.0633544921875, 700.333740234375, -1870.7540283203125
662.4740600585938, 715.917724609375, -4549.666015625
655.0250854492188, 746.650390625, -6155.07666015625
640.0029296875, 761.9181518554688, -7000.0
632.6483764648438, 776.9212646484375, -7000.0
625.2186889648438, 791.9177856445312, -7000.0
617.9295654296875, 821.276611328125, -7000.0
603.3455200195312, 835.8597412109375, -7000.0
596.0526123046875, 846.7232055664062, -7000.0
588.900390625, 808.1306762695312, -7000.0
574.5982055664062, 778.9453735351562, -7000.0
567.5536499023438, 749.727783203125, -7000.0
560.4429931640625, 691.0848999023438, -7000.0
546.4386596679688, 661.89794921875, -7000.0
539.4437255859375, 632.57373046875, -7000.0
532.3881225585938, 602.6946411132812, -7000.0
525.57373046875, 544.3235473632812, -4387.84375
512.064208984375, 515.13916015625, -1174.924560546875
505.3699645996094, 485.9552307128906, 81.22882843017578
498.7167053222656, 456.76312255859375, 1983.333984375
492.0079650878906, 456.0617370605469, 1920.076171875
478.81597900390625, 469.66546630859375, 889.0350952148438
472.3324279785156, 487.1680908203125, -309.69415283203125
465.7977294921875, 504.6709289550781, -1333.6607666015625
459.30804443359375, 539.0172119140625, -2460.125732421875
446.557861328125, 556.1851196289062, -7000.0
440.29693603515625, 572.9506225585938, -7000.0
433.99041748046875, 606.150390625, -7000.0
421.6989440917969, 622.4841918945312, -7000.0
415.62310791015625, 638.6779174804688, -7000.0
409.59442138671875, 666.2160034179688, -7000.0
397.5932922363281, 653.47705078125, -7000.0
391.7092590332031, 624.251708984375, -7000.0
385.78857421875, 594.8208618164062, -7000.0
380.0032958984375, 536.4102172851562, -7000.0
368.4986877441406, 506.76275634765625, -7000.0
362.8641357421875, 477.5735778808594, -7000.0
357.2803955078125, 448.3783874511719, -7000.0
351.6668395996094, 418.9123229980469, -7000.0
346.10638427734375, 389.4038391113281, -7000.0
340.6788330078125, 360.21673583984375, -5537.97314453125
335.3036193847656, 331.03094482421875, -1423.1370849609375
329.9810791015625, 272.6369323730469, 688.8551635742188
319.4955139160156, 243.4355010986328, 1983.333984375
314.2577209472656, 239.2881317138672, 1983.333984375
309.0756530761719, 255.73794555664062, 1983.333984375
304.0235900878906, 275.1194763183594, 1983.333984375
298.8802490234375, 294.6258850097656, 1163.63427734375
293.9398498535156, 313.6319274902344, -625.3984985351562
289.05499267578125, 332.4786376953125, -2215.415283203125
284.22601318359375, 351.1756591796875, -6308.3837890625
279.38348388671875, 369.7937316894531, -7000.0
274.6680908203125, 388.1609191894531, -7000.0
269.94146728515625, 406.6003112792969, -7000.0
265.3409729003906, 424.65234375, -7000.0
260.7979736328125, 442.5477294921875, -7000.0
256.2472839355469, 460.3357849121094, -7000.0
251.75645446777344, 472.405029296875, -7000.0
247.38958740234375, 455.4569396972656, -7000.0
243.01853942871094, 426.0008544921875, -7000.0
238.7082977294922, 396.4718322753906, -7000.0
234.5203094482422, 367.2802734375, -7000.0
230.39195251464844, 338.0909729003906, -7000.0
226.2641143798828, 308.6575927734375, -7000.0
222.2567596435547, 279.47088623046875, -7000.0
218.30987548828125, 250.28810119628906, -6904.61181640625
214.3670654296875, 220.9806671142578, -3961.679443359375
210.5428466796875, 191.8077850341797, -1088.353515625
206.77992248535156, 162.61041259765625, 1679.9169921875
203.02456665039062, 151.44883728027344, 1983.333984375
199.3859100341797, 165.19500732421875, 1983.333984375
195.7571563720703, 185.48423767089844, 811.3194580078125
192.24375915527344, 205.41798400878906, -186.44039916992188
188.7426300048828, 225.44564819335938, -1023.9946899414062
185.35549926757812, 245.0438995361328, -4451.7822265625
182.0313720703125, 264.4732971191406, -7000.0
178.7705078125, 283.74163818359375, -7000.0
175.52658081054688, 302.8983154296875, -7000.0
172.3482208251953, 322.0254821777344, -7000.0
169.2803192138672, 340.8038024902344, -7000.0
166.27655029296875, 359.4224853515625, -7000.0
163.2943572998047, 378.0193176269531, -7000.0
160.42041015625, 389.82757568359375, -7000.0
157.57037353515625, 368.6657409667969, -7000.0
154.82705688476562, 339.46051025390625, -7000.0
152.14886474609375, 310.26318359375, -7000.0
149.498046875, 280.7358093261719, -7000.0
146.87771606445312, 250.98622131347656, -7000.0
144.3988800048828, 221.80194091796875, -7000.0
141.98590087890625, 192.62344360351562, -7000.0
139.638916015625, 163.4549560546875, -6014.84814453125
137.3581085205078, 134.30111694335938, -2003.58984375
135.111572265625, 105.0878677368164, 164.79217529296875
132.9645538330078, 76.01893615722656, 1983.333984375
130.88417053222656, 82.1569595336914, 1983.333984375
128.87054443359375, 101.67322540283203, 1983.333984375
126.8957290649414, 122.4246597290039, 1038.71044921875
125.01705932617188, 142.90045166015625, -493.3473205566406
123.179443359375, 163.36404418945312, -1641.3634033203125
121.41111755371094, 183.69149780273438, -5329.73828125
119.73634338378906, 203.6465606689453, -7000.0
118.12911224365234, 223.47511291503906, -7000.0
116.58953857421875, 243.09591674804688, -7000.0
115.0965805053711, 262.8334655761719, -7000.0
113.6936264038086, 282.11383056640625, -7000.0
112.35862731933594, 301.2333679199219, -7000.0
111.07355499267578, 320.3121643066406, -7000.0
109.8757553100586, 331.6380920410156, -7000.0
108.74617004394531, 305.9234619140625, -7000.0
107.66978454589844, 276.6087646484375, -7000.0
106.6778793334961, 247.37039184570312, -7000.0
105.7544174194336, 218.18597412109375, -7000.0
104.88740539550781, 188.93382263183594, -7000.0
104.0799560546875, 158.98434448242188, -7000.0
103.3652114868164, 129.83033752441406, -6311.59326171875
102.7191390991211, 100.707275390625, -2389.34033203125
102.14178466796875, 71.6515884399414, -162.66082763671875
101.6331787109375, 42.79848098754883, 1983.333984375
101.19336700439453, 52.55413055419922, 1983.333984375
100.82237243652344, 73.06959533691406, 1983.333984375
100.52022552490234, 93.87600708007812, 327.3735656738281
100.28694915771484, 114.54357147216797, -753.2610473632812
100.12065124511719, 135.2424774169922, -1370.095703125
100.02616119384766, 155.60084533691406, -4300.75732421875
100.00057220458984, 175.83316040039062, -7000.0
100.04503631591797, 195.96360778808594, -7000.0
100.16263580322266, 216.21490478515625, -7000.0
100.3467788696289, 235.89242553710938, -7000.0
100.60403442382812, 255.44773864746094, -7000.0
100.92693328857422, 274.7972717285156, -7000.0
101.31866455078125, 293.8673400878906, -7000.0
101.77921295166016, 304.0616760253906, -7000.0
102.30854034423828, 274.81219482421875, -7000.0
102.90660858154297, 245.595947265625, -7000.0
103.58370208740234, 216.23876953125, -7000.0
104.33148193359375, 186.95285034179688, -7000.0
105.13753509521484, 157.74664306640625, -7000.0
106.02550506591797, 128.52659606933594, -5820.896484375
106.98400115966797, 99.0733642578125, -1261.2794189453125
108.012939453125, 69.74862670898438, 856.25732421875
109.09581756591797, 40.91859817504883, 1983.333984375
110.2469711303711, 16.480497360229492, 1983.333984375
111.46632385253906, 36.52383804321289, 1983.333984375
112.7537841796875, 57.394344329833984, 1983.333984375
114.12971496582031, 78.4283447265625, 1983.333984375
115.55413055419922, 99.21277618408203, 1439.7471923828125
117.04637908935547, 119.85076904296875, -308.6579284667969
118.62980651855469, 140.45416259765625, -2217.649658203125
120.28284454345703, 160.98362731933594, -3404.503173828125
121.97993469238281, 181.12704467773438, -6645.94677734375
123.74441528320312, 201.10433959960938, -7000.0
125.57615661621094, 220.92727661132812, -7000.0
127.50346374511719, 240.8155975341797, -7000.0
129.4703369140625, 259.3381042480469, -7000.0
131.50408935546875, 265.7462158203125, -7000.0
133.6045684814453, 236.5594482421875, -7000.0
135.77163696289062, 207.37509155273438, -7000.0
138.00514221191406, 178.20083618164062, -7000.0
140.33924865722656, 148.9460906982422, -4258.1787109375
142.74143981933594, 119.72676849365234, -906.4586181640625
145.21153259277344, 90.48792266845703, 1983.333984375
147.74937438964844, 64.78267669677734, 1983.333984375
150.35476684570312, 64.13275146484375, 1983.333984375
153.02752685546875, 85.22151184082031, 1983.333984375
155.72727966308594, 105.95491790771484, 1983.333984375
158.5332489013672, 126.84004211425781, 1983.333984375
161.3638916015625, 147.26406860351562, 1217.030517578125
164.2592010498047, 167.5194091796875, -539.144775390625
167.21900939941406, 187.61050415039062, -2315.2666015625
170.24307250976562, 207.53497314453125, -3112.501953125
173.33119201660156, 227.29522705078125, -5779.5439453125
176.48316955566406, 246.8846435546875, -7000.0
179.74655151367188, 266.36767578125, -7000.0
183.0751953125, 285.8946228027344, -7000.0
186.4192657470703, 303.30047607421875, -7000.0
189.82627868652344, 305.799072265625, -7000.0
193.3474884033203, 276.4867248535156, -7000.0
196.88059997558594, 247.29721069335938, -7000.0
200.52928161621094, 217.7158966064453, -5262.36083984375
204.18751525878906, 188.53656005859375, -2676.8369140625
207.90745544433594, 159.36642456054688, 742.173583984375
211.6888885498047, 135.95274353027344, 1983.333984375
215.53150939941406, 137.36953735351562, 1983.333984375
219.49293518066406, 157.91571044921875, 1983.333984375
223.45806884765625, 178.08116149902344, 1983.333984375
227.48361206054688, 198.08448791503906, 1983.333984375
231.5692596435547, 217.93772888183594, 1200.9609375
235.77615356445312, 237.73402404785156, -343.46337890625
239.9820556640625, 257.2322998046875, -1747.10791015625
244.31039428710938, 276.64422607421875, -1956.558349609375
248.69943237304688, 295.87255859375, -3754.537353515625
253.2137908935547, 315.21881103515625, -7000.0
257.65838623046875, 334.0604248046875, -7000.0
262.2276306152344, 352.79388427734375, -7000.0
266.7888488769531, 368.89117431640625, -7000.0
271.4074401855469, 367.40435791015625, -7000.0
276.0831604003906, 338.20574951171875, -7000.0
280.8156433105469, 309.0064392089844, -6526.9609375
285.60455322265625, 279.8047790527344, -2186.1611328125
290.4495849609375, 250.56491088867188, 1173.188232421875
295.4228820800781, 221.13302612304688, 1983.333984375
300.4532470703125, 219.0719757080078, 1983.333984375
310.6088562011719, 238.851806640625, 1983.333984375
315.8075256347656, 258.5445861816406, 1983.333984375
320.9852600097656, 277.8653259277344, 1983.333984375
326.2166748046875, 297.0238037109375, 1983.333984375
331.50140380859375, 316.0157165527344, 1526.794189453125
336.8390808105469, 334.8482971191406, 508.3708190917969
342.2293395996094, 372.0867614746094, -691.2081298828125
353.3285217285156, 390.57269287109375, -1572.482421875
358.87579345703125, 408.7685241699219, -3775.207763671875
364.5568542480469, 427.0214538574219, -7000.0
370.2066345214844, 436.7545471191406, -7000.0
381.6566162109375, 407.54571533203125, -6223.69482421875
387.5417175292969, 378.0249328613281, -1476.037841796875
393.3909606933594, 348.824462890625, 1599.9498291015625
399.2889099121094, 290.42156982421875, 1983.333984375
411.229248046875, 280.446044921875, 1983.333984375
417.3599853515625, 299.650146484375, 1983.333984375
423.5391845703125, 337.6215515136719, 1983.333984375
435.8585205078125, 356.27392578125, 1983.333984375
442.1789855957031, 374.861328125, 1983.333984375
448.5461120605469, 411.41168212890625, 1943.9029541015625
461.32464599609375, 429.48333740234375, 1983.333984375
467.82843017578125, 447.5418701171875, 1983.333984375
474.28179931640625, 465.2466735839844, 930.9417724609375
480.7782897949219, 482.80072021484375, -372.2547912597656
487.4139404296875, 517.6349487304688, -1574.360595703125
500.61968994140625, 530.9462890625, -1621.719970703125
507.2847595214844, 533.6447143554688, -1169.2152099609375
514.0895385742188, 488.3500061035156, -681.4541625976562
527.7232666015625, 459.0855407714844, 1983.333984375
534.550048828125, 445.3829040527344, 1983.333984375
541.51708984375, 455.6465148925781, 1983.333984375
548.421875, 491.169677734375, 1983.333984375
562.5508422851562, 508.5054626464844, 1983.333984375
569.5692749023438, 525.6904296875, 1983.333984375
576.6243286132812, 559.6238403320312, 951.2808227539062
590.8419799804688, 576.372802734375, 655.62255859375
598.1093139648438, 593.0884399414062, 276.00885009765625
605.3060913085938, 625.9057006835938, -399.7959289550781
619.9085693359375, 642.082763671875, -2363.4130859375
627.314208984375, 653.8446044921875, -1937.6446533203125
634.6453247070312, 655.0138549804688, -3654.1025390625
642.0084838867188, 637.1132202148438, -2401.62841796875
649.51220703125, 617.003173828125, -1328.859130859375
664.3951416015625, 612.6173706054688, 1983.333984375
671.9922485351562, 610.8187866210938, 1983.333984375
679.5089721679688, 636.4757080078125, 1983.333984375
694.7403564453125, 652.5665893554688, 1983.333984375
702.6788330078125, 669.0376586914062, 1983.333984375
710.3098754882812, 700.5240478515625, 675.7621459960938
725.6520385742188, 716.0631713867188, 937.5792236328125
733.362060546875, 746.7321166992188, -650.069091796875
748.9716796875, 761.9285278320312, -1583.1429443359375
756.7562255859375, 791.8156127929688, -3002.2021484375
772.395751953125, 801.4440307617188, -2785.10302734375
780.3653564453125, 801.0933837890625, -1674.4520263671875
788.2415771484375, 780.9339599609375, -236.902587890625
796.1393432617188, 751.733642578125, 1983.333984375
804.0579833984375, 738.3633422851562, 1983.333984375
811.9970703125, 746.5143432617188, 1983.333984375
820.0731201171875, 776.723388671875, 1983.333984375
836.1665649414062, 791.739013671875, 1983.333984375
844.1822509765625, 806.4896240234375, 1983.333984375
852.3338012695312, 821.2295532226562, 1983.333984375
860.5029296875, 835.96875, 1983.333984375
868.5703125, 850.34228515625, 1983.333984375
876.6536254882812, 864.5951538085938, 1665.2777099609375
884.7523193359375, 878.7203369140625, 687.2056884765625
892.8658447265625, 892.72216796875, 39.910377502441406
900.99365234375, 906.6155395507812, -88.28146362304688
909.1351318359375, 914.719482421875, -205.68392944335938
917.289794921875, 913.3822631835938, -363.9765930175781
925.5772705078125, 908.986572265625, 911.9052124023438
933.8770751953125, 909.2928466796875, 1983.333984375
942.0681762695312, 913.8836669921875, 1983.333984375
950.2701416015625, 925.2130126953125, 1983.333984375
958.6032104492188, 938.8828125, 1983.333984375
966.9463500976562, 952.5784912109375, 1983.333984375
975.1778564453125, 965.9525756835938, 1424.5601806640625
983.5391235351562, 979.2434692382812, 358.1011657714844
991.787353515625, 992.3863525390625, -260.2806091308594
1000.0430297851562, 1005.4190673828125, -336.5940856933594
1008.4271240234375, 1018.3983764648438, -927.3651123046875
1016.8177490234375, 1031.3291015625, -2024.4337158203125
1025.092529296875, 1044.0301513671875, -3573.208251953125
1033.3724365234375, 1056.64697265625, -2714.627197265625
1041.656982421875, 1069.1273193359375, -2333.850830078125
1050.0675048828125, 1075.2926025390625, -1760.3759765625
1058.3594970703125, 1053.7451171875, -634.681884765625
1066.7764892578125, 1024.1318359375, 1983.333984375
1075.07373046875, 1014.45556640625, 1983.333984375
1083.3726806640625, 1023.6590576171875, 1983.333984375
1091.6728515625, 1036.4383544921875, 1983.333984375
1100.0955810546875, 1049.1490478515625, 1983.333984375
1108.396240234375, 1061.6961669921875, 1983.333984375
1116.6962890625, 1074.1458740234375, 1983.333984375
1125.1173095703125, 1086.5240478515625, 1983.333984375
1133.41455078125, 1098.748779296875, 1983.333984375
1141.8314208984375, 1110.923583984375, 1983.333984375
1150.1234130859375, 1122.9549560546875, 1983.333984375
1158.411865234375, 1134.880615234375, 1983.333984375
1166.8182373046875, 1146.724609375, 1983.333984375
1175.2197265625, 1158.487060546875, 1983.333984375
1183.7376708984375, 1170.3121337890625, 1983.333984375
1192.0062255859375, 1181.822021484375, 1761.3795166015625
1200.2685546875, 1193.2310791015625, 1201.551025390625
1208.52392578125, 1204.5400390625, 331.31793212890625
1216.7718505859375, 1215.7486572265625, 116.85637664794922
1225.1329345703125, 1226.93310546875, -397.0762634277344
1233.364013671875, 1230.900634765625, -393.3877258300781
1241.5859375, 1231.342041015625, 483.78875732421875
1249.9188232421875, 1231.4024658203125, 1339.1539306640625
1258.12060546875, 1233.82080078125, 1983.333984375
1266.4317626953125, 1243.76123046875, 1983.333984375
1274.6109619140625, 1254.6566162109375, 1983.333984375
1282.8980712890625, 1265.530029296875, 1983.333984375
1291.1722412109375, 1276.3331298828125, 1983.333984375
1299.313232421875, 1286.9267578125, 1983.333984375
1307.4405517578125, 1297.429443359375, 1854.8389892578125
1315.553466796875, 1307.8414306640625, 1479.848388671875
1323.651611328125, 1318.1632080078125, 869.8472290039062
1331.8531494140625, 1328.4874267578125, 1003.1314697265625
1340.0380859375, 1338.68017578125, 915.8296508789062
1348.087890625, 1348.75244140625, 611.2979125976562
1356.1204833984375, 1358.7335205078125, 108.7886962890625
1364.135498046875, 1361.0457763671875, 281.00140380859375
1372.249755859375, 1362.716552734375, 1173.04052734375
1380.3447265625, 1364.384033203125, 1831.7845458984375
1388.3028564453125, 1366.0186767578125, 1983.333984375
1396.3577880859375, 1375.5350341796875, 1983.333984375
1404.2752685546875, 1385.281494140625, 1983.333984375
1412.1719970703125, 1394.947265625, 1983.333984375
1420.0469970703125, 1404.1083984375, 1983.333984375
1427.900146484375, 1412.4095458984375, 1983.333984375
1435.8455810546875, 1420.7274169921875, 1983.333984375
1443.652587890625, 1428.99853515625, 1983.333984375
1451.4359130859375, 1437.28076171875, 1983.333984375
1459.308837890625, 1445.650634765625, 1983.333984375
1467.0428466796875, 1453.922119140625, 1983.333984375
1474.86474609375, 1462.26318359375, 1983.333984375
1482.5472412109375, 1470.5345458984375, 1983.333984375
1490.315673828125, 1478.830322265625, 1983.333984375
1498.0565185546875, 1487.2044677734375, 1983.333984375
1505.6575927734375, 1495.4759521484375, 1983.333984375
1513.2305908203125, 1503.7469482421875, 1983.333984375
1520.775146484375, 1512.017822265625, 1965.4151611328125
1528.290771484375, 1520.288330078125, 1862.0123291015625
1535.77685546875, 1528.558837890625, 1674.032470703125
1543.23291015625, 1536.8294677734375, 1391.3399658203125
1550.7674560546875, 1545.1517333984375, 1043.585693359375
1558.161376953125, 1553.42236328125, 604.7561645507812
1565.6318359375, 1561.780517578125, 1036.5396728515625
1572.9617919921875, 1570.0513916015625, 396.9930725097656
1580.259033203125, 1577.8834228515625, 670.3302001953125
1587.5233154296875, 1578.3328857421875, 752.396728515625
1594.8599853515625, 1586.6884765625, 729.2734375
1602.0560302734375, 1594.9593505859375, 584.3231811523438
1609.2174072265625, 1603.22998046875, 319.6836853027344
1616.34375, 1611.5001220703125, 871.1386108398438
1623.53857421875, 1619.8538818359375, 328.6590576171875
1630.5926513671875, 1628.12451171875, 616.1981201171875
1637.6103515625, 1636.394775390625, 746.0499877929688
1644.5908203125, 1644.6650390625, 721.648193359375
1651.6357421875, 1652.959228515625, 557.5911254882812
1658.6414794921875, 1661.2919921875, 247.99464416503906
1665.5068359375, 1669.5626220703125, -206.92347717285156
1672.3333740234375, 1677.002197265625, -203.95700073242188
1679.2198486328125, 1677.00244140625, 77.81694030761719
1686.0653076171875, 1676.488037109375, 1175.6644287109375
1692.869140625, 1672.6226806640625, 1983.333984375
1699.5333251953125, 1672.622802734375, 1983.333984375
1706.1561279296875, 1673.689208984375, 1983.333984375
1712.737060546875, 1681.9591064453125, 1983.333984375
1719.27587890625, 1690.229248046875, 1983.333984375
1725.8673095703125, 1698.5244140625, 1983.333984375
1732.3197021484375, 1706.801025390625, 1983.333984375
1738.8223876953125, 1715.160888671875, 1983.333984375
1745.1865234375, 1723.4315185546875, 1983.333984375
1751.598876953125, 1731.7484130859375, 1983.333984375
1758.1488037109375, 1740.303955078125, 1983.333984375
1764.3756103515625, 1748.574462890625, 1983.333984375
1770.556640625, 1756.8447265625, 1983.333984375
1776.69140625, 1765.114501953125, 1983.333984375
1782.868896484375, 1773.4427490234375, 1983.333984375
1788.9093017578125, 1781.712158203125, 1787.905029296875
1794.90234375, 1789.9808349609375, 1341.8216552734375
1800.847412109375, 1798.249267578125, 652.1821899414062
1806.7442626953125, 1806.5174560546875, 667.74365234375
1812.5924072265625, 1814.78515625, 405.6439514160156
1818.391357421875, 1821.3004150390625, 74.72572326660156
1824.1409912109375, 1821.3006591796875, 418.4379577636719
1829.840576171875, 1821.30078125, 455.2096862792969
1835.489990234375, 1821.30078125, 1136.715576171875
1841.088623046875, 1823.1085205078125, 1983.333984375
1846.798583984375, 1831.58349609375, 1983.333984375
1852.293212890625, 1839.8511962890625, 1983.333984375
1857.736083984375, 1848.11865234375, 1983.333984375
1863.126708984375, 1856.3857421875, 1735.990234375
1868.4647216796875, 1864.6527099609375, 1159.1968994140625
1873.8270263671875, 1872.9827880859375, 278.2666015625
1879.0579833984375, 1881.249755859375, 36.04591369628906
1884.2353515625, 1889.516357421875, -49.78947448730469
1889.358642578125, 1897.783203125, -477.4159240722656
1894.5015869140625, 1906.0784912109375, -1258.0552978515625
1899.514892578125, 1914.3453369140625, -2347.6953125
1904.545654296875, 1920.41943359375, -3526.50146484375
1909.4476318359375, 1919.2041015625, -1104.073486328125
1914.3646240234375, 1914.7720947265625, -574.8895874023438
1919.1539306640625, 1903.19287109375, 334.46331787109375
1923.9559326171875, 1881.2030029296875, 1983.333984375
1928.6312255859375, 1880.54736328125, 1983.333984375
1933.3167724609375, 1888.8370361328125, 1983.333984375
1937.876708984375, 1897.11669921875, 1983.333984375
1942.444580078125, 1905.4228515625, 1983.333984375
1946.9527587890625, 1913.765380859375, 1983.333984375
1951.3367919921875, 1922.0328369140625, 1983.333984375
1955.662109375, 1930.2999267578125, 1983.333984375
1959.9908447265625, 1938.600341796875, 1983.333984375
1964.1971435546875, 1946.8680419921875, 1983.333984375
1968.4044189453125, 1963.5399169921875, 1230.24560546875
1976.5751953125, 1971.8074951171875, 795.2107543945312
1980.539794921875, 1980.0750732421875, 831.5899047851562
1984.4437255859375, 1988.3594970703125, 371.01910400390625
1988.3427734375, 1993.7490234375, 55.13212203979492
1995.8431396484375, 1993.7491455078125, 311.3813171386719
1999.55419921875, 1993.749267578125, 983.3468017578125
2003.1490478515625, 1993.749267578125, 1075.15087890625
2006.733154296875, 1996.8504638671875, 656.895751953125
2013.6087646484375, 2005.1181640625, 676.8408813476562
2016.952392578125, 2013.3995361328125, 1060.5238037109375
2020.3282470703125, 2021.8485107421875, 856.6571655273438
2023.5433349609375, 2038.3851318359375, -23.39809799194336
2029.7823486328125, 2046.6600341796875, -1432.7965087890625
2032.805908203125, 2054.92822265625, -3371.91552734375
2035.76513671875, 2071.482421875, -1896.1475830078125
2041.5311279296875, 2079.8193359375, -2835.876220703125
2044.29541015625, 2088.104248046875, -4288.044921875
2047.0338134765625, 2080.24169921875, -2610.278076171875
2052.30908203125, 2050.467529296875, -1747.8172607421875
2054.80908203125, 2003.363037109375, 331.93603515625
2059.645751953125, 1998.963134765625, 1983.333984375
2061.947021484375, 2008.6920166015625, 1983.333984375
2066.350341796875, 2016.9603271484375, 1983.333984375
2068.452392578125, 2025.228759765625, 1983.333984375
2070.487548828125, 2041.8389892578125, 1983.333984375
2074.384521484375, 2050.107177734375, 1983.333984375
2076.244140625, 2058.411376953125, 1983.333984375
2078.009033203125, 2074.962158203125, 1127.2364501953125
2081.360107421875, 2083.273681640625, 878.134765625
2082.94384765625, 2091.598388671875, -118.78716278076172
2084.4580078125, 2095.71826171875, -247.1470947265625
2087.23779296875, 2095.71826171875, -683.97216796875
2088.525634765625, 2093.458740234375, -692.9147338867188
2089.745361328125, 2089.073974609375, -60.04841995239258
2090.89697265625, 2080.296142578125, 557.312744140625
2093.009765625, 2075.889892578125, 1541.513427734375
2093.96875, 2073.818603515625, 1983.333984375
2094.857177734375, 2078.356201171875, 1983.333984375
2095.66357421875, 2094.894287109375, 997.9255981445312
2097.080078125, 2103.19189453125, 281.8865661621094
2097.687744140625, 2111.5634765625, -798.91796875
2098.217529296875, 2119.8330078125, -2711.41748046875
2098.6787109375, 2136.371337890625, -1380.74658203125
2099.3984375, 2144.68505859375, -3146.8857421875
2099.65185546875, 2152.9541015625, -5653.97509765625
2099.838623046875, 2169.5517578125, -6024.09375
2099.9990234375, 2172.937255859375, -7000.0
2099.975830078125, 2155.659423828125, -7000.0
2099.882080078125, 2126.381591796875, -6335.01904296875
2099.72021484375, 2097.179443359375, -2379.82421875
2099.4892578125, 2067.93408203125, 328.1519470214844
2099.1796875, 2038.0751953125, 1983.333984375
2098.809326171875, 2032.2471923828125, 1983.333984375
2098.369873046875, 2040.51611328125, 1983.333984375
2097.853759765625, 2048.845947265625, 1983.333984375
2097.27587890625, 2057.114990234375, 1983.333984375
2096.629150390625, 2065.3837890625, 1983.333984375
2095.913818359375, 2081.9375, 1754.040283203125
2094.27734375, 2090.214111328125, 1212.6942138671875
2093.3564453125, 2098.48291015625, 588.8212890625
2092.366943359375, 2106.75244140625, -542.1654052734375
2091.29296875, 2115.082763671875, -2716.374755859375
2090.165771484375, 2123.35205078125, -2923.125732421875
2088.934326171875, 2126.2080078125, -3695.11669921875
2087.668701171875, 2106.28369140625, -2293.131103515625
2086.335205078125, 2077.082763671875, -598.2333984375
2084.93359375, 2047.8826904296875, 1983.333984375
2083.46435546875, 2035.6934814453125, 1983.333984375
2081.92724609375, 2039.9942626953125, 1983.333984375
2080.322265625, 2048.2646484375, 1983.333984375
2078.64990234375, 2056.5322265625, 1983.333984375
2076.884033203125, 2064.8564453125, 1983.333984375
2075.075927734375, 2073.142333984375, 1183.232177734375
2073.172607421875, 2081.52490234375, 191.5617218017578
2071.2294921875, 2089.79345703125, -1421.3648681640625
2069.21923828125, 2098.061279296875, -1256.1500244140625
2067.111083984375, 2106.406005859375, -2342.98193359375
2064.966552734375, 2114.674072265625, -4567.1083984375
2062.75537109375, 2122.942138671875, -7000.0
2060.477783203125, 2131.209716796875, -7000.0
2058.13427734375, 2133.437744140625, -7000.0
2055.688720703125, 2111.994873046875, -7000.0
2053.17529296875, 2082.62109375, -6623.86767578125
2050.59423828125, 2052.9296875, -3212.466796875
2047.984619140625, 2023.7310791015625, -252.75218200683594
2045.309814453125, 1994.5333251953125, 1983.333984375
2042.5697021484375, 1987.58935546875, 1983.333984375
2039.7647705078125, 1993.8985595703125, 1983.333984375
2036.89501953125, 2002.181640625, 1983.333984375
2033.9171142578125, 2010.576904296875, 1983.333984375
2030.91748046875, 2018.8448486328125, 1983.333984375
2027.853759765625, 2027.1126708984375, 1050.0482177734375
2024.72607421875, 2035.380615234375, -198.64393615722656
2021.5347900390625, 2043.6484375, -2162.178466796875
2018.2315673828125, 2051.939453125, -2508.9267578125
2014.8631591796875, 2060.254150390625, -4231.0205078125
2011.4801025390625, 2068.540283203125, -7000.0
2007.983154296875, 2076.84130859375, -7000.0
2004.4217529296875, 2085.135498046875, -7000.0
2000.8492431640625, 2086.708251953125, -7000.0
1997.16064453125, 2062.88037109375, -7000.0
1993.46337890625, 2033.613525390625, -7000.0
1989.648681640625, 2003.9288330078125, -4937.052734375
1985.8275146484375, 1974.7291259765625, -2899.11474609375
1981.9454345703125, 1945.5303955078125, 494.3608703613281
1978.00244140625, 1937.1767578125, 1983.333984375
1973.9990234375, 1943.4334716796875, 1983.333984375
1969.9354248046875, 1951.7122802734375, 1983.333984375
1965.6895751953125, 1960.1260986328125, 1602.01220703125
1961.504638671875, 1968.3944091796875, 756.3093872070312
1957.26025390625, 1976.6624755859375, -981.3214721679688
1952.9569091796875, 1984.9306640625, -1244.5260009765625
1948.5947265625, 1993.2064208984375, -2867.241455078125
1944.1085205078125, 2001.51220703125, -5946.474609375
1939.62890625, 2009.793701171875, -7000.0
1934.95703125, 2018.2042236328125, -7000.0
1930.3602294921875, 2026.4727783203125, -7000.0
1925.706298828125, 2034.740966796875, -7000.0
1920.92578125, 2035.598876953125, -7000.0
1916.157470703125, 2008.975830078125, -7000.0
1911.3330078125, 1979.7794189453125, -7000.0
1906.4525146484375, 1950.583740234375, -7000.0
1901.5166015625, 1921.3895263671875, -5577.44970703125
1896.525390625, 1892.1951904296875, -1463.6749267578125
1891.4046630859375, 1862.7906494140625, 964.8473510742188
1886.3033447265625, 1833.596435546875, 1983.333984375
1881.147705078125, 1839.0772705078125, 1983.333984375
1875.9383544921875, 1847.3577880859375, 1983.333984375
1870.519775390625, 1855.788330078125, 1983.333984375
1865.2022705078125, 1864.0555419921875, 1096.08154296875
1859.83203125, 1872.322509765625, -365.7284240722656
1854.409423828125, 1880.58984375, -2780.281982421875
1848.8538818359375, 1888.882080078125, -3809.699462890625
1843.245361328125, 1897.179443359375, -6445.1708984375
1837.6663818359375, 1905.4466552734375, -7000.0
1832.03662109375, 1913.71435546875, -7000.0
1826.2725830078125, 1922.0418701171875, -7000.0
1820.5416259765625, 1930.3232421875, -7000.0
1814.675537109375, 1930.5303955078125, -7000.0
1808.844970703125, 1901.6978759765625, -7000.0
1802.965576171875, 1872.5013427734375, -7000.0
1796.9501953125, 1842.8568115234375, -7000.0
1790.9736328125, 1813.6591796875, -5791.0126953125
1784.6824951171875, 1783.393310546875, -2007.5577392578125
1778.6090087890625, 1754.1968994140625, 908.9135131835938
1772.48876953125, 1725.003662109375, 1983.333984375
1766.322265625, 1697.17333984375, 1983.333984375
1760.1097412109375, 1697.563720703125, 1983.333984375
1753.851806640625, 1705.827880859375, 1983.333984375
1747.548828125, 1714.0919189453125, 1983.333984375
1741.201171875, 1722.3553466796875, 1983.333984375
1734.809326171875, 1730.618896484375, 1443.865234375
1728.373779296875, 1738.882080078125, 190.9617156982422
1721.8948974609375, 1747.145263671875, -2147.07763671875
1715.2769775390625, 1755.5419921875, -3301.86865234375
1708.7122802734375, 1763.80517578125, -6095.91357421875
1702.1055908203125, 1772.0679931640625, -7000.0
1695.45751953125, 1780.3309326171875, -7000.0
1688.669677734375, 1788.6650390625, -7000.0
1681.9393310546875, 1796.2919921875, -7000.0
1675.1688232421875, 1794.0357666015625, -7000.0
1668.3587646484375, 1764.8565673828125, -7000.0
1661.4085693359375, 1735.56494140625, -7000.0
1654.41845703125, 1706.2298583984375, -7000.0
1647.4912109375, 1676.9686279296875, -6677.6611328125
1640.5262451171875, 1647.788330078125, -3817.342529296875
1633.4207763671875, 1618.505615234375, -1449.3604736328125
1626.1737060546875, 1588.8079833984375, 1856.436767578125
1618.88818359375, 1562.317626953125, 1983.333984375
1611.7745361328125, 1559.72607421875, 1983.333984375
1604.6256103515625, 1567.988525390625, 1983.333984375
1597.44189453125, 1576.250244140625, 1983.333984375
1590.2239990234375, 1584.51171875, 1617.44970703125
1582.9722900390625, 1592.77294921875, 436.5610656738281
1575.687255859375, 1601.03369140625, -1966.903076171875
1568.369384765625, 1609.2945556640625, -3206.8427734375
1561.0194091796875, 1617.55517578125, -6171.357421875
1553.6375732421875, 1625.82568359375, -7000.0
1546.115234375, 1634.186279296875, -7000.0
1538.6708984375, 1642.4473876953125, -7000.0
1531.0863037109375, 1650.765625, -7000.0
1523.5816650390625, 1657.675537109375, -7000.0
1516.0478515625, 1652.9017333984375, -7000.0
1508.4852294921875, 1623.729248046875, -7000.0
1500.7828369140625, 1594.3389892578125, -7000.0
1493.0518798828125, 1565.0550537109375, -7000.0
1485.40576171875, 1535.8013916015625, -7000.0
1477.6199951171875, 1506.4771728515625, -6559.73583984375
1469.8074951171875, 1476.9647216796875, -3705.43359375
1462.08251953125, 1447.7899169921875, -1365.3243408203125
1454.33251953125, 1418.6151123046875, 1869.8040771484375
1446.5582275390625, 1394.2818603515625, 1983.333984375
1438.6451416015625, 1392.749267578125, 1983.333984375
1430.8232421875, 1402.11474609375, 1983.333984375
1422.7474365234375, 1410.7054443359375, 1983.333984375
1414.8798828125, 1418.9674072265625, 495.2902526855469
1406.9906005859375, 1427.229248046875, -1326.9161376953125
1399.0802001953125, 1435.4910888671875, -2022.49755859375
1391.0323486328125, 1443.8038330078125, -4616.033203125
1383.0809326171875, 1452.0657958984375, -7000.0
1375.1099853515625, 1460.3343505859375, -7000.0
1367.0025634765625, 1468.62451171875, -7000.0
1358.8760986328125, 1476.94384765625, -7000.0
1350.8494873046875, 1485.2191162109375, -7000.0
1342.6871337890625, 1491.4210205078125, -7000.0
1334.626220703125, 1483.81298828125, -7000.0
1326.311279296875, 1454.092041015625, -7000.0
1318.21826171875, 1424.9144287109375, -7000.0
1310.110107421875, 1395.7379150390625, -7000.0
1301.9874267578125, 1366.561279296875, -7000.0
1293.850830078125, 1337.384765625, -7000.0
1285.700927734375, 1308.2008056640625, -5843.1337890625
1277.4180908203125, 1278.8955078125, -2373.1171875
