108.57763671875, 125.4047622680664, -1425.5115966796875
107.52691650390625, 124.2232894897461, -2764.775390625
106.5445785522461, 123.11105346679688, -1195.9591064453125
105.63069915771484, 143.59735107421875, -2152.41552734375
104.78533172607422, 163.90159606933594, -5480.388671875
104.00853729248047, 184.01585388183594, -7000.0
103.30036926269531, 203.94810485839844, -7000.0
102.66087341308594, 217.92578125, -7000.0
102.09009552001953, 200.71511840820312, -7000.0
101.58808135986328, 171.5353546142578, -7000.0
101.15486145019531, 142.35955810546875, -7000.0
100.79045867919922, 113.19317626953125, -4742.5810546875
100.49490356445312, 84.04718780517578, -2118.495849609375
100.26821899414062, 54.9512939453125, 780.9888305664062
100.11042022705078, 43.415584564208984, 1983.333984375
100.02151489257812, 57.10017013549805, 1983.333984375
100.00151824951172, 78.12823486328125, 1983.333984375
100.0504150390625, 98.97786712646484, 621.2183227539062
100.168212890625, 119.64566040039062, -1101.9322509765625
100.35490417480469, 140.13880920410156, -2236.806396484375
100.61046600341797, 160.4517364501953, -5610.955078125
100.93489837646484, 180.58889770507812, -7000.0
101.32816314697266, 200.54800415039062, -7000.0
101.79023742675781, 220.33314514160156, -7000.0
102.32109832763672, 239.9557647705078, -7000.0
102.92069244384766, 259.4122009277344, -7000.0
103.58899688720703, 278.6998291015625, -7000.0
104.3259506225586, 292.0352478027344, -7000.0
105.13150787353516, 274.625244140625, -7000.0
106.00562286376953, 245.468505859375, -7000.0
106.9482192993164, 216.31521606445312, -7000.0
107.95923614501953, 187.16708374023438, -7000.0
109.03861236572266, 158.0284881591797, -7000.0
110.18627166748047, 128.90660095214844, -5425.1142578125
111.40213012695312, 99.8148193359375, -3277.740234375
112.68609619140625, 70.79039001464844, 297.4077453613281
114.03810119628906, 59.24066162109375, 1983.333984375
115.45803833007812, 66.96141052246094, 1983.333984375
116.94581604003906, 85.3941421508789, 1983.333984375
118.5013198852539, 106.1031265258789, 991.9321899414062
120.12445831298828, 126.66130828857422, -1160.967041015625
121.81510925292969, 147.06297302246094, -3456.63623046875
123.57316589355469, 167.29811096191406, -4929.23828125
125.39849853515625, 187.3660125732422, -7000.0
127.29097747802734, 207.2686767578125, -7000.0
129.25048828125, 227.00540161132812, -7000.0
131.27687072753906, 246.57376098632812, -7000.0
133.37002563476562, 265.9739685058594, -7000.0
135.52975463867188, 285.2055969238281, -7000.0
137.75596618652344, 304.2754211425781, -7000.0
140.0484619140625, 317.38861083984375, -7000.0
142.4071044921875, 299.883544921875, -7000.0
144.83172607421875, 270.7258605957031, -7000.0
147.32215881347656, 241.57102966308594, -7000.0
149.87823486328125, 212.42050170898438, -7000.0
152.49978637695312, 183.27618408203125, -6814.95751953125
155.18661499023438, 154.1417694091797, -2993.18603515625
157.93853759765625, 125.02440643310547, -432.3818359375
160.75538635253906, 95.93963623046875, 1983.333984375
163.63693237304688, 93.59060668945312, 1983.333984375
166.5830078125, 110.72734069824219, 1983.333984375
169.59339904785156, 131.24859619140625, 1983.333984375
172.6678924560547, 151.6119842529297, 1983.333984375
175.80628967285156, 171.80772399902344, 1022.5084838867188
179.00836181640625, 191.8366241455078, -1798.8197021484375
182.27389526367188, 211.699951171875, -1722.6746826171875
185.6026611328125, 231.39639282226562, -3525.044921875
188.9944305419922, 250.9250946044922, -7000.0
192.44895935058594, 270.2855224609375, -7000.0
195.96603393554688, 289.4844055175781, -7000.0
199.54539489746094, 308.5173034667969, -7000.0
203.18679809570312, 327.38818359375, -7000.0
206.88999938964844, 340.3034362792969, -7000.0
210.6547393798828, 322.7150573730469, -7000.0
214.48074340820312, 293.5555114746094, -7000.0
218.36778259277344, 264.39825439453125, -7000.0
222.3155517578125, 235.2442169189453, -4776.9736328125
226.3238067626953, 206.09466552734375, -1694.2406005859375
230.39224243164062, 176.95205688476562, 1983.333984375
234.52061462402344, 165.3529815673828, 1983.333984375
238.7086181640625, 178.3087158203125, 1983.333984375
242.95596313476562, 198.2882843017578, 1983.333984375
247.26235961914062, 218.0945587158203, 1983.333984375
251.6275177001953, 237.7311553955078, 1271.6434326171875
256.0511169433594, 257.20709228515625, -167.2317657470703
260.5328674316406, 276.51849365234375, -1464.71142578125
265.0724792480469, 295.66058349609375, -1543.094970703125
269.66961669921875, 314.6407775878906, -3264.485595703125
274.3239440917969, 333.4618225097656, -6521.75732421875
279.0351867675781, 352.12359619140625, -7000.0
283.802978515625, 370.6259460449219, -7000.0
288.62701416015625, 388.96942138671875, -7000.0
293.5069580078125, 401.3497619628906, -7000.0
298.4424743652344, 383.576416015625, -7000.0
303.4332275390625, 354.4135437011719, -7000.0
308.4788513183594, 325.2518615722656, -5221.287109375
313.5790100097656, 296.0919189453125, -2435.681396484375
318.7333679199219, 266.9341735839844, 1438.697265625
323.9415283203125, 255.34437561035156, 1983.333984375
329.20318603515625, 267.7810363769531, 1983.333984375
334.5179748535156, 287.0012512207031, 1983.333984375
339.8854675292969, 306.0609436035156, 1983.333984375
345.30535888671875, 324.9540710449219, 1983.333984375
350.7772216796875, 343.6851806640625, 591.8771362304688
356.3007507324219, 362.2570495605469, -1263.746826171875
361.87548828125, 380.6695861816406, -2831.30419921875
367.5010986328125, 398.92254638671875, -2939.770263671875
373.17718505859375, 417.0229797363281, -4465.07861328125
378.9033203125, 434.9666442871094, -7000.0
384.6791687011719, 452.7576904296875, -7000.0
390.5043029785156, 470.39898681640625, -7000.0
396.3783264160156, 482.0749206542969, -7000.0
402.3008117675781, 464.0724182128906, -7000.0
408.2713928222656, 434.906982421875, -6352.62939453125
414.2896423339844, 405.7421875, -1710.468505859375
420.3551025390625, 376.5782470703125, 1312.8382568359375
426.4674377441406, 347.4152526855469, 1983.333984375
432.6261291503906, 352.153076171875, 1983.333984375
438.8308410644531, 370.6543273925781, 1983.333984375
445.08111572265625, 388.9964904785156, 1983.333984375
451.3764953613281, 407.1792297363281, 1983.333984375
457.716552734375, 425.2095642089844, 1983.333984375
464.10089111328125, 443.0832214355469, 1983.333984375
470.529052734375, 460.8043518066406, 1005.2057495117188
477.00054931640625, 478.37567138671875, -235.32301330566406
483.5150146484375, 495.7972106933594, -1110.828857421875
490.0719299316406, 513.0689697265625, -3169.02001953125
496.6708679199219, 530.1908569335938, -3502.525634765625
503.3114013671875, 547.1699829101562, -5002.7177734375
509.9930114746094, 558.188720703125, -6924.26416015625
516.71533203125, 539.9755859375, -5895.68505859375
523.477783203125, 510.808837890625, -3632.462158203125
530.2799682617188, 481.64227294921875, 1086.191650390625
537.1214599609375, 470.0761413574219, 1983.333984375
544.0016479492188, 475.41656494140625, 1983.333984375
550.9202270507812, 490.4831848144531, 1983.333984375
557.8765869140625, 507.80126953125, 1983.333984375
564.870361328125, 524.97265625, 1983.333984375
571.9009399414062, 541.994384765625, 1983.333984375
578.9679565429688, 558.8663330078125, 1983.333984375
586.07080078125, 575.5955810546875, 1202.1768798828125
593.2091064453125, 592.1849975585938, 336.6158752441406
600.3823852539062, 608.6343994140625, -107.1211929321289
607.5900268554688, 624.9440307617188, -1570.4510498046875
614.8316040039062, 641.1137084960938, -1156.229248046875
622.1065673828125, 657.1434326171875, -1764.74462890625
629.41455078125, 673.0332641601562, -3325.057861328125
636.7548828125, 682.9649047851562, -5103.85986328125
644.1271362304688, 664.4172973632812, -3827.11669921875
651.5308227539062, 635.2491455078125, -1254.739501953125
658.9654541015625, 606.0810546875, 1983.333984375
666.430419921875, 594.5280151367188, 1983.333984375
673.92529296875, 604.9423828125, 1983.333984375
681.449462890625, 621.2813720703125, 1983.333984375
689.0025024414062, 637.4806518554688, 1983.333984375
696.5839233398438, 653.5401000976562, 1983.333984375
704.1930541992188, 669.4597778320312, 1983.333984375
711.8294677734375, 685.2466430664062, 1983.333984375
719.49267578125, 700.896484375, 1983.333984375
727.1820678710938, 716.4134521484375, 1372.7520751953125
734.8971557617188, 731.79345703125, 872.5564575195312
742.6373901367188, 747.0404663085938, -446.8938903808594
750.4022827148438, 762.1575927734375, -1252.893310546875
758.1912231445312, 777.1448364257812, -2842.438232421875
766.0037231445312, 786.1793823242188, -1666.038818359375
773.8392333984375, 784.9812622070312, -2340.74609375
781.697265625, 762.9745483398438, -837.0884399414062
789.5772094726562, 751.4332275390625, 1860.7803955078125
797.478515625, 750.281982421875, 1983.333984375
805.400634765625, 761.0590209960938, 1983.333984375
813.3431396484375, 776.0557250976562, 1983.333984375
821.3052978515625, 790.9226684570312, 1983.333984375
829.2867431640625, 805.6668701171875, 1983.333984375
837.2868041992188, 820.283935546875, 1983.333984375
845.3049926757812, 834.7782592773438, 1460.5762939453125
853.3406982421875, 849.1455688476562, 253.36181640625
861.3933715820312, 863.3899536132812, -646.1194458007812
869.4625244140625, 877.514404296875, -1018.3807373046875
877.547607421875, 891.5189208984375, -2049.483642578125
885.64794921875, 905.4033203125, -864.7495727539062
893.7630615234375, 919.1677856445312, -3212.04052734375
901.8923950195312, 926.985107421875, -2579.930908203125
910.035400390625, 925.4321899414062, -869.6804809570312
918.1914672851562, 903.4120483398438, 246.2763671875
926.360107421875, 874.2426147460938, 1983.333984375
934.5407104492188, 870.0377807617188, 1983.333984375
942.732666015625, 881.7404174804688, 1983.333984375
950.9354858398438, 895.7045288085938, 1983.333984375
959.1485595703125, 909.5487670898438, 1983.333984375
967.371337890625, 923.2731323242188, 1983.333984375
975.603271484375, 936.8845825195312, 1983.333984375
983.84375, 950.3790283203125, 1983.333984375
992.09228515625, 963.7534790039062, 1983.333984375
1000.3482055664062, 977.01513671875, 1983.333984375
1008.6110229492188, 990.1668090820312, 1983.333984375
1016.8800659179688, 1003.2012939453125, 1983.333984375
1025.1549072265625, 1016.1229858398438, 1466.81689453125
1033.4349365234375, 1028.9346923828125, 470.02117919921875
1041.719482421875, 1041.63623046875, -27.937763214111328
1050.008056640625, 1054.2279052734375, -981.1443481445312
1058.300048828125, 1060.8775634765625, -709.8709106445312
1066.594970703125, 1062.17529296875, -632.280517578125
1074.8922119140625, 1059.0848388671875, 741.7402954101562
1083.191162109375, 1057.895751953125, 1983.333984375
1091.4912109375, 1060.9588623046875, 1983.333984375
1099.7918701171875, 1071.0306396484375, 1983.333984375
1108.092529296875, 1083.3720703125, 1983.333984375
1116.3927001953125, 1095.610595703125, 1983.333984375
1124.6917724609375, 1107.7421875, 1983.333984375
1132.989013671875, 1119.7708740234375, 1983.333984375
1141.2840576171875, 1131.7001953125, 1643.1280517578125
1149.5762939453125, 1143.5218505859375, 927.5800170898438
1157.864990234375, 1155.24072265625, 808.798095703125
1166.1497802734375, 1166.859619140625, 325.7716064453125
1174.4300537109375, 1178.3782958984375, -492.4600830078125
1182.705078125, 1189.797119140625, -762.0855102539062
1190.9744873046875, 1201.123046875, -1367.9974365234375
1199.2376708984375, 1206.5152587890625, -1614.9556884765625
1207.493896484375, 1204.2584228515625, -646.3211059570312
1215.7427978515625, 1199.8785400390625, 872.7783203125
1223.9837646484375, 1195.4986572265625, 1983.333984375
1232.216064453125, 1196.4434814453125, 1983.333984375
1240.4393310546875, 1205.3570556640625, 1983.333984375
1248.6529541015625, 1216.545654296875, 1983.333984375
1256.8563232421875, 1227.641357421875, 1983.333984375
1265.048828125, 1238.64013671875, 1983.333984375
1273.22998046875, 1249.5460205078125, 1983.333984375
1281.399169921875, 1260.36181640625, 1983.333984375
1289.555908203125, 1271.0806884765625, 1983.333984375
1297.6995849609375, 1281.7066650390625, 1983.333984375
1305.82958984375, 1292.2425537109375, 1983.333984375
1313.945556640625, 1302.6884765625, 1983.333984375
1322.046630859375, 1313.04443359375, 1754.2283935546875
1330.1324462890625, 1323.310302734375, 1297.13623046875
1338.202392578125, 1333.486328125, 631.84912109375
1346.2559814453125, 1343.579345703125, 718.379638671875
1354.29248046875, 1353.585205078125, 585.0009765625
1362.3116455078125, 1357.659423828125, 913.8568725585938
1370.3126220703125, 1359.3525390625, 1007.8121948242188
1378.294921875, 1361.0284423828125, 1820.5113525390625
1386.258056640625, 1368.5341796875, 1983.333984375
1394.2015380859375, 1378.3271484375, 1983.333984375
1402.124755859375, 1388.032958984375, 1983.333984375
1410.027099609375, 1397.656005859375, 1983.333984375
1417.908203125, 1406.4354248046875, 1983.333984375
1425.7672119140625, 1414.7498779296875, 1983.333984375
1433.6038818359375, 1423.010009765625, 1983.333984375
1441.4176025390625, 1431.2701416015625, 1983.333984375
1449.207763671875, 1439.5302734375, 1983.333984375
1456.973876953125, 1447.7904052734375, 1983.333984375
1464.71533203125, 1456.050537109375, 1954.155029296875
1472.431640625, 1464.3106689453125, 1864.2239990234375
1480.1224365234375, 1472.57080078125, 1713.658447265625
1487.786865234375, 1480.8309326171875, 1502.4727783203125
1495.4246826171875, 1489.091064453125, 1230.652099609375
1503.0352783203125, 1497.3511962890625, 898.1270141601562
1510.6180419921875, 1505.611328125, 504.7334289550781
1518.1724853515625, 1513.8714599609375, 992.3571166992188
1525.6981201171875, 1522.131591796875, 429.4827880859375
1533.1944580078125, 1524.4940185546875, 482.3831481933594
1540.6610107421875, 1530.39208984375, 712.1605834960938
1548.0970458984375, 1538.6522216796875, 836.1475219726562
1555.5023193359375, 1546.9122314453125, 856.09912109375
1562.876220703125, 1555.17236328125, 773.6266479492188
1570.2181396484375, 1563.4326171875, 590.2329711914062
1577.5277099609375, 1571.692626953125, 307.26190185546875
1584.804443359375, 1579.9527587890625, 868.00390625
1592.0477294921875, 1588.212890625, 342.278076171875
1599.257080078125, 1596.4730224609375, 664.69140625
1606.4320068359375, 1604.733154296875, 846.8134155273438
1613.5721435546875, 1612.9932861328125, 891.6771850585938
1620.6767578125, 1621.25341796875, 802.0940551757812
1627.74560546875, 1623.612548828125, 313.9755859375
1634.7779541015625, 1623.61279296875, 655.1365356445312
1641.7735595703125, 1629.5145263671875, 1104.44384765625
1648.73193359375, 1637.7745361328125, 1382.3033447265625
1655.65234375, 1646.03466796875, 1492.956787109375
1662.5345458984375, 1654.2950439453125, 1440.363525390625
1669.3779296875, 1662.5550537109375, 1228.2711181640625
1676.18212890625, 1670.8153076171875, 860.1841430664062
1682.946533203125, 1679.075439453125, 339.34783935546875
1689.6708984375, 1687.3355712890625, 610.9149780273438
1696.3546142578125, 1695.595703125, 688.5155639648438
1702.9971923828125, 1703.8558349609375, 577.1397705078125
1709.59814453125, 1712.115966796875, 281.4725036621094
1716.1572265625, 1720.3765869140625, -194.1055450439453
1722.673828125, 1722.7314453125, -169.53555297851562
1729.1474609375, 1722.7315673828125, 594.736083984375
1735.577880859375, 1722.731689453125, 1114.68115234375
1741.96435546875, 1722.7318115234375, 1983.333984375
1748.306640625, 1728.6380615234375, 1983.333984375
1754.604248046875, 1736.8980712890625, 1983.333984375
1760.8568115234375, 1745.158203125, 1983.333984375
1767.0638427734375, 1753.418212890625, 1983.333984375
1773.224853515625, 1761.6783447265625, 1983.333984375
1779.3394775390625, 1769.9384765625, 1983.333984375
1785.4073486328125, 1778.1988525390625, 1788.6871337890625
1791.427978515625, 1786.4591064453125, 1347.496337890625
1797.4010009765625, 1794.71923828125, 666.64013671875
1803.3258056640625, 1802.9793701171875, 694.6669921875
1809.2022705078125, 1811.2396240234375, 448.5167236328125
1815.0299072265625, 1819.499755859375, -63.67603302001953
1820.8082275390625, 1821.850341796875, -157.90914916992188
1826.536865234375, 1821.8505859375, 408.23699951171875
1832.2154541015625, 1821.8505859375, 653.91796875
1837.8436279296875, 1821.8507080078125, 1531.456787109375
1843.4208984375, 1827.7613525390625, 1983.333984375
1848.947021484375, 1836.0213623046875, 1983.333984375
1854.4215087890625, 1844.281494140625, 1983.333984375
1859.843994140625, 1852.5416259765625, 1799.7520751953125
1865.214111328125, 1860.8017578125, 1294.6094970703125
1870.5316162109375, 1869.0618896484375, 477.97698974609375
1875.7958984375, 1877.322021484375, 301.4215393066406
1881.0068359375, 1885.58203125, -215.22158813476562
1886.163818359375, 1893.8424072265625, -563.3649291992188
1891.2667236328125, 1902.1025390625, -1255.4085693359375
1896.3150634765625, 1910.3626708984375, -2280.402099609375
1901.30859375, 1918.6229248046875, -3627.97119140625
1906.246826171875, 1920.9693603515625, -1785.2183837890625
1911.129638671875, 1917.8333740234375, -1943.069091796875
1915.9564208984375, 1895.7020263671875, 494.38153076171875
1920.72705078125, 1884.283447265625, 1983.333984375
1925.441162109375, 1883.0400390625, 1983.333984375
1930.098388671875, 1888.9554443359375, 1983.333984375
1934.6983642578125, 1897.2154541015625, 1983.333984375
1939.2408447265625, 1905.4754638671875, 1983.333984375
1943.7255859375, 1913.735595703125, 1983.333984375
1948.152099609375, 1921.9957275390625, 1983.333984375
1952.5201416015625, 1930.255859375, 1983.333984375
1956.8294677734375, 1938.51611328125, 1983.333984375
1961.079833984375, 1946.7763671875, 1983.333984375
1965.270751953125, 1955.0364990234375, 1983.333984375
1969.4022216796875, 1963.2967529296875, 1663.217529296875
1973.4736328125, 1971.556884765625, 879.7479858398438
1977.48486328125, 1979.8173828125, 591.2613525390625
1981.4356689453125, 1988.0775146484375, -175.96273803710938
1985.3258056640625, 1990.418701171875, -229.6830291748047
1989.1549072265625, 1990.4189453125, -340.2459411621094
1992.9227294921875, 1987.2799072265625, 345.2031555175781
1996.6290283203125, 1986.0390625, 620.510009765625
2000.2734375, 1986.0391845703125, 1299.1435546875
2003.85595703125, 1991.9593505859375, 1676.280517578125
2007.376220703125, 2000.2193603515625, 1492.0828857421875
2010.8338623046875, 2008.4794921875, 767.4641723632812
2014.228759765625, 2016.7396240234375, 464.3622741699219
2017.5606689453125, 2024.9996337890625, -387.5911560058594
2020.8294677734375, 2033.2598876953125, -1270.3623046875
2024.03466796875, 2041.520263671875, -2687.489013671875
2027.17626953125, 2049.780029296875, -1793.25390625
2030.25390625, 2058.040283203125, -1536.83837890625
2033.267578125, 2066.300537109375, -1893.6435546875
2036.2169189453125, 2074.560791015625, -2840.37109375
2039.1016845703125, 2082.821044921875, -4354.94287109375
2041.9217529296875, 2085.157958984375, -5738.43408203125
2044.677001953125, 2064.23876953125, -4343.33740234375
2047.3670654296875, 2035.0682373046875, -2197.9638671875
2049.991943359375, 2005.8975830078125, 1983.333984375
2052.55126953125, 1994.507568359375, 1983.333984375
2055.044921875, 1999.193603515625, 1983.333984375
2057.472900390625, 2007.4539794921875, 1983.333984375
2059.8349609375, 2015.7139892578125, 1983.333984375
2062.130615234375, 2023.97412109375, 1983.333984375
2064.360107421875, 2032.2342529296875, 1983.333984375
2066.523193359375, 2040.494384765625, 1983.333984375
2068.619873046875, 2048.754638671875, 1983.333984375
2070.6494140625, 2057.014892578125, 1983.333984375
2072.6123046875, 2065.27490234375, 1804.963134765625
2074.50830078125, 2073.534912109375, 907.1680908203125
2076.3369140625, 2081.795166015625, 260.32000732421875
2078.098388671875, 2090.055419921875, -600.095947265625
2079.79248046875, 2092.387939453125, -1490.501220703125
2081.4189453125, 2089.244384765625, -1790.44384765625
2082.977783203125, 2084.864501953125, -1395.664306640625
2084.468994140625, 2080.484375, -348.6943054199219
2085.892333984375, 2076.1044921875, 812.2889404296875
2087.247802734375, 2071.724365234375, 1629.5615234375
2088.53515625, 2070.488525390625, 1983.333984375
2089.75439453125, 2076.418212890625, 1983.333984375
2090.905517578125, 2084.67822265625, 1678.0821533203125
2091.98828125, 2092.9384765625, 566.6502685546875
2093.002685546875, 2101.198486328125, -376.3646240234375
2093.94873046875, 2109.458740234375, -1611.4903564453125
2094.826171875, 2117.71875, -3629.745361328125
2095.63525390625, 2125.97900390625, -3573.54638671875
2096.375732421875, 2134.2392578125, -4380.74560546875
2097.04736328125, 2142.499267578125, -6016.0244140625
2097.650390625, 2150.759521484375, -7000.0
2098.184814453125, 2159.019775390625, -7000.0
2098.650390625, 2167.27978515625, -7000.0
2099.047119140625, 2169.607421875, -7000.0
2099.375, 2148.65478515625, -7000.0
2099.634033203125, 2119.484130859375, -5574.20849609375
2099.823974609375, 2090.3134765625, -859.5848388671875
2099.9453125, 2061.142822265625, 1983.333984375
2099.99755859375, 2031.97216796875, 1983.333984375
2099.981201171875, 2029.693115234375, 1983.333984375
2099.895751953125, 2037.9534912109375, 1983.333984375
2099.7412109375, 2046.213623046875, 1983.333984375
2099.51806640625, 2054.473876953125, 1983.333984375
2099.22607421875, 2062.73388671875, 1983.333984375
2098.864990234375, 2070.994140625, 1983.333984375
2098.435302734375, 2079.25439453125, 1983.333984375
2097.936767578125, 2087.514404296875, 1983.333984375
2097.369384765625, 2095.774658203125, 1147.870361328125
2096.7333984375, 2104.03466796875, 278.1709289550781
2096.028564453125, 2112.294677734375, -1076.215576171875
2095.25537109375, 2120.554931640625, -3396.678466796875
2094.413330078125, 2122.877685546875, -3137.013671875
2093.5029296875, 2119.72900390625, -2634.139404296875
2092.52392578125, 2097.527099609375, -2553.788330078125
2091.4765625, 2068.3564453125, 243.2333984375
2090.361083984375, 2057.00927734375, 1983.333984375
2089.17724609375, 2055.778564453125, 1983.333984375
2087.92529296875, 2061.7177734375, 1983.333984375
2086.605224609375, 2069.97802734375, 1983.333984375
2085.217041015625, 2078.238037109375, 1764.0291748046875
2083.76123046875, 2086.498291015625, 443.7425231933594
2082.237548828125, 2094.758544921875, -490.332763671875
2080.64599609375, 2103.018310546875, -2505.1865234375
2078.987060546875, 2111.2783203125, -2728.185546875
2077.2607421875, 2119.53857421875, -4082.94091796875
2075.466796875, 2127.798828125, -6520.576171875
2073.60595703125, 2136.05908203125, -7000.0
2071.677978515625, 2144.3193359375, -7000.0
2069.682861328125, 2152.579345703125, -7000.0
2067.62109375, 2154.897216796875, -7000.0
2065.49267578125, 2133.909912109375, -7000.0
2063.297607421875, 2104.73974609375, -7000.0
2061.0361328125, 2075.568603515625, -4965.81787109375
2058.70849609375, 2046.3980712890625, -2787.60205078125
2056.31494140625, 2017.2274169921875, 906.2540893554688
2053.855224609375, 2005.896484375, 1983.333984375
2051.330078125, 2010.61328125, 1983.333984375
2048.7392578125, 2018.873291015625, 1983.333984375
2046.0830078125, 2027.1336669921875, 1983.333984375
2043.361572265625, 2035.393798828125, 1877.274658203125
2040.5751953125, 2043.6539306640625, 512.0125122070312
2037.7239990234375, 2051.9140625, -616.7476196289062
2034.8082275390625, 2060.17431640625, -2968.0771484375
2031.8280029296875, 2068.4345703125, -3662.001708984375
2028.7835693359375, 2076.69482421875, -5614.962890625
2025.6751708984375, 2084.954833984375, -7000.0
2022.5029296875, 2093.215087890625, -7000.0
2019.2672119140625, 2101.475341796875, -7000.0
2015.9681396484375, 2103.78759765625, -7000.0
2012.6058349609375, 2082.781005859375, -7000.0
2009.1807861328125, 2053.610595703125, -7000.0
2005.693115234375, 2024.4398193359375, -5448.33349609375
2002.1429443359375, 1995.2691650390625, -1042.1732177734375
1998.5306396484375, 1966.098388671875, 1802.5113525390625
1994.8564453125, 1936.9278564453125, 1983.333984375
1991.1204833984375, 1934.7191162109375, 1983.333984375
1987.3232421875, 1942.9791259765625, 1983.333984375
1983.46484375, 1951.239013671875, 1983.333984375
1979.5455322265625, 1959.499267578125, 1983.333984375
1975.565673828125, 1967.7593994140625, 1858.19091796875
1971.525390625, 1976.0196533203125, 331.5866394042969
1967.4251708984375, 1984.27978515625, -1093.36767578125
1963.26513671875, 1992.5401611328125, -1042.275634765625
1959.045654296875, 2000.800537109375, -2421.9794921875
1954.766845703125, 2009.0606689453125, -5167.71533203125
1950.4293212890625, 2017.3209228515625, -7000.0
1946.0330810546875, 2025.5810546875, -7000.0
1941.57861328125, 2027.8880615234375, -7000.0
1937.066162109375, 2006.8634033203125, -7000.0
1932.4959716796875, 1977.6927490234375, -7000.0
1927.868408203125, 1948.522216796875, -5666.931640625
1923.183837890625, 1919.3516845703125, -1598.268310546875
1918.442626953125, 1890.180908203125, 796.58056640625
1913.6448974609375, 1861.010498046875, 1983.333984375
1908.7911376953125, 1858.8250732421875, 1983.333984375
1903.8817138671875, 1867.0850830078125, 1983.333984375
1898.9168701171875, 1875.3450927734375, 1983.333984375
1893.89697265625, 1883.60546875, 1983.333984375
1888.8223876953125, 1891.8656005859375, 616.177734375
1883.693359375, 1900.1256103515625, -775.0450439453125
1878.510498046875, 1908.3858642578125, -3635.20361328125
1873.27392578125, 1916.6461181640625, -5070.720703125
1867.9840087890625, 1924.90625, -7000.0
1862.6412353515625, 1933.16650390625, -7000.0
1857.245849609375, 1941.4266357421875, -7000.0
1851.79833984375, 1949.6868896484375, -7000.0
1846.299072265625, 1951.9886474609375, -7000.0
1840.748291015625, 1930.9459228515625, -7000.0
1835.146484375, 1901.7752685546875, -7000.0
1829.494140625, 1872.6036376953125, -7000.0
1823.7913818359375, 1843.43310546875, -5551.53466796875
1818.038818359375, 1814.2625732421875, -1495.4864501953125
1812.23681640625, 1785.0919189453125, 766.2528076171875
1806.3856201171875, 1755.92138671875, 1983.333984375
1800.48583984375, 1753.76171875, 1983.333984375
1794.537841796875, 1762.021728515625, 1983.333984375
1788.5418701171875, 1770.28173828125, 1983.333984375
1782.49853515625, 1778.542236328125, 1417.0557861328125
1776.408203125, 1786.8023681640625, 178.8345947265625
1770.271240234375, 1795.0625, -2147.3525390625
1764.0880126953125, 1803.3226318359375, -3184.218017578125
1757.859130859375, 1811.5858154296875, -5827.7861328125
1751.5848388671875, 1819.84619140625, -7000.0
1745.2657470703125, 1828.1063232421875, -7000.0
1738.902099609375, 1836.36669921875, -7000.0
1732.4945068359375, 1844.626953125, -7000.0
1726.0433349609375, 1846.9195556640625, -7000.0
1719.5489501953125, 1825.8448486328125, -7000.0
1713.011962890625, 1796.67431640625, -7000.0
1706.4326171875, 1767.5037841796875, -7000.0
1699.8115234375, 1738.3333740234375, -7000.0
1693.149169921875, 1709.162841796875, -5136.845703125
1686.4459228515625, 1679.9923095703125, -3621.895751953125
1679.7022705078125, 1650.8216552734375, -113.66345977783203
1672.918701171875, 1639.5670166015625, 1983.333984375
1666.0955810546875, 1638.3525390625, 1983.333984375
1659.2335205078125, 1644.32275390625, 1983.333984375
1652.3328857421875, 1652.5826416015625, 935.2240600585938
1645.3941650390625, 1660.8427734375, -360.06072998046875
1638.41796875, 1669.102783203125, -3334.571533203125
1631.404541015625, 1677.3629150390625, -5082.0927734375
1624.3546142578125, 1685.623046875, -7000.0
1617.2685546875, 1693.8831787109375, -7000.0
1610.146728515625, 1702.1431884765625, -7000.0
1602.9898681640625, 1710.403564453125, -7000.0
1595.79833984375, 1718.6636962890625, -7000.0
1588.5726318359375, 1726.923828125, -7000.0
1581.313232421875, 1735.1839599609375, -7000.0
1574.020751953125, 1737.4708251953125, -7000.0
1566.695556640625, 1716.3751220703125, -7000.0
1559.338134765625, 1687.20458984375, -7000.0
1551.94921875, 1658.0341796875, -7000.0
1544.529052734375, 1628.8638916015625, -7000.0
1537.0782470703125, 1599.6932373046875, -7000.0
1529.597412109375, 1570.522705078125, -7000.0
1522.0869140625, 1541.351318359375, -5509.2734375
1514.5472412109375, 1512.1806640625, -1617.60693359375
1506.9791259765625, 1483.01025390625, 285.5640563964844
1499.3829345703125, 1453.8399658203125, 1983.333984375
1491.75927734375, 1451.751708984375, 1983.333984375
1484.108642578125, 1460.01171875, 1983.333984375
1476.431396484375, 1468.2716064453125, 1896.9315185546875
1468.7283935546875, 1476.5316162109375, 930.0128784179688
1460.9998779296875, 1484.791748046875, -1320.5994873046875
1453.2464599609375, 1493.0518798828125, -2465.09326171875
1445.46875, 1501.3118896484375, -5387.8173828125
1437.667236328125, 1509.5721435546875, -7000.0
1429.8424072265625, 1517.832275390625, -7000.0
1421.9949951171875, 1526.09228515625, -7000.0
1414.125244140625, 1534.3524169921875, -7000.0
1406.23388671875, 1542.6126708984375, -7000.0
1398.321533203125, 1544.8934326171875, -7000.0
1390.388427734375, 1523.776123046875, -7000.0
1382.4354248046875, 1494.6055908203125, -7000.0
1374.4630126953125, 1465.435302734375, -7000.0
1366.4716796875, 1436.264892578125, -7000.0
1358.4619140625, 1407.0947265625, -7000.0
1350.434326171875, 1377.92431640625, -6451.49169921875
1342.3895263671875, 1348.75390625, -3512.50537109375
1334.3280029296875, 1319.5836181640625, -1130.9801025390625
1326.2503662109375, 1290.4132080078125, 1845.30810546875
1318.1572265625, 1279.196533203125, 1983.333984375
1310.0489501953125, 1285.6439208984375, 1983.333984375
1301.9261474609375, 1296.148681640625, 1369.156494140625
1293.78955078125, 1306.5633544921875, -385.2039489746094
1285.6395263671875, 1316.8883056640625, -3424.021728515625
1277.4766845703125, 1327.1229248046875, -5590.18408203125
1269.3016357421875, 1337.26806640625, -7000.0
1261.114990234375, 1347.330078125, -7000.0
1252.917236328125, 1357.30517578125, -7000.0
1244.7088623046875, 1367.197265625, -7000.0
1236.4906005859375, 1377.0020751953125, -7000.0
1228.2628173828125, 1386.7242431640625, -7000.0
1220.0263671875, 1396.3592529296875, -7000.0
1211.781494140625, 1399.9769287109375, -7000.0
1203.5289306640625, 1379.206787109375, -7000.0
1195.269287109375, 1350.03662109375, -7000.0
1187.003173828125, 1320.8662109375, -7000.0
1178.73095703125, 1291.6961669921875, -7000.0
1170.4532470703125, 1262.52587890625, -7000.0
1162.1707763671875, 1233.3543701171875, -7000.0
1153.884033203125, 1204.184326171875, -7000.0
1145.593505859375, 1175.0140380859375, -6672.81396484375
1137.2999267578125, 1145.8438720703125, -3972.779296875
1129.0037841796875, 1116.6737060546875, -1845.109375
1120.70556640625, 1087.5037841796875, 666.4899291992188
1112.4058837890625, 1076.3079833984375, 1983.333984375
1104.10546875, 1084.0296630859375, 1983.333984375
1095.8046875, 1096.2596435546875, 460.0138244628906
1087.504150390625, 1108.3868408203125, -1435.2691650390625
1079.20458984375, 1120.406982421875, -2735.05419921875
1070.9063720703125, 1132.324462890625, -6283.46337890625
1062.6102294921875, 1144.1419677734375, -7000.0
1054.316650390625, 1155.859619140625, -7000.0
1046.0262451171875, 1167.47705078125, -7000.0
1037.739501953125, 1178.99462890625, -7000.0
1029.45703125, 1190.412109375, -7000.0
1021.1795043945312, 1201.7296142578125, -7000.0
1012.9073486328125, 1212.9544677734375, -7000.0
1004.6411743164062, 1218.1407470703125, -7000.0
996.381591796875, 1197.77685546875, -7000.0
988.129150390625, 1168.6068115234375, -7000.0
979.8844604492188, 1139.4368896484375, -7000.0
971.6480102539062, 1110.2669677734375, -7000.0
963.42041015625, 1081.0968017578125, -7000.0
955.2022094726562, 1051.9268798828125, -7000.0
946.9939575195312, 1022.7569580078125, -7000.0
938.7963256835938, 993.5859375, -7000.0
930.6097412109375, 964.4161376953125, -7000.0
922.434814453125, 935.2452392578125, -4772.25537109375
914.2721557617188, 906.0755615234375, -3077.977294921875
906.122314453125, 876.906005859375, -224.63677978515625
897.9857788085938, 865.7322998046875, 1880.623046875
889.8632202148438, 867.3705444335938, 1983.333984375
881.755126953125, 878.6635131835938, 653.2649536132812
873.6620483398438, 892.6559448242188, -1035.5767822265625
865.5845336914062, 906.5285034179688, -2326.07080078125
857.5232543945312, 920.2810668945312, -6048.59814453125
849.4786376953125, 933.9136962890625, -7000.0
841.4512939453125, 947.4341430664062, -7000.0
833.4417114257812, 960.8369140625, -7000.0
825.4505615234375, 974.126953125, -7000.0
817.478271484375, 987.2998046875, -7000.0
809.5255126953125, 1000.3603515625, -7000.0
801.5927124023438, 1013.3104248046875, -7000.0
793.6805419921875, 1026.1505126953125, -7000.0
785.7894287109375, 1032.9241943359375, -7000.0
777.919921875, 1012.9627685546875, -7000.0
770.0726928710938, 983.7930908203125, -7000.0
762.2481689453125, 954.6223754882812, -7000.0
754.4468994140625, 925.4526977539062, -7000.0
746.66943359375, 896.2831420898438, -7000.0
738.9163208007812, 867.113525390625, -7000.0
731.1881103515625, 837.944091796875, -7000.0
723.4852905273438, 808.774658203125, -7000.0
715.8084106445312, 779.6054077148438, -7000.0
708.1580200195312, 750.4362182617188, -7000.0
700.5346069335938, 721.2672119140625, -5678.8134765625
692.938720703125, 692.0983276367188, -1954.6435546875
685.3709106445312, 662.9297485351562, -141.65992736816406
677.8316650390625, 633.7612915039062, 1983.333984375
670.3214721679688, 630.6319580078125, 1983.333984375
662.8408813476562, 644.1510009765625, 1983.333984375
655.3904418945312, 660.14794921875, 483.71270751953125
647.9706420898438, 676.012451171875, -2232.17236328125
640.5819702148438, 691.73974609375, -4631.64404296875
633.2249755859375, 707.33447265625, -7000.0
625.900146484375, 722.7921752929688, -7000.0
618.6079711914062, 738.1171875, -7000.0
611.3489379882812, 753.3121337890625, -7000.0
604.1235961914062, 768.377197265625, -7000.0
596.9324340820312, 783.312255859375, -7000.0
589.77587890625, 798.1173706054688, -7000.0
582.654541015625, 812.7997436523438, -7000.0
575.56884765625, 821.3980712890625, -7000.0
568.519287109375, 801.9056396484375, -7000.0
561.5062866210938, 772.7366333007812, -7000.0
554.5304565429688, 743.5665283203125, -7000.0
547.5921630859375, 714.397705078125, -7000.0
540.6919555664062, 685.2289428710938, -7000.0
533.830322265625, 656.060302734375, -7000.0
527.0076904296875, 626.8919067382812, -7000.0
520.2244873046875, 597.7237548828125, -7000.0
513.4812622070312, 568.5558471679688, -7000.0
506.7784423828125, 539.3883666992188, -7000.0
500.11651611328125, 510.2211608886719, -4461.30859375
493.4958801269531, 481.054443359375, -2295.147216796875
486.9170837402344, 451.8883056640625, 770.9182739257812
480.3804931640625, 440.7633972167969, 1983.333984375
473.8866271972656, 446.5292053222656, 1983.333984375
467.4358825683594, 461.98980712890625, 517.3526611328125
461.0287170410156, 479.5477600097656, -1108.964599609375
454.66558837890625, 496.9561767578125, -2548.5615234375
448.346923828125, 514.2149658203125, -6614.76171875
442.07318115234375, 531.3312377929688, -7000.0
435.8447570800781, 548.300537109375, -7000.0
429.6620788574219, 565.1199951171875, -7000.0
423.5256042480469, 581.7968139648438, -7000.0
417.43572998046875, 598.3338012695312, -7000.0
411.39288330078125, 614.7308349609375, -7000.0
405.3974914550781, 630.9879150390625, -7000.0
399.449951171875, 647.1051025390625, -7000.0
393.5506896972656, 657.1184692382812, -7000.0
387.7001037597656, 637.98046875, -7000.0
381.89862060546875, 608.8124389648438, -7000.0
376.1465759277344, 579.6446533203125, -7000.0
370.4444274902344, 550.4771118164062, -7000.0
364.79254150390625, 521.3098754882812, -7000.0
359.1913146972656, 492.14300537109375, -7000.0
353.6411437988281, 462.97662353515625, -7000.0
348.14239501953125, 433.81085205078125, -7000.0
342.6954345703125, 404.64581298828125, -7000.0
337.3006591796875, 375.4816589355469, -7000.0
331.95843505859375, 346.3186950683594, -4945.494140625
326.66912841796875, 317.15716552734375, -3086.9423828125
321.4331359863281, 287.99755859375, -319.7451477050781
316.2507629394531, 276.89703369140625, 1983.333984375
311.12237548828125, 281.6243591308594, 1983.333984375
306.0483703613281, 297.73175048828125, 689.2217407226562
301.0290832519531, 316.69775390625, -616.0949096679688
296.0648193359375, 335.49774169921875, -1750.332275390625
291.15594482421875, 354.1359558105469, -5523.318359375
286.3028259277344, 372.6148681640625, -7000.0
281.5057678222656, 390.9417419433594, -7000.0
276.7651062011719, 409.11175537109375, -7000.0
272.0811462402344, 427.1221618652344, -7000.0
267.4542541503906, 444.9801025390625, -7000.0
262.88470458984375, 462.6883544921875, -7000.0
258.37286376953125, 480.246826171875, -7000.0
253.9189910888672, 497.655517578125, -7000.0
249.52342224121094, 508.9365539550781, -7000.0
245.18646240234375, 490.1117858886719, -7000.0
240.90838623046875, 460.9447021484375, -7000.0
236.68951416015625, 431.7791748046875, -7000.0
232.53012084960938, 402.6143798828125, -7000.0
228.4304962158203, 373.4504089355469, -7000.0
224.39093017578125, 344.2875061035156, -7000.0
220.4116973876953, 315.1261291503906, -7000.0
216.49307250976562, 285.9666442871094, -7000.0
212.63531494140625, 256.8097839355469, -7000.0
208.8386993408203, 227.6565399169922, -5450.2001953125
205.10350036621094, 198.5084686279297, -1067.0067138671875
201.42994689941406, 169.36822509765625, 393.0884704589844
197.8183135986328, 140.2407989501953, 1983.333984375
194.2688446044922, 147.2168426513672, 1983.333984375
190.7817840576172, 167.4528350830078, 1983.333984375
187.35736083984375, 187.5188751220703, 560.0945434570312
183.99583435058594, 207.41720581054688, -1620.20849609375
180.69740295410156, 227.14894104003906, -3502.582763671875
177.46234130859375, 246.71316528320312, -7000.0
174.2908172607422, 266.1094665527344, -7000.0
171.18309020996094, 285.3446044921875, -7000.0
168.13937377929688, 304.4136047363281, -7000.0
165.15985107421875, 323.32080078125, -7000.0
162.24473571777344, 342.06878662109375, -7000.0
159.3942413330078, 360.6575012207031, -7000.0
156.60855102539062, 373.1102294921875, -7000.0
153.88787841796875, 354.5744934082031, -7000.0
151.2323760986328, 325.4129943847656, -7000.0
148.6422576904297, 296.2532043457031, -7000.0
146.11769104003906, 267.0956726074219, -7000.0
143.65884399414062, 237.94105529785156, -7000.0
141.26589965820312, 208.79087829589844, -7000.0
138.9390106201172, 179.64747619628906, -7000.0
136.67832946777344, 150.51364135742188, -4871.3642578125
134.48403930664062, 121.39922332763672, -2588.06396484375
132.3562774658203, 92.32051086425781, 746.9244995117188
130.29518127441406, 81.30817413330078, 1983.333984375
128.30088806152344, 89.32772827148438, 1983.333984375
126.37356567382812, 107.8090591430664, 1698.9200439453125
124.51332092285156, 128.35443115234375, -179.48887634277344
122.72029113769531, 148.74237060546875, -2613.166748046875
120.99459838867188, 168.96302795410156, -4613.880859375
119.33636474609375, 189.017333984375, -7000.0
117.74569702148438, 208.9063262939453, -7000.0
116.22270965576172, 228.62852478027344, -7000.0
114.76750946044922, 248.18307495117188, -7000.0
113.38018798828125, 267.5694274902344, -7000.0
112.06085205078125, 286.79449462890625, -7000.0
110.8095932006836, 305.8533935546875, -7000.0
109.6264877319336, 324.75054931640625, -7000.0
108.5116195678711, 337.4980773925781, -7000.0
107.4650650024414, 319.01092529296875, -7000.0
106.48690032958984, 289.8516845703125, -7000.0
105.57719421386719, 260.6947326660156, -7000.0
104.73600769042969, 231.54119873046875, -7000.0
103.96339416503906, 202.39242553710938, -7000.0
103.25940704345703, 173.2509307861328, -7000.0
102.62410736083984, 144.12135314941406, -7000.0
102.0575180053711, 115.01274871826172, -4762.505859375
101.55970001220703, 85.94639587402344, -2181.636962890625
101.13066864013672, 56.98704528808594, 653.6124877929688
100.77046966552734, 46.09230041503906, 1983.333984375
100.47911071777344, 60.18467330932617, 1983.333984375
100.25662994384766, 81.0384292602539, 1759.2415771484375
100.10302734375, 101.77759552001953, 107.47779083251953
100.01832580566406, 122.36835479736328, -1914.7994384765625
100.00252532958984, 142.8036651611328, -3354.9814453125
100.05562591552734, 163.07254028320312, -7000.0
100.17761993408203, 183.1756591796875, -7000.0
100.36851501464844, 203.113525390625, -7000.0
100.62828063964844, 222.88478088378906, -7000.0
100.95690155029297, 242.48855590820312, -7000.0
101.35436248779297, 261.92431640625, -7000.0
101.82064056396484, 281.1915283203125, -7000.0
102.35568237304688, 294.3088684082031, -7000.0
102.95947265625, 275.8963928222656, -7000.0
103.63196563720703, 246.74122619628906, -7000.0
104.37310028076172, 217.5898895263672, -7000.0
105.18284606933594, 188.44451904296875, -7000.0
106.06112670898438, 159.30810546875, -7000.0
107.00790405273438, 130.18695068359375, -5936.626953125
108.0230941772461, 101.09455871582031, -1471.86865234375
109.10663604736328, 72.06564331054688, 514.8021240234375
110.2584457397461, 43.22835922241211, 1983.333984375
111.47846221923828, 50.81422424316406, 1983.333984375
112.76658630371094, 71.6976089477539, 1983.333984375
114.12273406982422, 92.49456024169922, 1983.333984375
115.54680633544922, 113.1539306640625, 793.0369873046875
117.03871154785156, 133.66259765625, -611.0365600585938
118.59835052490234, 154.0072784423828, -1272.35986328125
120.2256088256836, 174.18756103515625, -4026.81298828125
121.92037200927734, 194.19607543945312, -7000.0
123.68253326416016, 214.0358123779297, -7000.0
125.511962890625, 233.70843505859375, -7000.0
127.40853118896484, 253.22055053710938, -7000.0
129.3721160888672, 272.5670471191406, -7000.0
131.402587890625, 285.75103759765625, -7000.0
133.49978637695312, 267.33062744140625, -7000.0
135.66358947753906, 238.1765899658203, -7000.0
137.8938446044922, 209.0224609375, -7000.0
140.19036865234375, 179.8793487548828, -7000.0
142.55303955078125, 150.74661254882812, -4225.7236328125
144.981689453125, 121.63200378417969, -800.0897216796875
147.47613525390625, 92.55286407470703, 1983.333984375
150.0362091064453, 81.59658813476562, 1983.333984375
152.66172790527344, 95.62802124023438, 1983.333984375
155.3525390625, 116.26891326904297, 1983.333984375
158.10842895507812, 136.75143432617188, 1983.333984375
160.92921447753906, 157.07412719726562, 993.7407836914062
163.81471252441406, 177.22747802734375, -59.87626647949219
166.7647247314453, 197.2138214111328, -3012.730712890625
169.77902221679688, 217.03387451171875, -4916.78515625
172.857421875, 236.68666076660156, -7000.0
175.99969482421875, 256.17156982421875, -7000.0
179.2056427001953, 275.4881591796875, -7000.0
182.47503662109375, 294.64337158203125, -7000.0
185.80764770507812, 313.63226318359375, -7000.0
189.2032470703125, 326.4583435058594, -7000.0
192.66160583496094, 307.9103698730469, -7000.0
196.18247985839844, 278.75201416015625, -7000.0
199.76564025878906, 249.59625244140625, -7000.0
203.4108123779297, 220.44439697265625, -5245.69970703125
207.11778259277344, 191.2980499267578, -2642.62158203125
210.88626098632812, 162.1603546142578, 797.2907104492188
214.71600341796875, 151.18356323242188, 1983.333984375
218.6067352294922, 164.83726501464844, 1983.333984375
222.55821228027344, 184.9211883544922, 1983.333984375
226.57012939453125, 204.83792114257812, 1983.333984375
230.64224243164062, 224.58853149414062, 362.1088562011719
234.7742462158203, 244.1718292236328, -206.14431762695312
238.96588134765625, 263.5946350097656, -2490.244384765625
243.21682739257812, 282.8516845703125, -3552.204833984375
247.52682495117188, 301.9399108886719, -6253.29345703125
251.8955535888672, 320.8664245605469, -7000.0
256.3227233886719, 339.63372802734375, -7000.0
260.8080139160156, 358.24237060546875, -7000.0
265.35113525390625, 376.6908874511719, -7000.0
269.9517517089844, 388.972412109375, -7000.0
274.60955810546875, 370.2511901855469, -7000.0
279.3242492675781, 341.0888671875, -7000.0
284.0954895019531, 311.92791748046875, -6486.54052734375
288.9229431152344, 282.7689514160156, -2107.882568359375
293.8063049316406, 253.6124725341797, 409.73272705078125
298.74517822265625, 224.4596710205078, 1983.333984375
303.7392883300781, 231.13052368164062, 1983.333984375
308.7882385253906, 250.66336059570312, 1983.333984375
313.8917236328125, 270.028564453125, 1983.333984375
319.04937744140625, 289.22552490234375, 1983.333984375
324.26080322265625, 308.26104736328125, 1577.8426513671875
329.5257263183594, 327.1376953125, 594.6923217773438
334.8437194824219, 345.85528564453125, -174.11434936523438
340.21441650390625, 364.4134826660156, -2414.35888671875
345.6374816894531, 382.812255859375, -3201.79541015625
351.1125183105469, 401.0514221191406, -5411.0439453125
356.63916015625, 419.1308288574219, -7000.0
362.217041015625, 437.05780029296875, -7000.0
367.8457336425781, 448.81512451171875, -7000.0
373.5248718261719, 429.93145751953125, -7000.0
379.2540588378906, 400.7657775878906, -5765.60546875
385.0329284667969, 371.60198974609375, -3419.412353515625
390.8610534667969, 342.4393310546875, 1130.544677734375
396.738037109375, 331.481201171875, 1983.333984375
402.6634826660156, 338.02947998046875, 1983.333984375
408.636962890625, 354.47442626953125, 1983.333984375
414.6580810546875, 372.9518127441406, 1983.333984375
420.7264404296875, 391.27001953125, 1983.333984375
426.8415832519531, 409.436279296875, 1834.87255859375
433.0031433105469, 427.4455871582031, 355.1455383300781
439.21063232421875, 445.30267333984375, -1424.6019287109375
445.4636535644531, 463.0101013183594, -2842.734375
451.76177978515625, 480.5603942871094, -2651.7041015625
458.10455322265625, 497.958251953125, -3735.642578125
464.4915771484375, 515.213623046875, -6009.40869140625
470.92236328125, 532.3218383789062, -7000.0
477.3965148925781, 549.2802124023438, -7000.0
483.91357421875, 560.0703125, -7000.0
490.4730529785156, 540.9067993164062, -7000.0
497.0745544433594, 511.73992919921875, -4983.658203125
503.71759033203125, 482.5733337402344, -1795.713134765625
510.4017333984375, 453.4072570800781, 1983.333984375
517.12646484375, 442.4621887207031, 1983.333984375
523.891357421875, 454.341064453125, 1983.333984375
530.6959838867188, 471.9678649902344, 1983.333984375
537.539794921875, 489.44512939453125, 1983.333984375
544.4224243164062, 506.7728271484375, 1983.333984375
551.34326171875, 523.95068359375, 1983.333984375
558.3019409179688, 540.9788818359375, 1952.32275390625
565.2979125976562, 557.8646240234375, 807.3751831054688
572.3307495117188, 574.60302734375, -432.7835693359375
579.3999633789062, 591.1989135742188, -1243.896240234375
586.5050659179688, 607.6549682617188, -3084.73291015625
593.6455078125, 623.9710693359375, -3057.482177734375
600.82080078125, 640.1478881835938, -4061.875244140625
608.0305786132812, 650.1608276367188, -5336.806640625
615.274169921875, 630.7706298828125, -3499.651123046875
622.5512084960938, 601.6026000976562, -409.3630065917969
629.8611450195312, 572.434814453125, 1983.333984375
637.2034912109375, 561.5029907226562, 1983.333984375
644.5776977539062, 572.6449584960938, 1983.333984375
651.9832763671875, 589.2603149414062, 1983.333984375
659.4197387695312, 605.7291870117188, 1983.333984375
666.8865356445312, 622.0549926757812, 1983.333984375
674.3831787109375, 638.2410278320312, 1983.333984375
681.9091796875, 654.2945556640625, 1983.333984375
689.4639282226562, 670.2108154296875, 1983.333984375
697.0470581054688, 685.987060546875, 1376.451904296875
704.6578979492188, 701.6307983398438, 837.893798828125
712.2959594726562, 717.13720703125, -559.1282348632812
719.9607543945312, 732.5112915039062, -1450.4783935546875
727.6517333984375, 747.75537109375, -3161.71923828125
735.3683471679688, 756.84130859375, -2117.79296875
743.110107421875, 755.4357299804688, -2905.329345703125
750.87646484375, 732.80712890625, -174.78445434570312
758.6668701171875, 721.8881225585938, 1983.333984375
766.4808349609375, 717.5083618164062, 1983.333984375
774.3177490234375, 727.6760864257812, 1983.333984375
782.1770629882812, 742.9595336914062, 1983.333984375
790.0582885742188, 758.1131591796875, 1983.333984375
797.9609375, 773.1369018554688, 1983.333984375
805.8843383789062, 788.03076171875, 1983.333984375
813.8280029296875, 802.7947998046875, 1487.3087158203125
821.7913818359375, 817.4362182617188, 266.1025085449219
829.7739868164062, 831.9502563476562, -685.2947387695312
837.775146484375, 846.3417358398438, -1114.51123046875
845.79443359375, 860.6132202148438, -2237.812744140625
853.8311767578125, 874.7574462890625, -1177.67529296875
861.8848876953125, 888.7789306640625, -853.538818359375
869.9550170898438, 896.6478271484375, -3348.744873046875
878.041015625, 876.6557006835938, -2505.655029296875
886.142333984375, 865.7486572265625, -702.1737060546875
894.25830078125, 861.3689575195312, 1494.904052734375
902.3884887695312, 860.3191528320312, 1983.333984375
910.5323486328125, 870.7810668945312, 1983.333984375
918.689208984375, 884.8422241210938, 1983.333984375
926.8585205078125, 898.7839965820312, 1983.333984375
935.039794921875, 912.6053466796875, 1983.333984375
943.2324829101562, 926.3067626953125, 1983.333984375
951.4359130859375, 939.888427734375, 1680.126708984375
959.6495971679688, 953.357666015625, 803.7723388671875
967.8729858398438, 966.7095336914062, 339.44049072265625
976.10546875, 979.94873046875, -661.7210083007812
984.346435546875, 993.0704956054688, -1110.0543212890625
992.5953979492188, 1006.0797119140625, -2080.747314453125
1000.851806640625, 1018.97900390625, -3534.24853515625
1009.114990234375, 1025.73095703125, -1915.785400390625
1017.3844604492188, 1023.703369140625, -2025.9505615234375
1025.6595458984375, 1001.0471801757812, 368.6510925292969
1033.93994140625, 990.1549682617188, 1983.333984375
1042.2247314453125, 992.5809326171875, 1983.333984375
