1493.103515625, 1509.1490478515625, -1327.19189453125
1485.45751953125, 1501.3436279296875, -2543.63525390625
1477.6719970703125, 1493.754638671875, -895.2144775390625
1469.859619140625, 1502.048095703125, -1201.646484375
1462.134765625, 1510.2998046875, -3323.266845703125
1454.385009765625, 1518.5584716796875, -7000.0
1446.496337890625, 1526.8707275390625, -7000.0
1438.5831298828125, 1535.22412109375, -7000.0
1430.760986328125, 1543.48291015625, -7000.0
1422.68505859375, 1551.9283447265625, -7000.0
1414.8172607421875, 1560.195556640625, -7000.0
1406.9278564453125, 1568.462158203125, -7000.0
1399.0172119140625, 1575.6448974609375, -7000.0
1391.0859375, 1571.804443359375, -7000.0
1383.0177001953125, 1542.435546875, -7000.0
1375.046630859375, 1513.2520751953125, -7000.0
1367.056640625, 1484.069091796875, -7000.0
1359.0482177734375, 1454.840576171875, -7000.0
1351.0218505859375, 1425.6505126953125, -7000.0
1342.8599853515625, 1396.0726318359375, -7000.0
1334.6807861328125, 1366.61279296875, -6957.9677734375
1326.603759765625, 1337.4263916015625, -4501.6845703125
1318.51123046875, 1308.2406005859375, -2580.151611328125
1310.403564453125, 1279.0546875, 836.2484741210938
1302.161865234375, 1254.001953125, 1983.333984375
1294.025634765625, 1250.8656005859375, 1983.333984375
1285.8759765625, 1254.9371337890625, 1983.333984375
1277.593505859375, 1265.7432861328125, 1983.333984375
1269.4185791015625, 1276.4339599609375, 840.7407836914062
1261.111572265625, 1287.1710205078125, -1664.1292724609375
1252.913818359375, 1297.666748046875, -3357.324951171875
1244.7054443359375, 1308.0728759765625, -6991.51025390625
1236.3662109375, 1318.4210205078125, -7000.0
1228.017333984375, 1328.768310546875, -7000.0
1219.6593017578125, 1339.036376953125, -7000.0
1211.4141845703125, 1349.090576171875, -7000.0
1203.161376953125, 1359.0540771484375, -7000.0
1194.9013671875, 1368.9296875, -7000.0
1186.6348876953125, 1376.8145751953125, -7000.0
1178.1190185546875, 1370.62255859375, -7000.0
1169.71923828125, 1341.2626953125, -7000.0
1161.3145751953125, 1311.81640625, -7000.0
1152.9053955078125, 1282.5313720703125, -7000.0
1144.614501953125, 1253.331787109375, -7000.0
1136.1986083984375, 1223.770751953125, -7000.0
1127.902099609375, 1194.583251953125, -7000.0
1119.481689453125, 1165.2584228515625, -7000.0
1111.181884765625, 1136.07080078125, -6154.0166015625
1102.88134765625, 1106.8607177734375, -2957.351806640625
1094.58056640625, 1077.63330078125, -380.25164794921875
1086.1580810546875, 1048.081298828125, 1983.333984375
1077.8587646484375, 1026.5953369140625, 1983.333984375
1069.4388427734375, 1027.5946044921875, 1983.333984375
1061.14306640625, 1040.3173828125, 1983.333984375
1052.72802734375, 1053.0079345703125, 438.3014831542969
1044.31640625, 1065.5540771484375, -1461.4193115234375
1035.90869140625, 1078.029052734375, -2795.229736328125
1027.5054931640625, 1090.4300537109375, -6512.9013671875
1019.2291870117188, 1114.9490966796875, -7000.0
1002.4507446289062, 1126.9208984375, -7000.0
994.1930541992188, 1138.7919921875, -7000.0
985.9425659179688, 1150.562255859375, -7000.0
977.7000122070312, 1170.7747802734375, -7000.0
961.2406616210938, 1162.0509033203125, -7000.0
952.904296875, 1132.7294921875, -7000.0
944.698974609375, 1074.2218017578125, -7000.0
928.0805053710938, 1044.932861328125, -7000.0
919.7892456054688, 1015.61474609375, -7000.0
911.6306762695312, 956.7589111328125, -5879.05078125
895.2335205078125, 927.5697631835938, -5941.767578125
887.1157836914062, 898.3243408203125, -3583.367431640625
879.0126953125, 869.13525390625, -1755.9140625
870.9248657226562, 810.6871948242188, 1060.5362548828125
854.7970581054688, 791.828125, 1983.333984375
846.64013671875, 792.0637817382812, 1983.333984375
838.6190185546875, 816.8397216796875, 1457.753173828125
822.3967895507812, 831.4160766601562, -336.2053527832031
814.4319458007812, 845.8447875976562, -3294.706787109375
806.2533569335938, 874.72021484375, -3713.564697265625
790.4254150390625, 888.7539672851562, -7000.0
782.5431518554688, 916.482421875, -7000.0
766.729736328125, 930.2601318359375, -7000.0
758.9150390625, 957.2639770507812, -7000.0
743.3567504882812, 966.6235961914062, -7000.0
735.5005493164062, 954.7487182617188, -7000.0
727.783447265625, 896.3675537109375, -7000.0
712.4268188476562, 867.1331176757812, -7000.0
704.7882690429688, 837.9431762695312, -7000.0
697.065185546875, 808.3583374023438, -7000.0
689.3707275390625, 749.6942138671875, -6767.32470703125
674.2907104492188, 720.5047607421875, -7000.0
666.7943725585938, 691.3165283203125, -6112.1318359375
659.3279418945312, 632.9406127929688, -972.845458984375
644.3779907226562, 603.5549926757812, 1895.28271484375
637.004638671875, 574.3665771484375, 1983.333984375
629.5554809570312, 586.5938720703125, 1983.333984375
614.864501953125, 603.1571044921875, 1351.1304931640625
607.5165405273438, 619.6736450195312, -963.850341796875
600.0977783203125, 636.203857421875, -1703.6273193359375
592.9259643554688, 668.2254028320312, -2561.397216796875
578.5833740234375, 684.1741943359375, -7000.0
571.5183715820312, 715.3781127929688, -7000.0
557.4979858398438, 730.7822265625, -7000.0
550.4417114257812, 756.3753662109375, -7000.0
536.54736328125, 741.3170776367188, -7000.0
529.60888671875, 711.8162841796875, -7000.0
522.810546875, 682.5632934570312, -7000.0
516.052001953125, 653.3699951171875, -7000.0
509.03826904296875, 623.1845092773438, -7000.0
502.3624572753906, 593.9905395507812, -7000.0
495.72784423828125, 564.7988891601562, -7000.0
489.1348571777344, 535.6088256835938, -7000.0
482.5839538574219, 506.42022705078125, -6032.44775390625
476.0755920410156, 477.2331848144531, -2517.418701171875
469.6102294921875, 448.04779052734375, -984.8670043945312
463.1883239746094, 418.8641357421875, 1983.333984375
456.716796875, 409.7226867675781, 1983.333984375
450.2909240722656, 422.2205810546875, 1983.333984375
444.0032653808594, 440.1296081542969, 316.6294860839844
437.76080322265625, 457.8858337402344, -1482.8548583984375
431.56396484375, 475.5222473144531, -3021.423583984375
425.3230895996094, 493.18060302734375, -7000.0
419.2195129394531, 510.4859619140625, -7000.0
413.0740966796875, 527.7282104492188, -7000.0
407.0654296875, 544.7398071289062, -7000.0
401.1044921875, 561.6280517578125, -7000.0
395.19171142578125, 578.3894653320312, -7000.0
389.3275146484375, 595.0018920898438, -7000.0
383.4271240234375, 611.6073608398438, -7000.0
377.6619873046875, 621.9825439453125, -7000.0
371.94659423828125, 603.131103515625, -7000.0
366.2814025878906, 573.8802490234375, -7000.0
360.5845642089844, 544.5234985351562, -7000.0
355.0216064453125, 515.2991943359375, -7000.0
349.4292907714844, 485.6283874511719, -7000.0
343.97015380859375, 456.4405822753906, -7000.0
338.5630798339844, 427.2546081542969, -7000.0
333.20849609375, 398.0693664550781, -7000.0
327.82916259765625, 368.62982177734375, -7000.0
322.5813903808594, 339.44683837890625, -5231.52099609375
317.3871765136719, 310.26544189453125, -3643.63134765625
312.17169189453125, 280.8406066894531, -1095.5802001953125
307.08648681640625, 270.8615417480469, 933.8135986328125
302.055908203125, 270.8863830566406, 1983.333984375
297.080322265625, 286.15234375, 959.1539306640625
292.0881042480469, 305.2890319824219, -54.77819061279297
287.1531982421875, 324.3273620605469, -836.8651123046875
282.2057189941406, 343.4604797363281, -4457.32080078125
277.4567565917969, 362.0498352050781, -7000.0
272.76446533203125, 380.4797058105469, -7000.0
268.1291809082031, 398.7491455078125, -7000.0
263.55120849609375, 416.866943359375, -7000.0
259.0308837890625, 434.82598876953125, -7000.0
254.50331115722656, 452.8046875, -7000.0
250.10003662109375, 470.4612121582031, -7000.0
245.69186401367188, 488.0547180175781, -7000.0
241.40687561035156, 498.5814514160156, -7000.0
237.1193389892578, 475.53076171875, -7000.0
232.95384216308594, 446.2895202636719, -7000.0
228.8480682373047, 417.1017761230469, -7000.0
224.6842498779297, 387.2592468261719, -7000.0
220.7006072998047, 358.0722351074219, -7000.0
216.77752685546875, 328.8876037597656, -7000.0
212.91531372070312, 299.65716552734375, -7000.0
209.11422729492188, 270.4766845703125, -7000.0
205.37451171875, 241.29714965820312, -7000.0
201.642822265625, 211.98585510253906, -4461.65283203125
197.97486877441406, 182.73313903808594, -1962.10107421875
194.42266845703125, 153.5147247314453, 474.5389099121094
190.88201904296875, 146.30125427246094, 1983.333984375
187.40586853027344, 163.95729064941406, 1983.333984375
183.9944610595703, 184.1252899169922, 561.2645874023438
180.6480255126953, 204.127685546875, -1548.82373046875
177.3197479248047, 224.33059692382812, -3497.884765625
174.1510772705078, 243.93814086914062, -7000.0
171.04620361328125, 263.376953125, -7000.0
168.0053253173828, 282.64703369140625, -7000.0
165.02867126464844, 301.75665283203125, -7000.0
162.07408142089844, 320.921875, -7000.0
159.2274169921875, 339.7022705078125, -7000.0
156.44558715820312, 358.3217468261719, -7000.0
153.728759765625, 376.80413818359375, -7000.0
151.07713317871094, 387.3764343261719, -7000.0
148.45333862304688, 359.9932556152344, -7000.0
145.89706420898438, 330.7202453613281, -7000.0
143.44406127929688, 301.5321350097656, -7000.0
141.0223388671875, 272.1710510253906, -7000.0
138.66867065429688, 242.6376495361328, -7000.0
136.3831787109375, 213.18988037109375, -7000.0
134.1977081298828, 184.01898193359375, -7000.0
132.0787811279297, 154.8594207763672, -5894.87060546875
130.02655029296875, 125.7171630859375, -1738.5296630859375
128.04115295410156, 96.60789489746094, 573.0529174804688
126.12272644042969, 67.5463638305664, 1983.333984375
124.27140045166016, 80.1449203491211, 1983.333984375
122.4873046875, 100.93610382080078, 1983.333984375
120.74581146240234, 121.68592071533203, 419.7779846191406
119.07379913330078, 142.19509887695312, -1671.9964599609375
117.47137451171875, 162.6124725341797, -3394.37646484375
115.96037292480469, 182.73361206054688, -7000.0
114.49645233154297, 203.0148162841797, -7000.0
113.12215423583984, 222.80224609375, -7000.0
111.81585693359375, 242.42124938964844, -7000.0
110.5599365234375, 261.98394775390625, -7000.0
109.39090728759766, 281.27490234375, -7000.0
108.29012298583984, 300.3973083496094, -7000.0
107.24300384521484, 318.9779357910156, -7000.0
106.26631164550781, 327.2400817871094, -7000.0
105.37274932861328, 298.0536804199219, -7000.0
104.54771423339844, 268.8695068359375, -7000.0
103.79127502441406, 239.62557983398438, -7000.0
103.10347747802734, 210.4252471923828, -7000.0
102.47577667236328, 180.8767852783203, -7000.0
101.91128540039062, 151.10165405273438, -7000.0
101.43270874023438, 121.95925903320312, -5629.90576171875
101.02294158935547, 92.85528564453125, -1033.6458740234375
100.68199920654297, 63.8382568359375, 909.7711181640625
100.40991973876953, 35.1217155456543, 1983.333984375
100.20670318603516, 13.41050910949707, 1983.333984375
100.0723876953125, 32.91081619262695, 1983.333984375
100.0069580078125, 53.737510681152344, 1983.333984375
100.01100158691406, 74.75650024414062, 1983.333984375
100.08439636230469, 95.55792236328125, 1019.3475341796875
100.22929382324219, 116.33743286132812, -331.50628662109375
100.44148254394531, 136.8441619873047, -1056.6416015625
100.7271957397461, 157.36279296875, -4031.259033203125
101.08379364013672, 177.75457763671875, -7000.0
101.50456237792969, 197.75543212890625, -7000.0
101.99413299560547, 217.60682678222656, -7000.0
102.55245971679688, 237.26651000976562, -7000.0
103.17951965332031, 255.51983642578125, -7000.0
103.87525939941406, 260.452880859375, -7000.0
104.6513900756836, 231.19981384277344, -7000.0
105.49813842773438, 201.80894470214844, -7000.0
106.4016342163086, 172.59754943847656, -7000.0
107.3884048461914, 143.35650634765625, -7000.0
108.44558715820312, 114.0551528930664, -3920.367919921875
109.5562744140625, 84.9541244506836, -392.56268310546875
110.7530517578125, 55.59983825683594, 1983.333984375
112.02001190185547, 31.772869110107422, 1983.333984375
113.3371810913086, 32.51028060913086, 1983.333984375
114.72234344482422, 53.32561111450195, 1983.333984375
116.17538452148438, 74.24234008789062, 1983.333984375
117.69621276855469, 95.0640869140625, 1983.333984375
119.28472900390625, 115.7503890991211, 926.4190673828125
120.9408187866211, 136.27479553222656, -311.4350891113281
122.69021606445312, 156.76315307617188, -834.4052124023438
124.48210144042969, 176.9381866455078, -3351.55126953125
126.36903381347656, 197.17398071289062, -7000.0
128.29620361328125, 217.0100555419922, -7000.0
130.2903289794922, 236.6764678955078, -7000.0
132.35125732421875, 256.2143859863281, -7000.0
134.51065063476562, 273.7960205078125, -7000.0
136.7057647705078, 274.5743713378906, -7000.0
138.96725463867188, 245.39178466796875, -7000.0
141.2949676513672, 216.21328735351562, -7000.0
143.688720703125, 187.04087829589844, -7000.0
146.14837646484375, 157.84361267089844, -4608.02294921875
148.7113800048828, 128.28872680664062, -1498.9193115234375
151.3032684326172, 99.17225646972656, 1983.333984375
153.9605255126953, 76.95127868652344, 1983.333984375
156.68296813964844, 79.61080169677734, 1983.333984375
159.4704132080078, 100.39460754394531, 1983.333984375
162.36508178710938, 121.12199401855469, 1983.333984375
165.32626342773438, 141.7488250732422, 1983.333984375
168.35377502441406, 162.2611541748047, 312.82366943359375
171.4020538330078, 182.39254760742188, -429.38763427734375
174.5143280029297, 202.35195922851562, -3018.948486328125
177.737548828125, 222.266357421875, -4610.45654296875
180.9780731201172, 241.89022827148438, -7000.0
184.28192138671875, 261.34893798828125, -7000.0
187.64886474609375, 280.6649169921875, -7000.0
191.0786590576172, 299.8351135253906, -7000.0
194.5710906982422, 316.1343688964844, -7000.0
198.17864990234375, 313.465087890625, -7000.0
201.85018920898438, 254.8199462890625, -6320.60595703125
209.32864379882812, 225.6364288330078, -4490.34912109375
213.1896209716797, 196.1426544189453, -1784.4736328125
217.0561981201172, 166.97174072265625, 1772.8475341796875
220.98361206054688, 151.48704528808594, 1983.333984375
229.01986694335938, 171.70724487304688, 1983.333984375
233.1890106201172, 191.99270629882812, 1983.333984375
237.35791015625, 211.8723907470703, 1983.333984375
241.58624267578125, 251.1544952392578, 75.22000885009766
250.22003173828125, 270.5661315917969, -1699.2274169921875
254.69012451171875, 289.83489990234375, -2228.699462890625
259.2201843261719, 309.0701904296875, -4473.50146484375
263.7429504394531, 346.87493896484375, -5635.9306640625
273.0296630859375, 365.445068359375, -7000.0
277.7946472167969, 380.4829406738281, -7000.0
282.54766845703125, 373.93804931640625, -7000.0
287.35699462890625, 315.5102233886719, -4912.2783203125
297.216064453125, 286.2225646972656, -2884.34912109375
302.19317626953125, 257.03167724609375, 1111.016357421875
307.2996520996094, 241.2382354736328, 1983.333984375
317.6049499511719, 252.51010131835938, 1983.333984375
322.8014221191406, 267.3946533203125, 1983.333984375
328.1290588378906, 306.0744934082031, 985.8534545898438
338.8690490722656, 324.9903564453125, 403.7994079589844
344.2790832519531, 343.7408142089844, -717.4871826171875
349.8218994140625, 362.40234375, -1600.3466796875
355.3364562988281, 399.1083679199219, -3515.6279296875
366.51910400390625, 417.2290344238281, -5713.51806640625
372.2701416015625, 435.2574768066406, -7000.0
378.07281494140625, 453.17852783203125, -7000.0
383.92669677734375, 484.3233337402344, -7000.0
395.6131591796875, 473.9870910644531, -7000.0
401.5293884277344, 444.7870178222656, -7000.0
407.5818176269531, 386.0382385253906, -2081.118408203125
419.6546630859375, 356.84161376953125, 1983.333984375
425.85174560546875, 327.5401916503906, 1983.333984375
432.0058288574219, 342.6615905761719, 1983.333984375
444.5438232421875, 361.46392822265625, 1983.333984375
450.8353576660156, 379.9038391113281, 1983.333984375
457.171630859375, 398.1894226074219, 1983.333984375
463.6463317871094, 434.3663330078125, 1532.3355712890625
476.53985595703125, 452.18939208984375, 1983.333984375
483.05126953125, 469.8758544921875, 1365.587158203125
489.798583984375, 487.6969909667969, 514.3037109375
496.3957824707031, 522.2711791992188, -472.7403869628906
509.8130798339844, 534.6168212890625, -2769.3701171875
516.5342407226562, 535.6719970703125, -1476.3648681640625
523.295654296875, 526.9034423828125, -1100.2509765625
536.9371948242188, 507.85296630859375, 289.0430603027344
543.9178466796875, 493.31182861328125, 1983.333984375
550.93798828125, 502.0798645019531, 1983.333984375
557.8944702148438, 519.3165893554688, 1983.333984375
564.8882446289062, 536.4198608398438, 1983.333984375
572.0226440429688, 553.4570922851562, 1983.333984375
579.2986450195312, 570.6069946289062, 993.55224609375
586.4032592773438, 587.25634765625, -80.8798828125
593.5431518554688, 620.132080078125, -1090.0877685546875
607.92724609375, 636.3583374023438, -945.5009155273438
615.17041015625, 652.44384765625, -1820.1939697265625
622.4469604492188, 668.3890991210938, -3643.322265625
629.7564086914062, 684.2006225585938, -6258.35498046875
637.2064819335938, 694.5942993164062, -7000.0
644.5806884765625, 678.0305786132812, -7000.0
652.20458984375, 648.1513671875, -2841.988037109375
659.6419677734375, 618.951904296875, 1060.923095703125
667.1096801757812, 589.753662109375, 1983.333984375
674.6072387695312, 586.2011108398438, 1983.333984375
682.2449951171875, 600.3890380859375, 1983.333984375
689.801025390625, 616.7799072265625, 1983.333984375
697.3853759765625, 633.0264892578125, 1983.333984375
704.9974365234375, 649.1401977539062, 1983.333984375
712.63671875, 665.1160888671875, 1983.333984375
720.3026733398438, 680.9518432617188, 1983.333984375
727.9948120117188, 696.6591186523438, 1983.333984375
735.8262329101562, 712.2756958007812, 1983.333984375
743.5695190429688, 727.7080078125, 1940.340087890625
751.4517211914062, 743.073974609375, 1070.3944091796875
759.358642578125, 758.3173217773438, 375.4365234375
767.1746215820312, 773.3733520507812, -1088.671875
775.1289672851562, 782.35595703125, -1320.89404296875
783.22216796875, 784.26953125, -857.2743530273438
791.1062622070312, 781.0176391601562, -398.0499267578125
799.0116577148438, 776.633544921875, 498.3830871582031
806.9378051757812, 777.9202880859375, 1983.333984375
814.8841552734375, 789.8964233398438, 1983.333984375
822.85009765625, 804.6651611328125, 1983.333984375
830.835205078125, 819.3350830078125, 1557.2269287109375
838.8388061523438, 833.88134765625, 409.3180236816406
846.978515625, 848.4490356445312, -452.0771789550781
855.017822265625, 862.7127075195312, -792.9251708984375
863.073974609375, 876.8837890625, -1793.92138671875
871.2653198242188, 890.9730834960938, -3442.515625
879.3538208007812, 904.8966674804688, -2767.23583984375
887.6961059570312, 918.9172973632812, -2858.57861328125
895.8148803710938, 932.575439453125, -3579.3115234375
903.94775390625, 946.14404296875, -4886.10400390625
912.0941162109375, 952.9268798828125, -5971.4140625
920.2533569335938, 930.1470947265625, -3445.38232421875
928.5453491210938, 900.56201171875, -692.0125732421875
936.72900390625, 871.3590698242188, 1983.333984375
944.9239501953125, 866.5093994140625, 1983.333984375
953.1295166015625, 878.2637329101562, 1983.333984375
961.4661865234375, 892.3094482421875, 1983.333984375
969.6915893554688, 906.197265625, 1983.333984375
978.047119140625, 920.1435546875, 1983.333984375
986.2901000976562, 933.7968139648438, 1983.333984375
994.7836303710938, 947.6494750976562, 1983.333984375
1003.0418701171875, 961.0687866210938, 1983.333984375
1011.3067626953125, 974.3681030273438, 1983.333984375
1019.5778198242188, 987.555908203125, 1983.333984375
1027.8543701171875, 1000.6324462890625, 1983.333984375
1036.1358642578125, 1013.5892333984375, 1983.333984375
1044.421875, 1026.4595947265625, 1983.333984375
1052.711669921875, 1039.213134765625, 1978.18798828125
1061.1265869140625, 1051.923095703125, 1516.8504638671875
1069.42236328125, 1064.438232421875, 599.3785400390625
1077.84228515625, 1076.89404296875, 228.7039794921875
1086.1417236328125, 1089.198974609375, -565.002197265625
1094.5640869140625, 1094.0087890625, -906.7876586914062
1102.9869384765625, 1094.4473876953125, -316.0049743652344
1111.2874755859375, 1094.5377197265625, 242.9047393798828
1119.5872802734375, 1095.640380859375, 1598.6661376953125
1127.8857421875, 1107.005859375, 1983.333984375
1136.30419921875, 1119.1126708984375, 1983.333984375
1144.7200927734375, 1131.08740234375, 1983.333984375
1153.1328125, 1142.99267578125, 1718.089599609375
1161.419921875, 1154.7314453125, 1071.193115234375
1169.8245849609375, 1166.4365234375, 1043.84765625
1178.1026611328125, 1177.9747314453125, 655.559814453125
1186.4969482421875, 1189.453125, -54.537445068359375
1194.7635498046875, 1200.79052734375, -214.17791748046875
1203.14501953125, 1212.1197509765625, -698.2949829101562
1211.5191650390625, 1223.400634765625, -1505.45751953125
1219.76416015625, 1234.4556884765625, -2593.82275390625
1228.0009765625, 1237.33251953125, -3014.25146484375
1236.22900390625, 1233.04443359375, -1986.7301025390625
1244.5684814453125, 1228.641357421875, -391.7143859863281
1252.8975830078125, 1224.238525390625, 1661.00634765625
1261.0953369140625, 1224.2908935546875, 1983.333984375
1269.4024658203125, 1235.3548583984375, 1983.333984375
1277.6973876953125, 1246.3411865234375, 1983.333984375
1285.9798583984375, 1257.2174072265625, 1983.333984375
1294.2490234375, 1268.0487060546875, 1983.333984375
1302.5045166015625, 1278.864990234375, 1983.333984375
1310.626220703125, 1289.4383544921875, 1983.333984375
1318.7333984375, 1299.93798828125, 1983.333984375
1326.8255615234375, 1310.327880859375, 1983.333984375
1334.902099609375, 1320.63671875, 1983.333984375
1342.96240234375, 1330.85546875, 1983.333984375
1351.0059814453125, 1340.9840087890625, 1898.55810546875
1359.0323486328125, 1351.022705078125, 1597.552978515625
1367.040771484375, 1360.980712890625, 1098.218017578125
1375.03076171875, 1370.8658447265625, 409.4677429199219
1383.1190185546875, 1380.810302734375, 501.73614501953125
1391.0703125, 1390.5072021484375, 399.12860107421875
1399.00146484375, 1399.5494384765625, 183.34051513671875
1406.9122314453125, 1400.8751220703125, 743.39013671875
1414.8016357421875, 1402.1044921875, 1092.9649658203125
1422.7850341796875, 1403.1785888671875, 1983.333984375
1430.6302490234375, 1404.76220703125, 1983.333984375
1438.4527587890625, 1413.0322265625, 1983.333984375
1446.2518310546875, 1421.30224609375, 1983.333984375
1454.141357421875, 1429.6075439453125, 1983.333984375
1462.005615234375, 1437.9476318359375, 1983.333984375
1469.73095703125, 1446.218017578125, 1983.333984375
1477.4306640625, 1454.48828125, 1983.333984375
1485.1043701171875, 1462.7706298828125, 1983.333984375
1492.7515869140625, 1471.054443359375, 1983.333984375
1500.3717041015625, 1479.3349609375, 1983.333984375
1508.0758056640625, 1487.6746826171875, 1983.333984375
1515.6397705078125, 1495.9451904296875, 1983.333984375
1523.3963623046875, 1504.36083984375, 1983.333984375
1530.9017333984375, 1512.63134765625, 1983.333984375
1538.37744140625, 1520.9019775390625, 1983.333984375
1545.8228759765625, 1529.17236328125, 1983.333984375
1553.2376708984375, 1537.442626953125, 1983.333984375
1560.6212158203125, 1545.718017578125, 1983.333984375
1567.9730224609375, 1553.995849609375, 1983.333984375
1575.39990234375, 1562.28857421875, 1983.333984375
1582.793212890625, 1570.61376953125, 1983.333984375
1590.0457763671875, 1578.8841552734375, 1983.333984375
1597.3704833984375, 1587.2249755859375, 1983.333984375
1604.554443359375, 1595.4954833984375, 1983.333984375
1611.7037353515625, 1603.7674560546875, 1844.9908447265625
1619.0264892578125, 1612.1773681640625, 1615.6988525390625
1626.1036376953125, 1620.4482421875, 1261.2808837890625
1633.14453125, 1628.7188720703125, 783.8861083984375
1640.1488037109375, 1636.9892578125, 1127.5697021484375
1647.1158447265625, 1645.27734375, 360.82373046875
1654.0450439453125, 1651.8226318359375, 618.464111328125
1660.9361572265625, 1653.558837890625, 498.63983154296875
1667.88916015625, 1661.8621826171875, 1174.6011962890625
1674.8018798828125, 1670.1712646484375, 725.1506958007812
1681.574462890625, 1678.4420166015625, 1068.8232421875
1688.306884765625, 1686.72021484375, 276.3329772949219
1694.9989013671875, 1694.996337890625, 284.00836181640625
1701.7474365234375, 1703.3365478515625, 111.80503845214844
1708.4532470703125, 1711.69287109375, -242.99403381347656
1715.01953125, 1719.964111328125, -277.3523864746094
1721.5435791015625, 1728.2349853515625, -499.07098388671875
1728.1197509765625, 1736.592529296875, -924.3475341796875
1734.5570068359375, 1744.8636474609375, -1538.2122802734375
1740.9505615234375, 1750.94140625, -2068.916259765625
1747.3929443359375, 1749.733154296875, -1713.70654296875
1753.697021484375, 1745.3472900390625, -152.7969207763672
1759.9561767578125, 1740.96142578125, 1108.48876953125
1766.1697998046875, 1736.5755615234375, 1983.333984375
1772.33740234375, 1735.7559814453125, 1983.333984375
1778.5484619140625, 1744.1302490234375, 1983.333984375
1784.6224365234375, 1752.4012451171875, 1983.333984375
1790.7374267578125, 1760.7701416015625, 1983.333984375
1796.7159423828125, 1769.0413818359375, 1983.333984375
1802.646484375, 1777.312255859375, 1983.333984375
1808.5284423828125, 1785.5831298828125, 1983.333984375
1814.3616943359375, 1793.853759765625, 1983.333984375
1820.145751953125, 1810.3946533203125, 1511.524658203125
1831.5645751953125, 1818.6649169921875, 1970.4676513671875
1837.281005859375, 1827.0428466796875, 1983.333984375
1842.8634033203125, 1835.3133544921875, 1828.2100830078125
1848.3946533203125, 1843.58349609375, 1367.4122314453125
1853.874267578125, 1851.8538818359375, 606.6427001953125
1859.3814697265625, 1860.1602783203125, 511.2626953125
1864.9134521484375, 1868.587890625, 87.35616302490234
1870.2337646484375, 1873.84033203125, -111.77561950683594
1880.7149658203125, 1873.8404541015625, 702.90576171875
1885.8751220703125, 1873.8404541015625, 1105.0906982421875
1891.0557861328125, 1873.840576171875, 1983.333984375
1896.1063232421875, 1885.260498046875, 1574.3575439453125
1906.042724609375, 1893.530029296875, 1983.333984375
1910.9278564453125, 1901.7996826171875, 1964.069580078125
1915.96875, 1910.3515625, 1589.0059814453125
1920.7392578125, 1926.890625, 1169.2391357421875
1930.1102294921875, 1935.1593017578125, 563.4395141601562
1934.77734375, 1943.5369873046875, -444.7552185058594
1939.31884765625, 1960.073974609375, -1100.642822265625
1948.22802734375, 1968.341552734375, -2827.154052734375
1952.5950927734375, 1972.9591064453125, -1669.7154541015625
1956.9034423828125, 1955.6436767578125, -1004.5223388671875
1965.3426513671875, 1926.4049072265625, 1983.333984375
1969.4730224609375, 1908.2840576171875, 1983.333984375
1973.5433349609375, 1917.821533203125, 1983.333984375
1981.56103515625, 1926.156005859375, 1983.333984375
1985.505859375, 1934.5411376953125, 1983.333984375
1989.3321533203125, 1942.8072509765625, 1983.333984375
1993.0970458984375, 1959.3394775390625, 1983.333984375
2000.4952392578125, 1967.6888427734375, 1983.333984375
2004.0738525390625, 1975.9549560546875, 1983.333984375
2007.5902099609375, 1984.220947265625, 1983.333984375
2011.0943603515625, 2000.827392578125, 1537.2205810546875
2017.860107421875, 2009.1097412109375, 1527.974365234375
2021.1705322265625, 2017.448974609375, 958.5206298828125
2024.369140625, 2033.981689453125, 372.6011962890625
2030.574951171875, 2042.2669677734375, -425.531005859375
2033.669189453125, 2046.2786865234375, -1326.2991943359375
2036.60986328125, 2039.5418701171875, -917.8165283203125
2042.2972412109375, 2035.1588134765625, -31.594804763793945
2045.043701171875, 2030.7757568359375, 684.1703491210938
2047.7249755859375, 2028.75927734375, 1870.0369873046875
2050.37890625, 2041.521484375, 1349.649658203125
2055.448486328125, 2049.818115234375, 998.0755004882812
2057.900634765625, 2066.5634765625, 471.61590576171875
2062.600830078125, 2074.829833984375, -430.379638671875
2064.816650390625, 2091.437255859375, -1411.166015625
2069.078369140625, 2099.703125, -1498.0006103515625
2071.09326171875, 2107.96875, -2295.8427734375
2073.041259765625, 2116.25146484375, -3778.72705078125
2074.922119140625, 2124.517578125, -5836.25146484375
2076.761962890625, 2127.8779296875, -7000.0
2078.50732421875, 2110.436279296875, -6903.8837890625
2080.20947265625, 2051.553955078125, -1582.6875
2083.36083984375, 2022.364013671875, 1983.333984375
2084.8349609375, 1993.173828125, 1983.333984375
2086.240966796875, 1987.15380859375, 1983.333984375
2087.598388671875, 1995.45703125, 1983.333984375
2088.904052734375, 2003.8878173828125, 1983.333984375
2090.10302734375, 2012.154052734375, 1983.333984375
2091.23388671875, 2020.4200439453125, 1983.333984375
2092.29638671875, 2028.6856689453125, 1983.333984375
2093.29052734375, 2036.9515380859375, 1983.333984375
2094.21630859375, 2045.217041015625, 1983.333984375
2095.073486328125, 2053.482666015625, 1983.333984375
2095.873291015625, 2061.802490234375, 1983.333984375
2096.59228515625, 2070.083740234375, 1983.333984375
2097.2607421875, 2078.53955078125, 1983.333984375
2097.84033203125, 2086.8056640625, 1983.333984375
2098.35107421875, 2095.071533203125, 1340.8599853515625
2098.793212890625, 2103.3369140625, 784.5119018554688
2099.17138671875, 2111.6650390625, -163.2769012451172
2099.474853515625, 2114.188232421875, -1317.605712890625
2099.70947265625, 2111.139892578125, -2038.4930419921875
2099.875, 2106.75732421875, -2202.791748046875
2099.971923828125, 2102.372314453125, -1842.2789306640625
2099.99951171875, 2097.937255859375, -996.4569702148438
2099.956298828125, 2093.541015625, -188.7855987548828
2099.844482421875, 2089.157958984375, 1067.3050537109375
2099.66357421875, 2087.90869140625, 1420.9525146484375
2099.40966796875, 2087.90869140625, 1747.6845703125
2099.090087890625, 2093.87353515625, 1329.837646484375
2098.6953125, 2102.235107421875, 881.7530517578125
2098.237060546875, 2110.5009765625, -24.53532600402832
2097.70166015625, 2118.87353515625, -1924.9849853515625
2097.10498046875, 2127.1396484375, -1918.4549560546875
2096.439453125, 2135.405517578125, -2934.3955078125
2095.705322265625, 2143.671142578125, -4850.27685546875
2094.89013671875, 2151.961669921875, -7000.0
2094.017822265625, 2160.2275390625, -7000.0
2093.0625, 2168.517333984375, -7000.0
2092.05224609375, 2176.8037109375, -7000.0
2090.94091796875, 2185.21728515625, -7000.0
2089.7919921875, 2187.027587890625, -7000.0
2088.574951171875, 2164.205078125, -7000.0
2087.289794921875, 2135.012939453125, -7000.0
2085.9365234375, 2105.808837890625, -5512.2802734375
2084.472412109375, 2075.971435546875, -916.1780395507812
2082.9814453125, 2046.7791748046875, 1983.333984375
2081.422607421875, 2017.5880126953125, 1983.333984375
2079.79638671875, 2018.6954345703125, 1983.333984375
2078.1025390625, 2026.9610595703125, 1983.333984375
2076.314697265625, 2035.28271484375, 1983.333984375
2074.4853515625, 2043.548583984375, 1983.333984375
2072.560302734375, 2051.838623046875, 1983.333984375
2070.595458984375, 2060.1044921875, 1983.333984375
2068.53369140625, 2068.432373046875, 976.5176391601562
2066.403076171875, 2076.787109375, -237.37144470214844
2064.236083984375, 2085.053466796875, -2086.80419921875
2062.0029296875, 2093.31982421875, -2167.479736328125
2059.6689453125, 2101.720458984375, -3524.2568359375
2057.30224609375, 2109.98681640625, -6030.06201171875
2054.86962890625, 2111.128173828125, -7000.0
2052.371337890625, 2085.93603515625, -7000.0
2049.807373046875, 2056.741455078125, -4096.12060546875
2047.1778564453125, 2027.5299072265625, -1154.4471435546875
2044.4429931640625, 1998.23583984375, 1983.333984375
2041.64111328125, 1990.604248046875, 1983.333984375
2038.7724609375, 1997.35595703125, 1983.333984375
2035.8802490234375, 2005.6220703125, 1983.333984375
2032.8795166015625, 2013.930908203125, 1983.333984375
2029.8126220703125, 2022.234619140625, 1819.6219482421875
2026.6798095703125, 2030.575927734375, 369.9615478515625
2023.4813232421875, 2038.9163818359375, -894.0424194335938
2020.264892578125, 2047.18310546875, -3409.00341796875
2016.9852294921875, 2055.44921875, -4293.34619140625
2013.642333984375, 2063.71630859375, -6462.14501953125
2010.2364501953125, 2071.982421875, -7000.0
2006.7164306640625, 2080.30322265625, -7000.0
2003.1844482421875, 2088.5703125, -7000.0
1999.536865234375, 2089.188232421875, -7000.0
1995.8797607421875, 2062.051513671875, -7000.0
1992.1058349609375, 2032.4598388671875, -7000.0
1988.3245849609375, 2003.2664794921875, -5012.7724609375
1984.482177734375, 1974.0731201171875, -3049.9404296875
1980.578857421875, 1944.868896484375, 1152.8885498046875
1976.5560302734375, 1939.115966796875, 1983.333984375
1972.53076171875, 1938.9599609375, 1983.333984375
1968.4453125, 1946.93896484375, 1983.333984375
1964.300048828125, 1955.205322265625, 1983.333984375
1960.09521484375, 1963.4715576171875, 583.85107421875
1955.7679443359375, 1971.7825927734375, -731.200927734375
1951.3800048828125, 1980.1181640625, -3462.885009765625
1946.99658203125, 1988.3851318359375, -4679.5068359375
1942.5548095703125, 1996.651611328125, -7000.0
1937.98828125, 2004.97705078125, -7000.0
1933.4298095703125, 2013.2491455078125, -7000.0
1928.74560546875, 2021.54443359375, -7000.0
1924.002685546875, 2029.8526611328125, -7000.0
1919.201171875, 2038.07861328125, -7000.0
1914.4124755859375, 2037.491455078125, -7000.0
1909.567626953125, 2008.2960205078125, -7000.0
1904.5946044921875, 1978.972900390625, -7000.0
1899.6376953125, 1949.7774658203125, -7000.0
1894.625732421875, 1920.5830078125, -6273.7998046875
1889.5589599609375, 1891.386474609375, -2819.7265625
1884.3621826171875, 1862.06103515625, -103.80721282958984
1879.1861572265625, 1832.823486328125, 1983.333984375
1873.8792724609375, 1804.721435546875, 1983.333984375
1868.5174560546875, 1805.10009765625, 1983.333984375
1863.10107421875, 1813.3994140625, 1983.333984375
1857.6304931640625, 1821.69287109375, 1983.333984375
1852.0257568359375, 1830.1839599609375, 1983.333984375
1846.528564453125, 1838.4517822265625, 1889.10791015625
1840.97998046875, 1846.7188720703125, 1160.22021484375
1835.38037109375, 1854.9859619140625, -621.3702392578125
1829.72998046875, 1863.252685546875, -1080.3758544921875
1824.0294189453125, 1871.5244140625, -3115.4912109375
1818.2789306640625, 1879.7913818359375, -6653.0791015625
1812.4788818359375, 1888.05810546875, -7000.0
1806.54345703125, 1896.384033203125, -7000.0
1800.6448974609375, 1903.8397216796875, -7000.0
1794.6103515625, 1900.57275390625, -7000.0
1788.5264892578125, 1871.1619873046875, -7000.0
1782.4830322265625, 1841.9244384765625, -7000.0
1776.2127685546875, 1812.1943359375, -7000.0
1770.07421875, 1782.997802734375, -4782.69140625
1763.8896484375, 1753.7418212890625, -2862.168701171875
1757.6593017578125, 1724.5462646484375, 1092.702880859375
1751.383544921875, 1699.0068359375, 1983.333984375
1745.06298828125, 1695.2725830078125, 1983.333984375
1738.697998046875, 1696.5037841796875, 1983.333984375
1732.1943359375, 1704.8013916015625, 1983.333984375
1725.7410888671875, 1713.0806884765625, 1983.333984375
1719.2447509765625, 1721.3612060546875, 724.9741821289062
1712.6092529296875, 1729.689697265625, -746.3613891601562
1706.0274658203125, 1737.96337890625, -1018.03076171875
1699.40380859375, 1746.2369384765625, -2828.47802734375
1692.542236328125, 1754.69482421875, -6454.18115234375
1685.8353271484375, 1762.9620361328125, -7000.0
1679.0880126953125, 1771.22900390625, -7000.0
1672.30078125, 1779.506591796875, -7000.0
1665.37353515625, 1787.87060546875, -7000.0
1658.50732421875, 1794.39111328125, -7000.0
1651.6026611328125, 1788.199462890625, -7000.0
1644.6600341796875, 1759.0062255859375, -7000.0
1637.6798095703125, 1729.810791015625, -7000.0
1630.66259765625, 1700.61767578125, -7000.0
1623.6087646484375, 1671.4156494140625, -7000.0
1616.414306640625, 1642.0927734375, -6243.00830078125
1609.288330078125, 1612.887451171875, -2985.898681640625
1601.9161376953125, 1583.1226806640625, -166.18157958984375
1594.719482421875, 1553.927490234375, 1983.333984375
1587.4886474609375, 1530.7938232421875, 1983.333984375
1580.2242431640625, 1529.5108642578125, 1983.333984375
1572.9268798828125, 1537.7781982421875, 1983.333984375
1565.5968017578125, 1546.0635986328125, 1983.333984375
1557.9091796875, 1554.6978759765625, 1331.108642578125
1550.5140380859375, 1562.9644775390625, -138.8761444091797
1543.087890625, 1571.23046875, -2833.43896484375
1535.6312255859375, 1579.49560546875, -4366.546875
1528.1446533203125, 1587.76025390625, -7000.0
1520.62841796875, 1596.0245361328125, -7000.0
1513.083251953125, 1604.288818359375, -7000.0
1505.5096435546875, 1612.55224609375, -7000.0
1497.796142578125, 1620.8638916015625, -7000.0
1490.166748046875, 1626.602783203125, -7000.0
1482.510498046875, 1617.675048828125, -7000.0
1474.827880859375, 1588.4949951171875, -7000.0
1467.1195068359375, 1559.31494140625, -7000.0
1459.3857421875, 1530.1348876953125, -7000.0
1451.512939453125, 1500.8216552734375, -7000.0
1443.615234375, 1471.280029296875, -6470.966796875
1435.8082275390625, 1442.0987548828125, -3511.88427734375
1427.8626708984375, 1412.8006591796875, -1093.5216064453125
1420.009521484375, 1362.585205078125, 1102.333984375
1404.1212158203125, 1358.2034912109375, 1983.333984375
1396.086669921875, 1358.8460693359375, 1983.333984375
1388.14794921875, 1368.728271484375, 1983.333984375
1380.189453125, 1388.234619140625, 334.54656982421875
1363.9794921875, 1398.00537109375, -3057.62841796875
1355.964111328125, 1415.1387939453125, -2956.0400390625
1339.881103515625, 1423.401123046875, -7000.0
1331.8145751953125, 1440.004638671875, -7000.0
1315.5147705078125, 1448.2666015625, -7000.0
1307.4017333984375, 1456.528564453125, -7000.0
1299.2744140625, 1449.4857177734375, -7000.0
1282.859130859375, 1420.310302734375, -7000.0
1274.6920166015625, 1391.1346435546875, -7000.0
1266.512939453125, 1332.785400390625, -7000.0
1250.1209716796875, 1303.588134765625, -7000.0
1241.66748046875, 1273.7003173828125, -6971.28173828125
1233.4456787109375, 1215.3524169921875, -2252.550048828125
1216.9749755859375, 1186.178955078125, 1043.03564453125
1208.727294921875, 1156.98388671875, 1983.333984375
1200.4720458984375, 1142.20703125, 1983.333984375
1192.08837890625, 1161.26513671875, 1983.333984375
1175.4237060546875, 1172.835205078125, 883.5277099609375
1167.14404296875, 1184.3394775390625, -610.5302734375
1158.8597412109375, 1207.0843505859375, -2811.0751953125
1142.1575927734375, 1218.2637939453125, -7000.0
1133.8629150390625, 1229.37158203125, -7000.0
1125.5657958984375, 1251.4422607421875, -7000.0
1108.8448486328125, 1262.2403564453125, -7000.0
1100.422119140625, 1279.535400390625, -7000.0
1083.69921875, 1265.9632568359375, -7000.0
1075.2781982421875, 1207.150146484375, -7000.0
1058.685791015625, 1177.972412109375, -7000.0
1050.3936767578125, 1148.7872314453125, -7000.0
1042.1048583984375, 1090.154052734375, -6044.8779296875
1025.418212890625, 1060.9764404296875, -6467.9033203125
1017.1431884765625, 1031.799072265625, -4453.5634765625
1008.7523193359375, 1002.4799194335938, -3005.770751953125
1000.3679809570312, 943.9478149414062, -238.78897094726562
983.7422485351562, 928.2764282226562, 1983.333984375
975.3807373046875, 928.109375, 1983.333984375
967.028076171875, 937.311767578125, 1983.333984375
958.8056640625, 964.18310546875, 1007.906005859375
942.390625, 977.4544677734375, -2537.755859375
934.1990966796875, 990.6054077148438, -5429.1904296875
925.8988037109375, 1016.7098999023438, -6944.70751953125
909.3358764648438, 1029.6256103515625, -7000.0
901.1940307617188, 1042.3251953125, -7000.0
893.0658569335938, 1054.914306640625, -7000.0
884.832763671875, 1067.43701171875, -7000.0
876.6149291992188, 1079.8809814453125, -7000.0
