1709.5015869140625, 1728.2255859375, -1634.4888916015625
1702.89990234375, 1721.7158203125, -3197.801025390625
1696.2567138671875, 1715.1561279296875, -1866.29541015625
1689.5723876953125, 1723.400634765625, -2312.482666015625
1682.8475341796875, 1731.649658203125, -4451.9912109375
1676.0823974609375, 1739.8985595703125, -7000.0
1669.2777099609375, 1748.1529541015625, -7000.0
1662.4337158203125, 1756.4091796875, -7000.0
1655.5509033203125, 1764.664306640625, -7000.0
1648.6298828125, 1772.91845703125, -7000.0
1641.671142578125, 1781.178955078125, -7000.0
1634.675048828125, 1789.442138671875, -7000.0
1627.6419677734375, 1792.0216064453125, -7000.0
1620.5726318359375, 1771.972900390625, -7000.0
1613.467529296875, 1742.8031005859375, -7000.0
1606.326904296875, 1713.6336669921875, -7000.0
1599.1513671875, 1684.4639892578125, -7000.0
1591.9415283203125, 1655.2939453125, -7000.0
1584.69775390625, 1626.1234130859375, -7000.0
1577.420654296875, 1596.9522705078125, -5538.43017578125
1570.110595703125, 1567.779296875, -1647.02392578125
1562.7681884765625, 1538.606689453125, 282.3738098144531
1555.393798828125, 1509.4326171875, 1983.333984375
1547.9881591796875, 1505.9971923828125, 1983.333984375
1540.551513671875, 1514.2545166015625, 1983.333984375
1533.0845947265625, 1522.5118408203125, 1983.333984375
1525.5877685546875, 1530.76904296875, 372.48883056640625
1518.061767578125, 1539.026611328125, -1524.7047119140625
1510.5068359375, 1547.2840576171875, -2310.64990234375
1502.9237060546875, 1555.5418701171875, -4870.61083984375
1495.312744140625, 1563.7998046875, -7000.0
1487.674560546875, 1572.05810546875, -7000.0
1480.0096435546875, 1580.3170166015625, -7000.0
1472.3184814453125, 1588.5758056640625, -7000.0
1464.601806640625, 1596.834716796875, -7000.0
1456.8599853515625, 1599.410888671875, -7000.0
1449.093505859375, 1579.33935546875, -7000.0
1441.302978515625, 1550.1680908203125, -7000.0
1433.489013671875, 1520.996826171875, -7000.0
1425.6519775390625, 1491.82568359375, -7000.0
1417.7926025390625, 1462.6546630859375, -7000.0
1409.9112548828125, 1433.4837646484375, -6002.28173828125
1402.008544921875, 1404.3128662109375, -2620.465576171875
1394.0850830078125, 1375.1422119140625, -477.3729553222656
1386.1412353515625, 1345.9716796875, 1983.333984375
1378.1778564453125, 1336.9072265625, 1983.333984375
1370.1951904296875, 1343.84423828125, 1983.333984375
1362.1939697265625, 1353.8487548828125, 1720.2537841796875
1354.174560546875, 1363.7667236328125, 369.2086486816406
1346.1378173828125, 1373.6015625, -2273.52880859375
1338.083984375, 1383.349609375, -3995.23828125
1330.0137939453125, 1393.0146484375, -7000.0
1321.927734375, 1402.2415771484375, -7000.0
1313.826416015625, 1410.7445068359375, -7000.0
1305.7103271484375, 1419.0045166015625, -7000.0
1297.580078125, 1427.2645263671875, -7000.0
1289.436279296875, 1435.5247802734375, -7000.0
1281.279296875, 1443.784912109375, -7000.0
1273.10986328125, 1446.356201171875, -7000.0
1264.9285888671875, 1426.26513671875, -7000.0
1256.73583984375, 1397.0950927734375, -7000.0
1248.5323486328125, 1367.9248046875, -7000.0
1240.318603515625, 1338.7545166015625, -7000.0
1232.09521484375, 1309.584228515625, -7000.0
1223.86279296875, 1280.4139404296875, -7000.0
1215.6217041015625, 1251.2437744140625, -7000.0
1207.3726806640625, 1222.0736083984375, -4987.6259765625
1199.1163330078125, 1192.9033203125, -3508.665283203125
1190.8531494140625, 1163.7333984375, -592.7783203125
1182.5836181640625, 1151.6451416015625, 1660.4190673828125
1174.3084716796875, 1150.3385009765625, 1983.333984375
1166.0281982421875, 1158.3984375, 1446.6690673828125
1157.7432861328125, 1169.9891357421875, -384.49981689453125
1149.4544677734375, 1181.480224609375, -3512.20556640625
1141.1622314453125, 1192.878662109375, -5910.8017578125
1132.8671875, 1204.1798095703125, -7000.0
1124.56982421875, 1215.3807373046875, -7000.0
1116.2708740234375, 1226.4888916015625, -7000.0
1107.970703125, 1237.5, -7000.0
1099.669921875, 1248.4180908203125, -7000.0
1091.3692626953125, 1259.2391357421875, -7000.0
1083.0692138671875, 1269.9671630859375, -7000.0
1074.770263671875, 1280.605224609375, -7000.0
1066.47314453125, 1285.5062255859375, -7000.0
1058.17822265625, 1266.114990234375, -7000.0
1049.88623046875, 1236.9449462890625, -7000.0
1041.5977783203125, 1207.7747802734375, -7000.0
1033.313232421875, 1178.604736328125, -7000.0
1025.0333251953125, 1149.4345703125, -7000.0
1016.7586059570312, 1120.2645263671875, -7000.0
1008.4895629882812, 1091.094482421875, -7000.0
1000.2268676757812, 1061.924560546875, -7000.0
991.9710693359375, 1032.754638671875, -7000.0
983.72265625, 1003.5848999023438, -5578.763671875
975.4822998046875, 974.4151000976562, -1833.3033447265625
967.25048828125, 945.245361328125, 199.81549072265625
959.02783203125, 916.0757446289062, 1983.333984375
950.8148803710938, 910.8682861328125, 1983.333984375
942.6122436523438, 922.0443725585938, 1983.333984375
934.4204711914062, 935.6610717773438, 1155.684326171875
926.2400512695312, 949.1648559570312, -1007.8727416992188
918.0715942382812, 962.5517578125, -2703.962890625
909.9157104492188, 975.82568359375, -6767.82763671875
901.7728881835938, 988.9827270507812, -7000.0
893.643798828125, 1002.0267333984375, -7000.0
885.5288696289062, 1014.9608154296875, -7000.0
877.4287109375, 1027.78466796875, -7000.0
869.3439331054688, 1040.498779296875, -7000.0
861.2749633789062, 1053.1029052734375, -7000.0
853.2225341796875, 1065.5968017578125, -7000.0
845.1870727539062, 1072.3271484375, -7000.0
837.169189453125, 1053.4765625, -7000.0
829.1693725585938, 1024.3067626953125, -7000.0
821.188232421875, 995.1370849609375, -7000.0
813.226318359375, 965.9673461914062, -7000.0
805.2841186523438, 936.7977294921875, -7000.0
797.3623046875, 907.6281127929688, -7000.0
789.4613037109375, 878.45849609375, -7000.0
781.5816650390625, 849.2890625, -7000.0
773.7239990234375, 820.1197509765625, -7000.0
765.8887939453125, 790.9506225585938, -6173.85400390625
758.07666015625, 761.7803344726562, -2944.5888671875
750.2880249023438, 732.6113891601562, -255.88583374023438
742.5235595703125, 703.4426879882812, 1983.333984375
734.78369140625, 691.3990478515625, 1983.333984375
727.0689697265625, 700.8291625976562, 1983.333984375
719.3799438476562, 716.34130859375, 489.1990966796875
711.7171630859375, 731.7206420898438, -1306.396240234375
704.0811157226562, 746.9700317382812, -2805.376953125
696.4723510742188, 762.0896606445312, -6830.6484375
688.891357421875, 777.0792846679688, -7000.0
681.3387451171875, 791.9390258789062, -7000.0
673.81494140625, 806.6757202148438, -7000.0
666.320556640625, 821.2855224609375, -7000.0
658.8560180664062, 835.765380859375, -7000.0
651.421875, 850.1221923828125, -7000.0
644.0186767578125, 864.3589477539062, -7000.0
636.6468505859375, 872.8077392578125, -7000.0
629.3069458007812, 854.4581909179688, -7000.0
621.99951171875, 825.2890625, -7000.0
614.7249755859375, 796.1199340820312, -7000.0
607.48388671875, 766.950927734375, -7000.0
600.2767333984375, 737.7820434570312, -7000.0
593.10400390625, 708.6132202148438, -7000.0
585.9662475585938, 679.444580078125, -7000.0
578.8638916015625, 650.276123046875, -7000.0
571.7974243164062, 621.10791015625, -7000.0
564.767333984375, 591.93994140625, -6414.70068359375
557.774169921875, 562.7722778320312, -3320.643310546875
550.8182983398438, 533.60498046875, -665.2548828125
543.9003295898438, 504.438232421875, 1936.02392578125
537.0206909179688, 475.270751953125, 1983.333984375
530.1798095703125, 478.40557861328125, 1983.333984375
523.378173828125, 495.82904052734375, 1983.333984375
516.6162719726562, 513.1029052734375, 346.05279541015625
509.89459228515625, 530.22705078125, -1479.18359375
503.21356201171875, 547.2015380859375, -3094.380126953125
496.5736389160156, 564.0331420898438, -7000.0
489.9753112792969, 580.718017578125, -7000.0
483.41900634765625, 597.2599487304688, -7000.0
476.9051818847656, 613.6619262695312, -7000.0
470.4342956542969, 629.9240112304688, -7000.0
464.0068054199219, 646.046142578125, -7000.0
457.62310791015625, 662.0285034179688, -7000.0
451.28369140625, 672.2028198242188, -7000.0
444.9889831542969, 654.3560180664062, -7000.0
438.7393798828125, 625.1880493164062, -7000.0
432.53533935546875, 596.0202026367188, -7000.0
426.3773193359375, 566.8526611328125, -7000.0
420.26568603515625, 537.6854858398438, -7000.0
414.2008972167969, 508.5185241699219, -7000.0
408.183349609375, 479.35211181640625, -7000.0
402.2135009765625, 450.186279296875, -7000.0
396.29168701171875, 421.0211181640625, -6133.08837890625
390.41839599609375, 391.8568115234375, -2643.333251953125
384.593994140625, 362.6935729980469, -1147.08544921875
378.8188781738281, 333.5316467285156, 1981.3133544921875
373.09344482421875, 324.7391357421875, 1983.333984375
367.4180908203125, 337.7906494140625, 1983.333984375
361.7932434082031, 356.4137878417969, 409.28045654296875
356.21923828125, 374.8779296875, -1225.0972900390625
350.6965026855469, 393.1828308105469, -2678.9736328125
345.2253723144531, 411.3282470703125, -6763.4091796875
339.8062438964844, 429.3211364746094, -7000.0
334.43951416015625, 447.16436767578125, -7000.0
329.1255187988281, 464.85101318359375, -7000.0
323.8646545410156, 482.3854064941406, -7000.0
318.6572570800781, 499.7694091796875, -7000.0
313.5036926269531, 517.004150390625, -7000.0
308.4043273925781, 534.095458984375, -7000.0
303.3595275878906, 545.3648071289062, -7000.0
298.36956787109375, 527.8228759765625, -7000.0
293.43487548828125, 498.6564636230469, -7000.0
288.5557556152344, 469.4904479980469, -7000.0
283.7325439453125, 440.3249816894531, -7000.0
278.965576171875, 411.1601867675781, -7000.0
274.25518798828125, 381.9962158203125, -7000.0
269.6016845703125, 352.8333740234375, -7000.0
265.00537109375, 323.6719970703125, -7000.0
260.4666442871094, 294.5125732421875, -7000.0
255.98573303222656, 265.3555908203125, -4370.12744140625
251.56297302246094, 236.20205688476562, -1865.80224609375
247.1986846923828, 207.05345153808594, 593.4081420898438
242.8931427001953, 195.08502197265625, 1983.333984375
238.64666748046875, 207.50271606445312, 1983.333984375
234.4595489501953, 227.22853088378906, 500.77130126953125
230.33206176757812, 246.78761291503906, -880.9459228515625
226.26449584960938, 266.1860046386719, -2054.127685546875
222.2571258544922, 285.419189453125, -5829.46240234375
218.31024169921875, 304.49072265625, -7000.0
214.42410278320312, 323.3963928222656, -7000.0
210.5989990234375, 342.1398620605469, -7000.0
206.8351593017578, 360.72393798828125, -7000.0
203.13287353515625, 379.14862060546875, -7000.0
199.49237060546875, 397.4137878417969, -7000.0
195.91392517089844, 415.5262756347656, -7000.0
192.39776611328125, 427.8011169433594, -7000.0
188.94415283203125, 410.5394592285156, -7000.0
185.5532989501953, 381.3759765625, -7000.0
182.2254638671875, 352.21343994140625, -7000.0
178.96087646484375, 323.0523681640625, -7000.0
175.75973510742188, 293.8929748535156, -7000.0
172.62228393554688, 264.7361145019531, -7000.0
169.54872131347656, 235.5826873779297, -7000.0
166.53927612304688, 206.4342041015625, -7000.0
163.59414672851562, 177.2930450439453, -4858.044921875
160.7135467529297, 148.16363525390625, -2640.7509765625
157.8976593017578, 119.05455017089844, 578.9613037109375
155.1466827392578, 107.12906646728516, 1983.333984375
152.46080017089844, 114.3982162475586, 1983.333984375
149.84022521972656, 132.3921661376953, 1590.3712158203125
147.2851104736328, 152.745361328125, -447.1637878417969
144.79563903808594, 172.9317169189453, -3111.447509765625
142.37197875976562, 192.95176696777344, -5387.478515625
140.01431274414062, 212.80628967285156, -7000.0
137.7227783203125, 232.49424743652344, -7000.0
135.49755859375, 252.0146942138672, -7000.0
133.3387908935547, 271.366943359375, -7000.0
131.2466278076172, 290.55755615234375, -7000.0
129.22122192382812, 309.5823669433594, -7000.0
127.2626953125, 328.445068359375, -7000.0
125.37120056152344, 347.14849853515625, -7000.0
123.5468521118164, 360.0052795410156, -7000.0
121.789794921875, 342.8927307128906, -7000.0
120.10012817382812, 313.73248291015625, -7000.0
118.47798156738281, 284.5740966796875, -7000.0
116.92346954345703, 255.41847229003906, -7000.0
115.43669128417969, 226.2665252685547, -7000.0
114.01775360107422, 197.1200408935547, -7000.0
112.666748046875, 167.9820556640625, -7000.0
111.38377380371094, 138.85789489746094, -6428.2119140625
110.1689224243164, 109.75852966308594, -2685.574462890625
109.02227020263672, 80.7108383178711, -689.6080322265625
107.94389343261719, 51.801841735839844, 1983.333984375
106.93387603759766, 47.65586471557617, 1983.333984375
105.9922866821289, 54.27751541137695, 1983.333984375
105.11917877197266, 70.78909301757812, 1983.333984375
104.31462860107422, 91.58441925048828, 1024.1134033203125
103.57868194580078, 112.25089263916016, -1382.8486328125
102.91139221191406, 132.76583862304688, -1363.8677978515625
102.31279754638672, 153.11419677734375, -3747.3017578125
101.78295135498047, 173.29876708984375, -7000.0
101.32189178466797, 193.3194580078125, -7000.0
100.92963409423828, 213.1674041748047, -7000.0
100.60621643066406, 232.8453826904297, -7000.0
100.3516616821289, 252.36264038085938, -7000.0
100.16598510742188, 271.7147521972656, -7000.0
100.0491943359375, 290.8982849121094, -7000.0
100.00131225585938, 304.2264404296875, -7000.0
100.02232360839844, 287.2290954589844, -7000.0
100.11224365234375, 258.073486328125, -7000.0
100.27104949951172, 228.9214324951172, -7000.0
100.49874877929688, 199.77468872070312, -7000.0
100.7953109741211, 170.63589477539062, -7000.0
101.16072082519531, 141.5101318359375, -7000.0
101.59495544433594, 112.40777587890625, -4514.25048828125
102.09798431396484, 83.35336303710938, -1583.1011962890625
102.66976928710938, 54.42372512817383, 1696.982421875
103.31027221679688, 42.696617126464844, 1983.333984375
104.01944732666016, 55.88681411743164, 1983.333984375
104.79724884033203, 76.74860382080078, 1983.333984375
105.64362335205078, 97.50929260253906, 500.9120788574219
106.55851745605469, 118.13496398925781, -304.8597717285156
107.54185485839844, 138.60401916503906, -3305.625732421875
108.59357452392578, 158.90562438964844, -5536.95068359375
109.71360778808594, 179.04217529296875, -7000.0
110.9018783569336, 199.01409912109375, -7000.0
112.15829467773438, 218.81980895996094, -7000.0
113.48278045654297, 238.45840454101562, -7000.0
114.87523651123047, 257.92913818359375, -7000.0
116.33556365966797, 277.2315673828125, -7000.0
117.86367797851562, 290.66632080078125, -7000.0
119.45945739746094, 273.6747741699219, -7000.0
121.122802734375, 244.52076721191406, -7000.0
122.85359191894531, 215.37094116210938, -7000.0
124.65171813964844, 186.2276153564453, -7000.0
126.51703643798828, 157.09408569335938, -6786.9296875
128.44943237304688, 127.97740936279297, -3024.87548828125
130.4487762451172, 98.8927001953125, -632.5611572265625
132.51492309570312, 69.8798599243164, 1983.333984375
134.64773559570312, 66.0459976196289, 1983.333984375
136.84706115722656, 82.68647766113281, 1983.333984375
139.1127471923828, 103.40838623046875, 1983.333984375
141.44464111328125, 123.98284912109375, 1585.20166015625
143.8425750732422, 144.40248107910156, 101.74752807617188
146.306396484375, 164.65609741210938, -1469.06201171875
148.8359375, 184.74412536621094, -2147.259765625
151.43101501464844, 204.6671142578125, -4776.76123046875
154.09144592285156, 224.4236297607422, -7000.0
156.81704711914062, 244.01280212402344, -7000.0
159.60763549804688, 263.4339599609375, -7000.0
162.46302795410156, 282.6936340332031, -7000.0
165.38302612304688, 301.78765869140625, -7000.0
168.36740112304688, 315.00762939453125, -7000.0
171.41598510742188, 297.9239501953125, -7000.0
174.52854919433594, 268.7673034667969, -7000.0
177.7048797607422, 239.61363220214844, -7000.0
180.9447479248047, 210.4646759033203, -6672.59228515625
184.24795532226562, 181.32247924804688, -2645.13916015625
187.61424255371094, 152.18997192382812, 208.19332885742188
191.0434112548828, 123.07727813720703, 1983.333984375
194.5352020263672, 122.8561019897461, 1983.333984375
198.08938598632812, 140.80636596679688, 1983.333984375
201.70571899414062, 161.08636474609375, 1983.333984375
205.38394165039062, 181.20199584960938, 1983.333984375
209.12380981445312, 201.1534881591797, 561.8164672851562
212.925048828125, 220.93893432617188, -1658.3455810546875
216.78741455078125, 240.55746459960938, -942.8295288085938
220.7106475830078, 260.0082092285156, -2041.354736328125
224.6944580078125, 279.29052734375, -4836.95068359375
228.7385711669922, 298.4119567871094, -7000.0
232.8427276611328, 317.3736267089844, -7000.0
237.00662231445312, 336.1692199707031, -7000.0
241.22999572753906, 354.802490234375, -7000.0
245.5125274658203, 367.56475830078125, -7000.0
249.85394287109375, 350.3143615722656, -7000.0
254.25392150878906, 321.1536560058594, -7000.0
258.7121887207031, 291.99468994140625, -7000.0
263.2284240722656, 262.8382873535156, -3253.236572265625
267.80230712890625, 233.68521118164062, -448.8778991699219
272.43353271484375, 204.53709411621094, 1983.333984375
277.1217956542969, 201.0377197265625, 1983.333984375
281.8667297363281, 217.12648010253906, 1983.333984375
286.6680603027344, 236.77296447753906, 1983.333984375
291.5254211425781, 256.2523193359375, 1983.333984375
296.4384765625, 275.5708312988281, 1983.333984375
301.4068908691406, 294.723876953125, 499.8477478027344
306.43035888671875, 313.71527099609375, -1548.169677734375
311.50848388671875, 332.5475769042969, -3356.277099609375
316.6409606933594, 351.21368408203125, -3797.1796875
321.827392578125, 369.7173767089844, -5740.6533203125
327.0674743652344, 388.0685729980469, -7000.0
332.36077880859375, 406.26324462890625, -7000.0
337.70697021484375, 424.2982482910156, -7000.0
343.105712890625, 436.4633483886719, -7000.0
348.5566101074219, 419.0090637207031, -7000.0
354.05926513671875, 389.84527587890625, -7000.0
359.6133117675781, 360.682373046875, -3424.173828125
365.2183837890625, 331.52081298828125, -568.5370483398438
370.87408447265625, 302.36083984375, 1983.333984375
376.58001708984375, 297.54779052734375, 1983.333984375
382.3358154296875, 312.5032043457031, 1983.333984375
388.14105224609375, 331.3443298339844, 1983.333984375
393.9953308105469, 350.0196838378906, 1983.333984375
399.89825439453125, 368.532958984375, 1983.333984375
405.84942626953125, 386.893798828125, 1983.333984375
411.8484191894531, 405.0982971191406, 612.0066528320312
417.89483642578125, 423.14324951171875, -1104.574462890625
423.9882507324219, 441.0355224609375, -2480.513671875
430.12823486328125, 458.778076171875, -2289.56201171875
436.31439208984375, 476.3638916015625, -3413.056396484375
442.5462646484375, 493.79693603515625, -5762.53369140625
448.82342529296875, 511.08709716796875, -7000.0
455.1454772949219, 522.5010375976562, -7000.0
461.5119323730469, 504.7969665527344, -7000.0
467.92242431640625, 475.6310119628906, -4186.34619140625
474.3764343261719, 446.4654235839844, -262.5882568359375
480.8735656738281, 417.300537109375, 1983.333984375
487.4133605957031, 405.4613342285156, 1983.333984375
493.9953308105469, 416.7649230957031, 1983.333984375
500.61907958984375, 434.709228515625, 1983.333984375
507.2841491699219, 452.5018005371094, 1983.333984375
513.9900512695312, 470.14422607421875, 1983.333984375
520.7362670898438, 487.636962890625, 1983.333984375
527.5224609375, 504.9800109863281, 1983.333984375
534.3480834960938, 522.1732177734375, 1345.57568359375
541.2127075195312, 539.2166748046875, 533.3460083007812
548.1157836914062, 556.1171875, -1366.0804443359375
555.0569458007812, 572.8709106445312, -2818.174560546875
562.0355834960938, 589.4817504882812, -2473.90283203125
569.0513305664062, 605.95263671875, -3229.0625
576.1036987304688, 616.549072265625, -4352.037109375
583.1920776367188, 598.5781860351562, -2550.6943359375
590.3161010742188, 569.410888671875, -974.4854736328125
597.4752807617188, 540.24365234375, 1983.333984375
604.6690673828125, 531.62109375, 1983.333984375
611.89697265625, 543.5516967773438, 1983.333984375
619.1585083007812, 560.4146118164062, 1983.333984375
626.4531860351562, 577.135009765625, 1983.333984375
633.7804565429688, 593.7086181640625, 1983.333984375
641.139892578125, 610.1400146484375, 1983.333984375
648.5309448242188, 626.430908203125, 1983.333984375
655.9530639648438, 642.5819702148438, 1599.2850341796875
663.4058227539062, 658.59375, 270.4672546386719
670.888671875, 674.471923828125, -995.2001342773438
678.4010620117188, 690.2131958007812, -1779.5540771484375
685.9425048828125, 705.821533203125, -3447.978515625
693.512451171875, 721.2929077148438, -3111.069091796875
701.1104125976562, 730.8984985351562, -3020.716064453125
708.7359008789062, 712.6109008789062, -2795.30078125
716.3883056640625, 683.44140625, 282.0609436035156
724.067138671875, 671.6295776367188, 1983.333984375
731.7719116210938, 675.6239013671875, 1983.333984375
739.5020751953125, 688.8958129882812, 1983.333984375
747.2570190429688, 704.5136108398438, 1983.333984375
755.0363159179688, 719.9947509765625, 1983.333984375
762.83935546875, 735.3428955078125, 1983.333984375
770.6655883789062, 750.5612182617188, 1983.333984375
778.5145874023438, 765.6495971679688, 1661.229736328125
786.3856811523438, 780.6080932617188, 558.6943969726562
794.2783813476562, 795.4366455078125, -325.9496154785156
802.1921997070312, 810.1422119140625, -702.030029296875
810.1265258789062, 824.7207641601562, -1819.732421875
818.080810546875, 839.1763916015625, -3625.616455078125
826.0545043945312, 853.5050659179688, -3242.27197265625
834.0470581054688, 861.97314453125, -2932.447265625
842.0579833984375, 843.326416015625, -2413.3759765625
850.086669921875, 814.1574096679688, 1113.6214599609375
858.132568359375, 802.3582153320312, 1983.333984375
866.1951293945312, 805.5741577148438, 1983.333984375
874.2738037109375, 817.7376708984375, 1983.333984375
882.3680419921875, 832.2528686523438, 1983.333984375
890.4772338867188, 846.6412353515625, 1983.333984375
898.6008911132812, 860.90673828125, 1983.333984375
906.7384643554688, 875.0523071289062, 1983.333984375
914.8892822265625, 889.0780029296875, 1983.333984375
923.0529174804688, 902.983642578125, 1983.333984375
931.2286987304688, 916.7693481445312, 1983.333984375
939.4161376953125, 930.43505859375, 1377.656494140625
947.6146240234375, 943.9808349609375, 1145.608154296875
955.8236083984375, 957.41357421875, 340.4513854980469
964.0425415039062, 970.7293090820312, -994.7431030273438
972.2708740234375, 978.190185546875, -1104.892333984375
980.5079345703125, 979.7557983398438, -445.9226989746094
988.7532958984375, 976.717529296875, 406.9925537109375
997.0062866210938, 972.3375854492188, 1716.7215576171875
1005.266357421875, 974.5429077148438, 1983.333984375
1013.532958984375, 985.2682495117188, 1983.333984375
1021.8055419921875, 998.3436889648438, 1983.333984375
1030.08349609375, 1011.3062744140625, 1983.333984375
1038.3663330078125, 1024.158935546875, 1983.333984375
1046.6533203125, 1036.9017333984375, 1569.968994140625
1054.944091796875, 1049.534423828125, 692.7102661132812
1063.23779296875, 1062.0572509765625, 329.6513977050781
1071.5341796875, 1074.4771728515625, -475.0310974121094
1079.83251953125, 1086.7899169921875, -729.89501953125
1088.1322021484375, 1098.999755859375, -1419.49365234375
1096.4327392578125, 1111.1026611328125, -2509.768310546875
1104.7333984375, 1123.1029052734375, -1142.657958984375
1113.033935546875, 1129.2489013671875, -2423.48828125
1121.3333740234375, 1109.873291015625, -472.9072570800781
1129.6314697265625, 1098.100830078125, 1789.1795654296875
1137.927490234375, 1093.720947265625, 1983.333984375
1146.220947265625, 1100.9493408203125, 1983.333984375
1154.5111083984375, 1113.0390625, 1983.333984375
1162.797607421875, 1125.0216064453125, 1983.333984375
1171.0797119140625, 1136.9013671875, 1983.333984375
1179.35693359375, 1148.68115234375, 1983.333984375
1187.6287841796875, 1160.36083984375, 1983.333984375
1195.89453125, 1171.9407958984375, 1983.333984375
1204.153564453125, 1183.4205322265625, 1983.333984375
1212.405517578125, 1194.8004150390625, 1983.333984375
1220.6497802734375, 1206.0804443359375, 1983.333984375
1228.8856201171875, 1217.2672119140625, 1960.224365234375
1237.1126708984375, 1228.357177734375, 1621.482177734375
1245.3302001953125, 1239.3538818359375, 992.3815307617188
1253.537841796875, 1250.2537841796875, 1039.3768310546875
1261.7347412109375, 1261.0606689453125, 795.90478515625
1269.920654296875, 1266.0186767578125, 938.9583129882812
1278.0947265625, 1268.4949951171875, 787.3697509765625
1286.256591796875, 1270.951171875, 1298.8011474609375
1294.4056396484375, 1279.1397705078125, 1788.122314453125
1302.541259765625, 1289.6962890625, 1983.333984375
1310.662841796875, 1300.1630859375, 1913.4482421875
1318.77001953125, 1310.5399169921875, 1597.4549560546875
1326.862060546875, 1320.8271484375, 1056.0943603515625
1334.9385986328125, 1331.031005859375, 308.3345947265625
1342.998779296875, 1341.1478271484375, 314.5833740234375
1351.0423583984375, 1351.1748046875, 103.36491394042969
1359.0684814453125, 1361.11865234375, -307.0401306152344
1367.076904296875, 1370.9754638671875, -219.53001403808594
1375.06689453125, 1380.7493896484375, -340.5196838378906
1383.037841796875, 1390.436279296875, -651.8304443359375
1390.9893798828125, 1394.2843017578125, -477.8425598144531
1398.9208984375, 1391.618896484375, 241.1799774169922
1406.8316650390625, 1387.239013671875, 1384.5443115234375
1414.721435546875, 1386.95703125, 1983.333984375
1422.5894775390625, 1394.1571044921875, 1983.333984375
1430.435302734375, 1403.27392578125, 1983.333984375
1438.25830078125, 1411.723876953125, 1983.333984375
1446.05810546875, 1419.98388671875, 1983.333984375
1453.833984375, 1428.243896484375, 1983.333984375
1461.58544921875, 1436.50390625, 1983.333984375
1469.31201171875, 1444.7640380859375, 1983.333984375
1477.01318359375, 1453.0240478515625, 1983.333984375
1484.6883544921875, 1461.2841796875, 1983.333984375
1492.3370361328125, 1469.54443359375, 1983.333984375
1499.9586181640625, 1477.8045654296875, 1983.333984375
1507.552734375, 1486.064697265625, 1983.333984375
1515.1187744140625, 1494.32470703125, 1983.333984375
1522.6561279296875, 1502.5849609375, 1983.333984375
1530.1644287109375, 1510.8450927734375, 1983.333984375
1537.64306640625, 1519.10498046875, 1983.333984375
1545.091552734375, 1527.3651123046875, 1983.333984375
1552.50927734375, 1535.625244140625, 1983.333984375
1559.8958740234375, 1543.885498046875, 1983.333984375
1567.2508544921875, 1552.1455078125, 1983.333984375
1574.5736083984375, 1560.40576171875, 1983.333984375
1581.8636474609375, 1568.6658935546875, 1983.333984375
1589.1204833984375, 1576.926025390625, 1983.333984375
1596.3436279296875, 1585.1864013671875, 1983.333984375
1603.5325927734375, 1593.446533203125, 1983.333984375
1610.6868896484375, 1601.706787109375, 1983.333984375
1617.805908203125, 1609.967041015625, 1860.552001953125
1624.8892822265625, 1618.2271728515625, 1609.260498046875
1631.9365234375, 1626.4871826171875, 1231.7637939453125
1638.947021484375, 1634.747314453125, 730.1528930664062
1645.9205322265625, 1643.00732421875, 1048.498291015625
1652.8563232421875, 1651.267578125, 257.30364990234375
1659.7540283203125, 1653.713134765625, 957.3715209960938
1666.6131591796875, 1659.5281982421875, 799.8568725585938
1673.433349609375, 1667.788330078125, 485.434814453125
1680.2138671875, 1676.0484619140625, 959.4939575195312
1686.9544677734375, 1684.30859375, 293.87457275390625
1693.6546630859375, 1692.5687255859375, 425.1036376953125
1700.31396484375, 1700.828857421875, 366.5888977050781
1706.931884765625, 1709.0889892578125, 123.08150482177734
1713.5079345703125, 1717.3492431640625, -300.9468078613281
1720.041748046875, 1725.6092529296875, -403.50390625
1726.5328369140625, 1733.869384765625, -703.3668823242188
1732.9808349609375, 1742.1295166015625, -1195.6021728515625
1739.3851318359375, 1750.3896484375, -1875.5926513671875
1745.745361328125, 1752.8319091796875, -2073.099853515625
1752.0611572265625, 1749.746826171875, -1184.7728271484375
1758.33203125, 1745.3668212890625, 380.3135681152344
1764.5574951171875, 1740.9866943359375, 1983.333984375
1770.7371826171875, 1739.6923828125, 1983.333984375
1776.87060546875, 1745.51171875, 1983.333984375
1782.9573974609375, 1753.77197265625, 1983.333984375
1788.9971923828125, 1762.031982421875, 1983.333984375
1794.989501953125, 1770.2921142578125, 1983.333984375
1800.9339599609375, 1778.5523681640625, 1983.333984375
1806.830078125, 1786.8125, 1983.333984375
1812.677490234375, 1795.0726318359375, 1983.333984375
1818.475830078125, 1803.3330078125, 1983.333984375
1824.224609375, 1811.59326171875, 1983.333984375
1829.9234619140625, 1819.8533935546875, 1983.333984375
1835.5721435546875, 1828.113525390625, 1817.871826171875
1841.1700439453125, 1836.3736572265625, 1356.026123046875
1846.7169189453125, 1844.6337890625, 606.7764282226562
1852.2122802734375, 1852.89404296875, 520.6949462890625
1857.6558837890625, 1861.1541748046875, 116.60211944580078
1863.0472412109375, 1863.590576171875, 70.96981048583984
1868.3861083984375, 1863.5906982421875, 638.6786499023438
1873.671875, 1863.5909423828125, 840.8868408203125
1878.9044189453125, 1863.5909423828125, 1631.84765625
1884.0833740234375, 1869.415771484375, 1983.333984375
1889.208251953125, 1877.67578125, 1983.333984375
1894.2786865234375, 1885.9359130859375, 1919.3402099609375
1899.29443359375, 1894.196044921875, 1487.249755859375
1904.255126953125, 1902.4561767578125, 699.1668090820312
1909.160400390625, 1910.71630859375, 508.6459655761719
1914.0098876953125, 1918.9764404296875, -62.659149169921875
1918.8033447265625, 1927.236572265625, -504.2937927246094
1923.540283203125, 1935.4967041015625, -1327.0379638671875
1928.2205810546875, 1943.7568359375, -2518.318115234375
1932.84375, 1952.01708984375, -1239.996337890625
1937.4095458984375, 1960.2772216796875, -3274.61865234375
1941.9176025390625, 1962.709716796875, -2143.634033203125
1946.3677978515625, 1959.6192626953125, -3032.401611328125
1950.759521484375, 1937.74560546875, -870.8051147460938
1955.0926513671875, 1926.0694580078125, 1575.028564453125
1959.366943359375, 1921.6893310546875, 1983.333984375
1963.5819091796875, 1926.2298583984375, 1983.333984375
1967.7374267578125, 1934.4898681640625, 1983.333984375
1971.833251953125, 1942.7498779296875, 1983.333984375
1975.868896484375, 1951.010009765625, 1983.333984375
1979.84423828125, 1959.270263671875, 1983.333984375
1983.7589111328125, 1967.5302734375, 1983.333984375
1987.6126708984375, 1975.79052734375, 1983.333984375
1991.4052734375, 1984.0506591796875, 1806.9189453125
1995.136474609375, 1992.310791015625, 1121.0438232421875
1998.8060302734375, 2000.571044921875, 886.196044921875
2002.4136962890625, 2008.8311767578125, 130.65757751464844
2005.9591064453125, 2017.0914306640625, -628.862060546875
2009.442138671875, 2019.5191650390625, -1229.56005859375
2012.8624267578125, 2016.42626953125, -1054.7666015625
2016.219970703125, 2012.04638671875, -3.1731414794921875
2019.5142822265625, 2007.666259765625, 434.2600402832031
2022.7452392578125, 2003.2862548828125, 1720.8876953125
2025.91259765625, 2007.8333740234375, 1983.333984375
2029.01611328125, 2016.093505859375, 1983.333984375
2032.0557861328125, 2024.353515625, 1846.9307861328125
2035.0311279296875, 2032.613525390625, 1112.546875
2037.9420166015625, 2040.8736572265625, 744.7747192382812
2040.788330078125, 2049.1337890625, -224.16253662109375
2043.56982421875, 2057.39404296875, -1273.85302734375
2046.2862548828125, 2065.654296875, -2905.477294921875
2048.9375, 2073.914306640625, -2271.17724609375
2051.5234375, 2082.174560546875, -2317.94482421875
2054.043701171875, 2090.4345703125, -3019.215087890625
2056.498291015625, 2098.69482421875, -4349.83447265625
2058.886962890625, 2101.1181640625, -5617.8349609375
2061.20947265625, 2080.50439453125, -4197.44580078125
2063.4658203125, 2051.333984375, -2077.738037109375
2065.656005859375, 2022.163330078125, 1983.333984375
2067.779296875, 2010.5137939453125, 1983.333984375
2069.836181640625, 2015.067626953125, 1983.333984375
2071.826171875, 2023.3277587890625, 1983.333984375
2073.7490234375, 2031.587890625, 1983.333984375
2075.60498046875, 2039.8480224609375, 1983.333984375
2077.3935546875, 2048.10791015625, 1983.333984375
2079.114990234375, 2056.3681640625, 1983.333984375
2080.768798828125, 2064.62841796875, 1983.333984375
2082.35498046875, 2072.888671875, 1983.333984375
2083.873779296875, 2081.148681640625, 1277.517333984375
2085.324462890625, 2089.408935546875, 769.7679443359375
2086.70751953125, 2097.669189453125, -1.813140869140625
2088.022216796875, 2105.92919921875, -1529.6298828125
2089.269287109375, 2108.34814453125, -3115.1455078125
2090.44775390625, 2105.2509765625, -1305.7452392578125
2091.558349609375, 2100.870849609375, -1784.640380859375
2092.600341796875, 2078.957763671875, -110.33335876464844
2093.57421875, 2067.321044921875, 1981.3924560546875
2094.4794921875, 2066.0390625, 1983.333984375
2095.316162109375, 2071.8818359375, 1983.333984375
2096.084228515625, 2080.141845703125, 1983.333984375
2096.783935546875, 2088.402099609375, 1924.998291015625
2097.414794921875, 2096.662109375, 996.4456176757812
2097.976806640625, 2104.922119140625, 175.39096069335938
2098.47021484375, 2113.18212890625, -995.6196899414062
2098.894775390625, 2121.4423828125, -3004.7958984375
2099.25048828125, 2129.70263671875, -2991.88671875
2099.537353515625, 2137.962646484375, -3892.097900390625
2099.75537109375, 2146.222900390625, -5667.68115234375
2099.904541015625, 2154.483154296875, -7000.0
2099.98486328125, 2162.7431640625, -7000.0
2099.99609375, 2165.15771484375, -7000.0
2099.9384765625, 2144.512451171875, -7000.0
2099.81201171875, 2115.342041015625, -5079.4541015625
2099.61669921875, 2086.171142578125, -2765.127197265625
2099.3525390625, 2057.00048828125, 1301.751220703125
2099.01953125, 2045.378662109375, 1983.333984375
2098.617431640625, 2049.9462890625, 1983.333984375
2098.146728515625, 2058.206298828125, 1983.333984375
2097.607177734375, 2066.466796875, 1983.333984375
2096.9990234375, 2074.72705078125, 1983.333984375
2096.322021484375, 2082.987060546875, 1983.333984375
2095.576416015625, 2091.247314453125, 1461.1468505859375
2094.76220703125, 2099.50732421875, 868.6350708007812
2093.879638671875, 2107.767578125, -242.76437377929688
2092.928466796875, 2116.02783203125, -2352.758544921875
2091.90869140625, 2124.2880859375, -2593.047119140625
2090.82080078125, 2132.54833984375, -3891.133056640625
2089.66455078125, 2140.80859375, -6201.9775390625
2088.440185546875, 2143.218017578125, -7000.0
2087.1474609375, 2122.555419921875, -7000.0
2085.787109375, 2093.384521484375, -4171.701171875
2084.358642578125, 2064.214111328125, -1136.16748046875
2082.8623046875, 2035.04345703125, 1983.333984375
2081.298095703125, 2023.436279296875, 1983.333984375
2079.66650390625, 2028.0115966796875, 1983.333984375
2077.967529296875, 2036.2716064453125, 1983.333984375
2076.200927734375, 2044.53173828125, 1983.333984375
2074.3671875, 2052.791748046875, 1983.333984375
2072.46630859375, 2061.052001953125, 1983.333984375
2070.498291015625, 2069.312255859375, 1101.3482666015625
2068.46337890625, 2077.572265625, 27.32200813293457
2066.362060546875, 2085.83251953125, -1680.99853515625
2064.19384765625, 2094.0927734375, -1671.132568359375
2061.959228515625, 2102.35302734375, -2862.81103515625
2059.658447265625, 2110.61328125, -5203.529296875
2057.29150390625, 2118.873291015625, -7000.0
2054.858642578125, 2121.278076171875, -7000.0
2052.35986328125, 2100.59912109375, -7000.0
2049.795654296875, 2071.428466796875, -5778.095703125
2047.165771484375, 2042.2572021484375, -1579.815185546875
2044.4708251953125, 2013.0865478515625, 1172.372802734375
2041.710693359375, 1983.9158935546875, 1983.333984375
2038.8856201171875, 1981.2869873046875, 1983.333984375
2035.9959716796875, 1989.547119140625, 1983.333984375
2033.0418701171875, 1997.80712890625, 1983.333984375
2030.0233154296875, 2006.0672607421875, 1983.333984375
2026.9407958984375, 2014.327392578125, 1983.333984375
2023.79443359375, 2022.5875244140625, 1103.5137939453125
2020.5843505859375, 2030.84765625, -102.93618774414062
2017.310791015625, 2039.10791015625, -2071.218994140625
2013.97412109375, 2047.3682861328125, -2442.043701171875
2010.574462890625, 2055.62841796875, -4128.74169921875
2007.112060546875, 2063.888671875, -7000.0
2003.587158203125, 2072.14892578125, -7000.0
1999.9998779296875, 2074.548828125, -7000.0
1996.3507080078125, 2053.852783203125, -7000.0
1992.6397705078125, 2024.6820068359375, -6969.63330078125
1988.8673095703125, 1995.511474609375, -4034.14794921875
1985.0335693359375, 1966.3409423828125, -1172.0772705078125
1981.138916015625, 1937.1702880859375, 1983.333984375
1977.18359375, 1925.592041015625, 1983.333984375
1973.167724609375, 1930.1827392578125, 1983.333984375
1969.0916748046875, 1938.4427490234375, 1983.333984375
1964.955810546875, 1946.702880859375, 1983.333984375
1960.7603759765625, 1954.9630126953125, 1628.90576171875
1956.5054931640625, 1963.22314453125, 801.6964721679688
1952.1917724609375, 1971.4832763671875, -925.3507690429688
1947.8192138671875, 1979.7435302734375, -1185.555908203125
1943.3883056640625, 1988.0037841796875, -2885.175048828125
1938.899169921875, 1996.263916015625, -5958.91552734375
1934.3524169921875, 2004.5240478515625, -7000.0
1929.748046875, 2012.7843017578125, -7000.0
1925.0865478515625, 2021.04443359375, -7000.0
1920.3681640625, 2023.439453125, -7000.0
1915.59326171875, 2002.72509765625, -7000.0
1910.76220703125, 1973.5546875, -7000.0
1905.875244140625, 1944.3839111328125, -7000.0
1900.9327392578125, 1915.21337890625, -4937.2900390625
1895.93505859375, 1886.0428466796875, -3037.5791015625
1890.882568359375, 1856.872314453125, 1029.473388671875
1885.7755126953125, 1845.310546875, 1983.333984375
1880.6143798828125, 1844.041748046875, 1983.333984375
1875.3995361328125, 1849.9091796875, 1983.333984375
1870.131103515625, 1858.1693115234375, 1983.333984375
1864.8096923828125, 1866.4293212890625, 779.6895141601562
1859.435546875, 1874.689453125, -484.5575256347656
1854.0091552734375, 1882.9495849609375, -3251.960693359375
1848.53076171875, 1891.209716796875, -4627.06298828125
1843.000732421875, 1899.4698486328125, -7000.0
1837.4195556640625, 1907.7301025390625, -7000.0
1831.78759765625, 1915.9903564453125, -7000.0
1826.105224609375, 1924.2506103515625, -7000.0
1820.372802734375, 1932.5107421875, -7000.0
1814.5906982421875, 1940.77099609375, -7000.0
1808.7593994140625, 1943.16064453125, -7000.0
1802.8792724609375, 1922.427490234375, -7000.0
1796.95068359375, 1893.2569580078125, -7000.0
1790.97412109375, 1864.0865478515625, -7000.0
1784.949951171875, 1834.916015625, -7000.0
1778.8785400390625, 1805.745361328125, -6378.20166015625
1772.7603759765625, 1776.574951171875, -3149.34375
1766.5958251953125, 1747.404541015625, -275.05816650390625
1760.3853759765625, 1718.23388671875, 1983.333984375
1754.12939453125, 1706.6895751953125, 1983.333984375
1747.828369140625, 1711.2972412109375, 1983.333984375
1741.482666015625, 1719.5572509765625, 1983.333984375
1735.0928955078125, 1727.8173828125, 1797.1256103515625
1728.6591796875, 1736.07763671875, 880.6715087890625
1722.1822509765625, 1744.337890625, -1178.773193359375
1715.6624755859375, 1752.597900390625, -2000.7640380859375
1709.1002197265625, 1760.858154296875, -4478.01953125
1702.4959716796875, 1769.118408203125, -7000.0
1695.850341796875, 1777.3787841796875, -7000.0
1689.16357421875, 1785.63916015625, -7000.0
1682.4361572265625, 1793.8997802734375, -7000.0
1675.668701171875, 1802.1600341796875, -7000.0
1668.861572265625, 1804.54345703125, -7000.0
1662.01513671875, 1783.7882080078125, -7000.0
1655.130126953125, 1754.6177978515625, -7000.0
1648.206787109375, 1725.447265625, -7000.0
1641.24560546875, 1696.2767333984375, -7000.0
1634.2471923828125, 1667.1051025390625, -7000.0
1627.2120361328125, 1637.9345703125, -4531.19287109375
1620.1405029296875, 1608.7640380859375, -2482.770751953125
1613.0330810546875, 1579.593505859375, 548.3209228515625
1605.890380859375, 1568.06884765625, 1983.333984375
1598.7127685546875, 1572.686279296875, 1983.333984375
1591.5008544921875, 1580.9462890625, 1983.333984375
1584.2550048828125, 1589.2064208984375, 397.2447204589844
1576.975830078125, 1597.466796875, -1448.0985107421875
1569.663818359375, 1605.72705078125, -2157.1103515625
1562.3194580078125, 1613.9871826171875, -4616.7978515625
1554.9432373046875, 1622.24755859375, -7000.0
1547.5355224609375, 1630.5079345703125, -7000.0
1540.09716796875, 1638.7681884765625, -7000.0
1532.62841796875, 1647.028564453125, -7000.0
1525.1297607421875, 1655.2889404296875, -7000.0
1517.6019287109375, 1663.5491943359375, -7000.0
1510.0452880859375, 1665.9267578125, -7000.0
1502.46044921875, 1645.15087890625, -7000.0
1494.8477783203125, 1615.98046875, -7000.0
1487.2078857421875, 1586.810302734375, -7000.0
1479.5413818359375, 1557.639892578125, -7000.0
1471.8487548828125, 1528.469482421875, -7000.0
1464.1304931640625, 1499.2991943359375, -7000.0
1456.3870849609375, 1470.1290283203125, -4877.09033203125
1448.619140625, 1440.9583740234375, -3237.238525390625
1440.8272705078125, 1411.7882080078125, 269.41961669921875
1433.0118408203125, 1400.28125, 1983.333984375
1425.1734619140625, 1399.043701171875, 1983.333984375
1417.3126220703125, 1405.2017822265625, 1983.333984375
1409.4300537109375, 1413.568115234375, 489.743896484375
1401.5260009765625, 1421.828125, -1339.226318359375
1393.601318359375, 1430.088623046875, -2102.83056640625
1385.6563720703125, 1438.3487548828125, -4682.86328125
1377.691650390625, 1446.609130859375, -7000.0
1369.7078857421875, 1454.8695068359375, -7000.0
1361.7054443359375, 1463.1300048828125, -7000.0
1353.68505859375, 1471.3905029296875, -7000.0
1345.647216796875, 1479.65087890625, -7000.0
1337.5924072265625, 1487.9112548828125, -7000.0
1329.521240234375, 1496.1717529296875, -7000.0
1321.4342041015625, 1498.543212890625, -7000.0
1313.33203125, 1477.744873046875, -7000.0
1305.2149658203125, 1448.57470703125, -7000.0
1297.083984375, 1419.403564453125, -7000.0
1288.939208984375, 1390.2335205078125, -7000.0
1280.7816162109375, 1361.0633544921875, -7000.0
