897.818359375, 907.4175415039062, -593.826904296875
889.696044921875, 899.2666015625, -1154.728271484375
881.5882568359375, 896.8057250976562, -2333.822021484375
873.4954833984375, 892.419677734375, -1052.9970703125
865.4183349609375, 888.0352783203125, -3085.939453125
857.3573608398438, 877.9697265625, -1962.4884033203125
849.3131103515625, 854.4738159179688, -1953.943359375
841.2861328125, 844.412353515625, -1713.711181640625
833.2769165039062, 820.9222412109375, -930.7267456054688
825.2861328125, 816.5406494140625, -604.0888671875
817.3142700195312, 813.1982421875, -826.2324829101562
809.3618774414062, 813.5548095703125, -762.8263549804688
801.4295654296875, 814.4000244140625, -1705.5250244140625
793.5177612304688, 813.5140380859375, -3403.265869140625
785.6270751953125, 809.1384887695312, -2589.91748046875
777.758056640625, 804.7637939453125, -2214.91650390625
769.9112548828125, 794.6996459960938, -1602.7381591796875
762.0872192382812, 765.5355834960938, -1403.02001953125
754.2864379882812, 736.3717651367188, -65.82280731201172
746.5094604492188, 712.9000244140625, 1983.333984375
738.7568969726562, 711.064453125, 1983.333984375
731.0291748046875, 719.7451782226562, 1437.5191650390625
723.326904296875, 735.0956420898438, -761.9276123046875
715.6505737304688, 750.3150024414062, -1344.781982421875
708.000732421875, 765.4036254882812, -4501.09521484375
700.3778686523438, 780.36181640625, -7000.0
692.7825927734375, 795.1924438476562, -7000.0
685.21533203125, 809.9008178710938, -7000.0
677.6766357421875, 824.4790649414062, -7000.0
670.1671142578125, 838.9298706054688, -7000.0
662.6871337890625, 853.2610473632812, -7000.0
655.2373046875, 867.4724731445312, -7000.0
647.818115234375, 881.5617065429688, -7000.0
640.4301147460938, 893.6395263671875, -7000.0
633.0737915039062, 891.3012084960938, -7000.0
625.7495727539062, 862.1318359375, -7000.0
618.4580688476562, 832.96240234375, -7000.0
611.1997680664062, 803.793212890625, -7000.0
603.97509765625, 774.6240844726562, -7000.0
596.78466796875, 745.4549560546875, -7000.0
589.6288452148438, 716.2860107421875, -7000.0
582.5082397460938, 687.1173095703125, -7000.0
575.4232788085938, 657.9487915039062, -7000.0
568.3744506835938, 628.780517578125, -7000.0
561.3622436523438, 599.6124267578125, -7000.0
554.3871459960938, 570.4447021484375, -5142.46142578125
547.4496459960938, 541.27734375, -833.2529907226562
540.5502319335938, 512.1103515625, 522.3826293945312
533.6893920898438, 482.9438781738281, 1983.333984375
526.8675537109375, 464.5542907714844, 1983.333984375
520.085205078125, 482.0965576171875, 1983.333984375
513.3427734375, 499.4893493652344, 1516.3092041015625
506.64080810546875, 516.7324829101562, -709.1234741210938
499.9797058105469, 533.8259887695312, -1202.017578125
493.3599548339844, 550.7720336914062, -4367.470703125
486.7820129394531, 567.5759887695312, -7000.0
480.2463073730469, 584.2323608398438, -7000.0
473.7533264160156, 600.7488403320312, -7000.0
467.303466796875, 617.12548828125, -7000.0
460.897216796875, 633.362060546875, -7000.0
454.5350036621094, 649.4588623046875, -7000.0
448.2172546386719, 663.5247802734375, -7000.0
441.9444274902344, 662.6795043945312, -7000.0
435.7169189453125, 633.5115966796875, -7000.0
429.53521728515625, 604.3436889648438, -7000.0
423.3996887207031, 575.1760864257812, -7000.0
417.310791015625, 546.0087280273438, -7000.0
411.2689208984375, 516.8417358398438, -7000.0
405.2745056152344, 487.6751708984375, -7000.0
399.3279724121094, 458.5091552734375, -7000.0
393.4296875, 429.3437805175781, -7000.0
387.5801086425781, 400.17919921875, -4744.39453125
381.7796325683594, 371.0156555175781, -2753.300048828125
376.02862548828125, 341.85333251953125, 133.5042266845703
370.3275146484375, 318.4250793457031, 1983.333984375
364.6766662597656, 317.5179748535156, 1983.333984375
359.07647705078125, 330.0177917480469, 1983.333984375
353.52734375, 348.70416259765625, 338.3565368652344
348.0296630859375, 367.23175048828125, -1354.43798828125
342.5837707519531, 385.6001281738281, -2862.325927734375
337.1900939941406, 403.8114929199219, -6996.76953125
331.8489685058594, 421.8709716796875, -7000.0
326.5607604980469, 439.7733154296875, -7000.0
321.3258361816406, 457.52587890625, -7000.0
316.14459228515625, 475.1287536621094, -7000.0
311.017333984375, 492.5818176269531, -7000.0
305.9444274902344, 509.8851013183594, -7000.0
300.92626953125, 527.0385131835938, -7000.0
295.963134765625, 542.1444702148438, -7000.0
291.055419921875, 542.0675659179688, -7000.0
286.2034606933594, 512.9010009765625, -7000.0
281.40753173828125, 483.7347717285156, -7000.0
276.66802978515625, 454.5690002441406, -7000.0
271.9852600097656, 425.4039001464844, -7000.0
267.35955810546875, 396.23944091796875, -7000.0
262.79119873046875, 367.0760192871094, -7000.0
258.280517578125, 337.91387939453125, -7000.0
253.82786560058594, 308.7534484863281, -7000.0
249.43350219726562, 279.5951232910156, -6750.42333984375
245.09774780273438, 250.4398193359375, -3671.179443359375
240.82089233398438, 221.28857421875, -723.256591796875
236.60324096679688, 192.14329528808594, 1983.333984375
232.445068359375, 168.75521850585938, 1983.333984375
228.3466796875, 170.06082153320312, 1983.333984375
224.30836486816406, 190.10447692871094, 1983.333984375
220.3303680419922, 209.97607421875, 842.814208984375
216.41299438476562, 229.68157958984375, -190.14332580566406
212.55648803710938, 249.22218322753906, -1024.3045654296875
208.76113891601562, 268.60247802734375, -4470.28076171875
205.02720642089844, 287.8145751953125, -7000.0
201.3549346923828, 306.860107421875, -7000.0
197.74456787109375, 325.74664306640625, -7000.0
194.19638061523438, 344.47393798828125, -7000.0
190.7106170654297, 363.04193115234375, -7000.0
187.28749084472656, 381.4504699707031, -7000.0
183.92724609375, 397.7948913574219, -7000.0
180.630126953125, 398.6365966796875, -7000.0
177.3963623046875, 369.4725646972656, -7000.0
174.22616577148438, 340.3106689453125, -7000.0
171.1197509765625, 311.15032958984375, -7000.0
168.0773468017578, 281.9920349121094, -7000.0
165.09915161132812, 252.83642578125, -7000.0
162.18536376953125, 223.68479919433594, -7000.0
159.33621215820312, 194.53892517089844, -7000.0
156.55186462402344, 165.40188598632812, -4301.43408203125
153.83251953125, 136.27932739257812, -1536.9012451171875
151.17837524414062, 107.18309020996094, 1267.47998046875
148.589599609375, 83.88652801513672, 1983.333984375
146.06637573242188, 85.37537384033203, 1983.333984375
143.60888671875, 106.0846939086914, 1983.333984375
141.21730041503906, 126.6448745727539, 1256.619384765625
138.8917694091797, 147.04229736328125, -1076.908935546875
136.63246154785156, 167.27273559570312, -1169.395263671875
134.43954467773438, 187.3400115966797, -3807.593505859375
132.31314086914062, 207.24234008789062, -7000.0
130.25341796875, 226.97805786132812, -7000.0
128.26051330566406, 246.54629516601562, -7000.0
126.3345718383789, 265.94647216796875, -7000.0
124.4757080078125, 285.1805114746094, -7000.0
122.68406677246094, 304.25347900390625, -7000.0
120.95976257324219, 321.24884033203125, -7000.0
119.30291748046875, 322.5647888183594, -7000.0
117.7136459350586, 293.40496826171875, -7000.0
116.19205474853516, 264.2485656738281, -7000.0
114.73825073242188, 235.0955047607422, -7000.0
113.35233306884766, 205.94740295410156, -7000.0
112.03439331054688, 176.806396484375, -7000.0
110.78453063964844, 147.67723083496094, -7000.0
109.60282897949219, 118.56861877441406, -4304.81298828125
108.48937225341797, 89.50051879882812, -1359.593505859375
107.44422912597656, 60.53144454956055, 1754.7374267578125
106.46747589111328, 37.5447883605957, 1983.333984375
105.55917358398438, 39.111724853515625, 1983.333984375
104.71939849853516, 59.96403884887695, 1983.333984375
103.94819641113281, 80.81919860839844, 1983.333984375
103.2456283569336, 101.5638656616211, 706.7055053710938
102.61174011230469, 122.16090393066406, -1023.0045776367188
102.04656982421875, 142.5961456298828, -2248.264404296875
101.55016326904297, 162.86598205566406, -5792.4228515625
101.12255859375, 182.97225952148438, -7000.0
100.7637710571289, 202.9112091064453, -7000.0
100.47383880615234, 222.6761016845703, -7000.0
100.25276947021484, 242.27603149414062, -7000.0
100.10059356689453, 261.7156677246094, -7000.0
100.01730346679688, 279.0693054199219, -7000.0
100.00292205810547, 280.62701416015625, -7000.0
100.05744171142578, 251.47225952148438, -7000.0
100.18086242675781, 222.3213653564453, -7000.0
100.3731689453125, 193.17616271972656, -7000.0
100.63435363769531, 164.0399932861328, -7000.0
100.96439361572266, 134.9183349609375, -7000.0
101.36327362060547, 105.82382202148438, -3784.911865234375
101.83096313476562, 76.78729248046875, -164.93516540527344
102.367431640625, 47.91424560546875, 1983.333984375
102.9726333618164, 19.93024253845215, 1983.333984375
103.64653778076172, 8.65746021270752, 1983.333984375
104.38909149169922, 23.816423416137695, 1983.333984375
105.20024108886719, 44.37680435180664, 1983.333984375
106.07994079589844, 65.25358581542969, 1983.333984375
107.02812194824219, 86.08444213867188, 1961.128173828125
108.04472351074219, 106.78980255126953, 639.6071166992188
109.12966918945312, 127.34308624267578, -935.3058471679688
110.28289031982422, 147.73507690429688, -1811.452392578125
111.50431060791016, 167.96376037597656, -4822.513671875
112.79383087158203, 188.02134704589844, -7000.0
114.15138244628906, 207.9135284423828, -7000.0
115.57685089111328, 227.63905334472656, -7000.0
117.07015991210938, 245.27366638183594, -7000.0
118.63118743896484, 247.02305603027344, -7000.0
120.25983428955078, 217.87319946289062, -7000.0
121.95599365234375, 188.7293701171875, -7000.0
123.71953582763672, 159.59397888183594, -7000.0
125.55034637451172, 130.475830078125, -3845.758056640625
127.44830322265625, 101.38735961914062, -119.78534698486328
129.41326904296875, 72.36532592773438, 1983.333984375
131.4451141357422, 49.27323913574219, 1983.333984375
133.54368591308594, 50.87432098388672, 1983.333984375
135.7088623046875, 71.74079895019531, 1983.333984375
137.9404754638672, 92.53009796142578, 1983.333984375
140.23837280273438, 113.18675994873047, 1983.333984375
142.60240173339844, 133.69476318359375, 613.1544799804688
145.0323944091797, 154.03652954101562, -1780.5411376953125
147.5281982421875, 174.20974731445312, -1385.8988037109375
150.08963012695312, 194.2187957763672, -3010.1708984375
152.7165069580078, 214.06199645996094, -6525.57958984375
155.4086456298828, 233.73822021484375, -7000.0
158.16587829589844, 253.24676513671875, -7000.0
160.98800659179688, 272.5894470214844, -7000.0
163.8748321533203, 289.840576171875, -7000.0
166.82615661621094, 291.26611328125, -7000.0
169.84178161621094, 262.11016845703125, -7000.0
172.92149353027344, 232.95761108398438, -7000.0
176.06509399414062, 203.8099822998047, -6468.84130859375
179.27235412597656, 174.67001342773438, -2258.80078125
182.5430450439453, 145.54197692871094, 750.4179077148438
185.876953125, 116.43541717529297, 1983.333984375
189.2738494873047, 97.17451477050781, 1983.333984375
192.73350524902344, 111.56227111816406, 1983.333984375
196.2556610107422, 132.07540893554688, 1983.333984375
199.84010314941406, 152.42697143554688, 1983.333984375
203.48655700683594, 172.61842346191406, 1983.333984375
207.1947784423828, 192.6440887451172, 1307.433349609375
210.9645233154297, 212.49656677246094, -215.74903869628906
214.79551696777344, 232.1824951171875, -1667.5108642578125
218.68751525878906, 251.70314025878906, -2010.4913330078125
222.64022827148438, 271.063232421875, -4100.7294921875
226.6533966064453, 290.2547912597656, -7000.0
230.72674560546875, 309.2798767089844, -7000.0
234.8599853515625, 328.1458740234375, -7000.0
239.05284118652344, 344.9164123535156, -7000.0
243.30502319335938, 345.95721435546875, -7000.0
247.6162109375, 316.796875, -7000.0
251.98614501953125, 287.6383361816406, -7000.0
256.4145202636719, 258.48236083984375, -3534.321533203125
260.9010009765625, 229.33009338378906, -1011.2457885742188
265.4453125, 200.1829071044922, 1983.333984375
270.047119140625, 178.55572509765625, 1983.333984375
274.70611572265625, 185.26268005371094, 1983.333984375
279.4219665527344, 205.1815948486328, 1983.333984375
284.1943664550781, 224.93585205078125, 1983.333984375
289.0229797363281, 244.52252197265625, 1983.333984375
293.907470703125, 263.9415283203125, 1983.333984375
298.8475036621094, 283.1922607421875, 1515.9202880859375
303.84271240234375, 302.2768249511719, 419.30657958984375
308.892822265625, 321.2024230957031, -487.73291015625
313.9974060058594, 339.9688415527344, -2913.591796875
319.1561584472656, 358.575927734375, -3931.564208984375
324.36871337890625, 377.0235900878906, -6413.83203125
329.6347351074219, 395.3117980957031, -7000.0
334.95379638671875, 411.49853515625, -7000.0
340.3255920410156, 412.0710754394531, -7000.0
345.7497253417969, 382.9075622558594, -7000.0
351.2258605957031, 353.74505615234375, -3589.966064453125
356.7535400390625, 324.5838928222656, -907.4661254882812
362.33245849609375, 295.424560546875, 1983.333984375
367.9621887207031, 273.823486328125, 1983.333984375
373.6423645019531, 280.4122009277344, 1983.333984375
379.3725891113281, 299.5226745605469, 1983.333984375
385.1524658203125, 318.46722412109375, 1983.333984375
390.98162841796875, 337.2529296875, 1983.333984375
396.8595886230469, 355.8796081542969, 1983.333984375
402.7860412597656, 374.3469543457031, 1983.333984375
408.760498046875, 392.6549987792969, 1670.7994384765625
414.7826232910156, 410.8058166503906, 945.24755859375
420.8519287109375, 428.8046569824219, -1092.0648193359375
426.9680480957031, 446.64617919921875, -2769.814453125
433.1305236816406, 464.3379821777344, -2857.182373046875
439.3389587402344, 481.8800048828125, -4237.515625
445.5929260253906, 497.3258361816406, -6601.107421875
451.8919677734375, 497.3175354003906, -7000.0
458.23565673828125, 468.1517639160156, -4438.90966796875
464.62359619140625, 438.9864807128906, -762.6558837890625
471.0552978515625, 409.8218078613281, 1983.333984375
477.53033447265625, 386.55523681640625, 1983.333984375
484.0482482910156, 387.55859375, 1983.333984375
490.6086120605469, 405.75579833984375, 1983.333984375
497.2109680175781, 423.79620361328125, 1983.333984375
503.8548583984375, 441.6848449707031, 1983.333984375
510.5398254394531, 459.416259765625, 1983.333984375
517.265380859375, 476.9986877441406, 1983.333984375
524.0311279296875, 494.4307861328125, 1983.333984375
530.8365478515625, 511.7137451171875, 1983.333984375
537.6812133789062, 528.84619140625, 969.7984008789062
544.5645751953125, 545.8318481445312, -190.71644592285156
551.4862060546875, 562.674560546875, -943.2203369140625
558.4456787109375, 579.369873046875, -2772.455810546875
565.4424438476562, 593.9723510742188, -2554.494384765625
572.4760131835938, 599.2176513671875, -2142.677734375
579.5459594726562, 588.9249877929688, -2590.45556640625
586.6517333984375, 559.7576293945312, -336.1766052246094
593.7929077148438, 536.5052490234375, 1983.333984375
600.968994140625, 534.5361938476562, 1983.333984375
608.179443359375, 542.9240112304688, 1983.333984375
615.4237670898438, 559.788330078125, 1983.333984375
622.7014770507812, 576.5131225585938, 1983.333984375
630.0120239257812, 593.0957641601562, 1983.333984375
637.3550415039062, 609.5310668945312, 1983.333984375
644.7299194335938, 625.826416015625, 1983.333984375
652.1361083984375, 641.9820556640625, 1230.5181884765625
659.5731811523438, 658.0001220703125, 490.9398498535156
667.0406494140625, 673.8858032226562, -1159.6458740234375
674.5379028320312, 689.631591796875, -2311.348876953125
682.0645141601562, 705.2398681640625, -1504.1885986328125
689.619873046875, 720.7182006835938, -1644.1962890625
697.2035522460938, 734.106201171875, -2441.49755859375
704.81494140625, 732.4959716796875, -2143.42822265625
712.4535522460938, 703.3274536132812, -473.8909912109375
720.118896484375, 674.1590576171875, 1983.333984375
727.8104248046875, 650.9204711914062, 1983.333984375
735.527587890625, 651.408935546875, 1983.333984375
743.2698364257812, 667.3463745117188, 1983.333984375
751.0366821289062, 683.1517333984375, 1983.333984375
758.82763671875, 698.8172607421875, 1983.333984375
766.6420288085938, 714.3453979492188, 1983.333984375
774.4793701171875, 729.7435913085938, 1983.333984375
782.3391723632812, 745.0119018554688, 1983.333984375
790.2208862304688, 760.1503295898438, 1983.333984375
798.1239013671875, 775.15869140625, 1983.333984375
806.0477294921875, 790.0372314453125, 1983.333984375
813.9918212890625, 804.78564453125, 1280.675537109375
821.9556274414062, 819.4065551757812, 807.6205444335938
829.9385986328125, 833.9050903320312, -373.30859375
837.9401245117188, 846.3135375976562, -795.4711303710938
845.9597778320312, 851.6273193359375, -886.7486572265625
853.9968872070312, 852.7445678710938, -181.43475341796875
862.0509643554688, 848.3648071289062, 721.7335205078125
870.1214599609375, 843.9849853515625, 1983.333984375
878.207763671875, 842.1232299804688, 1983.333984375
886.309326171875, 850.1954345703125, 1983.333984375
894.4256591796875, 864.4258422851562, 1983.333984375
902.55615234375, 878.53662109375, 1983.333984375
910.7001953125, 892.5274047851562, 1983.333984375
918.8573608398438, 906.3983154296875, 1752.22607421875
927.0269165039062, 920.1492309570312, 907.3260498046875
935.2084350585938, 933.7826538085938, 436.1221923828125
943.4013671875, 947.3037109375, -608.0908203125
951.6050415039062, 960.7071533203125, -1101.9256591796875
959.8189086914062, 973.998291015625, -2152.13330078125
968.04248046875, 987.1718139648438, -890.0739135742188
976.2750854492188, 1000.2352905273438, -3070.232666015625
984.5162963867188, 1011.218994140625, -2628.968994140625
992.765380859375, 1013.7149658203125, -1551.2437744140625
1001.0219116210938, 1003.3782958984375, -1225.668701171875
1009.2852783203125, 974.2086791992188, 1358.6817626953125
1017.5548706054688, 950.9973754882812, 1983.333984375
1025.830078125, 950.8914794921875, 1983.333984375
1034.1104736328125, 964.2620849609375, 1983.333984375
1042.3953857421875, 977.5152587890625, 1983.333984375
1050.684326171875, 990.6586303710938, 1983.333984375
1058.9765625, 1003.6920166015625, 1983.333984375
1067.271728515625, 1016.6154174804688, 1983.333984375
1075.569091796875, 1029.428955078125, 1983.333984375
1083.8681640625, 1042.13232421875, 1983.333984375
1092.168212890625, 1054.7259521484375, 1983.333984375
1100.468994140625, 1067.2093505859375, 1983.333984375
1108.7696533203125, 1079.5828857421875, 1983.333984375
1117.0697021484375, 1091.848876953125, 1983.333984375
1125.36865234375, 1104.0123291015625, 1983.333984375
1133.665771484375, 1116.068359375, 1983.333984375
1141.9605712890625, 1128.0242919921875, 1983.333984375
1150.25244140625, 1139.8802490234375, 1741.8140869140625
1158.5408935546875, 1151.6361083984375, 1127.0367431640625
1166.825439453125, 1163.292236328125, 1110.631591796875
1175.105224609375, 1174.8480224609375, 731.4375
1183.3798828125, 1184.33056640625, 242.27139282226562
1191.6488037109375, 1187.513671875, 362.84136962890625
1199.911376953125, 1190.6666259765625, 1065.2860107421875
1208.1671142578125, 1193.78955078125, 1381.053466796875
1216.415283203125, 1196.884765625, 1983.333984375
1224.655517578125, 1201.932373046875, 1983.333984375
1232.88720703125, 1213.150390625, 1983.333984375
1241.1097412109375, 1224.2762451171875, 1983.333984375
1249.322509765625, 1235.3045654296875, 1983.333984375
1257.52490234375, 1246.2403564453125, 1950.408935546875
1265.716552734375, 1257.0791015625, 1626.782470703125
1273.896728515625, 1267.827392578125, 1035.9404296875
1282.0650634765625, 1278.4857177734375, 1142.19482421875
1290.220703125, 1289.05419921875, 977.3622436523438
1298.36328125, 1299.5325927734375, 563.7105712890625
1306.4921875, 1309.9208984375, -77.66151428222656
1314.6068115234375, 1320.21923828125, -197.92105102539062
1322.706787109375, 1328.449462890625, -327.0323791503906
1330.791259765625, 1328.8707275390625, -292.9792785644531
1338.8599853515625, 1324.4908447265625, 1159.8258056640625
1346.912109375, 1321.1788330078125, 1983.333984375
1354.947265625, 1321.6949462890625, 1983.333984375
1362.96484375, 1325.6796875, 1983.333984375
1370.96435546875, 1335.837646484375, 1983.333984375
1378.9451904296875, 1345.9083251953125, 1983.333984375
1386.90673828125, 1355.896484375, 1983.333984375
1394.8486328125, 1365.7972412109375, 1983.333984375
1402.7701416015625, 1375.615478515625, 1983.333984375
1410.6707763671875, 1385.3463134765625, 1983.333984375
1418.550048828125, 1394.970458984375, 1983.333984375
1426.4073486328125, 1404.155517578125, 1983.333984375
1434.2421875, 1412.41552734375, 1983.333984375
1442.053955078125, 1420.675537109375, 1983.333984375
1449.8421630859375, 1428.9356689453125, 1983.333984375
1457.606201171875, 1437.19580078125, 1983.333984375
1465.345703125, 1445.455810546875, 1983.333984375
1473.0599365234375, 1453.7159423828125, 1983.333984375
1480.74853515625, 1461.97607421875, 1983.333984375
1488.410888671875, 1470.2362060546875, 1983.333984375
1496.0465087890625, 1478.496337890625, 1983.333984375
1503.65478515625, 1486.75634765625, 1983.333984375
1511.2352294921875, 1495.0166015625, 1983.333984375
1518.7874755859375, 1503.2767333984375, 1983.333984375
1526.3106689453125, 1511.536865234375, 1983.333984375
1533.8046875, 1519.7969970703125, 1983.333984375
1541.2686767578125, 1528.0570068359375, 1983.333984375
1548.7022705078125, 1536.317138671875, 1983.333984375
1556.10498046875, 1544.5772705078125, 1983.333984375
1563.476318359375, 1552.8377685546875, 1983.333984375
1570.815673828125, 1561.09814453125, 1983.333984375
1578.12255859375, 1569.3582763671875, 1966.3232421875
1585.396484375, 1577.618408203125, 1837.32275390625
1592.6370849609375, 1585.8785400390625, 1598.1177978515625
1599.8436279296875, 1594.1387939453125, 1250.306884765625
1607.0157470703125, 1602.39892578125, 795.3946533203125
1614.1529541015625, 1610.6590576171875, 1176.82421875
1621.2547607421875, 1618.919189453125, 464.55963134765625
1628.320556640625, 1625.173583984375, 822.9242553710938
1635.3499755859375, 1627.1800537109375, 796.21875
1642.342529296875, 1635.4398193359375, 625.7918701171875
1649.2977294921875, 1643.699951171875, 314.5826721191406
1656.215087890625, 1651.9600830078125, 807.3550415039062
1663.0941162109375, 1660.2200927734375, 1117.439453125
1669.934326171875, 1668.480224609375, 307.4581298828125
1676.7353515625, 1676.740478515625, 313.0830078125
1683.49658203125, 1685.0006103515625, 146.9097442626953
1690.217529296875, 1693.2608642578125, -187.08206176757812
1696.89794921875, 1701.52099609375, -187.3397216796875
1703.537109375, 1709.7811279296875, -373.072021484375
1710.134765625, 1718.041259765625, -739.7412719726562
1716.6904296875, 1724.292236328125, -1053.16455078125
1723.2034912109375, 1723.2269287109375, -483.51068115234375
1729.673583984375, 1718.8470458984375, 801.6361694335938
1736.1004638671875, 1714.4669189453125, 1983.333984375
1742.4833984375, 1711.1529541015625, 1983.333984375
1748.822021484375, 1713.16357421875, 1983.333984375
1755.115966796875, 1721.42333984375, 1983.333984375
1761.3648681640625, 1729.6832275390625, 1983.333984375
1767.568115234375, 1737.943359375, 1983.333984375
1773.725341796875, 1746.2034912109375, 1983.333984375
1779.836181640625, 1754.4635009765625, 1983.333984375
1785.9002685546875, 1762.7237548828125, 1983.333984375
1791.9169921875, 1770.98388671875, 1983.333984375
1797.885986328125, 1779.2440185546875, 1983.333984375
1803.8070068359375, 1787.504150390625, 1983.333984375
1809.679443359375, 1795.7647705078125, 1983.333984375
1815.5030517578125, 1804.0252685546875, 1983.333984375
1821.27734375, 1812.285400390625, 1983.333984375
1827.001953125, 1820.5455322265625, 1703.1453857421875
1832.676513671875, 1828.8057861328125, 1141.0831298828125
1838.300537109375, 1837.0657958984375, 305.4710388183594
1843.8736572265625, 1845.325927734375, 146.24453735351562
1849.3955078125, 1853.5860595703125, -318.38092041015625
1854.86572265625, 1859.8306884765625, -350.5486755371094
1860.2840576171875, 1859.830810546875, -258.7395935058594
1865.64990234375, 1858.76171875, 564.98046875
1870.9630126953125, 1855.4510498046875, 1392.3970947265625
1876.222900390625, 1855.4510498046875, 1983.333984375
1881.429443359375, 1857.4683837890625, 1983.333984375
1886.5821533203125, 1865.7283935546875, 1983.333984375
1891.6805419921875, 1873.9884033203125, 1983.333984375
1896.7244873046875, 1882.24853515625, 1983.333984375
1901.7135009765625, 1890.5086669921875, 1983.333984375
1906.647216796875, 1898.7689208984375, 1866.2100830078125
1911.525390625, 1907.029052734375, 1367.9150390625
1916.34765625, 1915.2891845703125, 501.1092224121094
1921.11376953125, 1923.5494384765625, 219.8750762939453
1925.8232421875, 1931.8094482421875, -453.61798095703125
1930.4757080078125, 1940.069580078125, -1008.4952392578125
1935.071044921875, 1948.330078125, -1955.0675048828125
1939.60888671875, 1954.5697021484375, -3049.005126953125
1944.0887451171875, 1953.4981689453125, -3452.849609375
1948.5106201171875, 1949.1182861328125, -2829.124755859375
1952.8739013671875, 1944.73828125, -1235.9427490234375
1957.178466796875, 1940.358154296875, 773.7036743164062
1961.4239501953125, 1935.9781494140625, 1983.333984375
1965.6099853515625, 1932.67041015625, 1983.333984375
1969.736572265625, 1934.6927490234375, 1983.333984375
1973.8031005859375, 1942.9527587890625, 1983.333984375
1977.8094482421875, 1951.2127685546875, 1983.333984375
1981.7552490234375, 1959.472900390625, 1983.333984375
1985.640380859375, 1967.7330322265625, 1983.333984375
1989.4644775390625, 1975.9932861328125, 1983.333984375
1993.227294921875, 1984.25341796875, 1983.333984375
1996.9285888671875, 1992.5135498046875, 1470.227783203125
2000.5679931640625, 2000.773681640625, 453.97613525390625
2004.1453857421875, 2009.033935546875, -105.27709197998047
2007.6605224609375, 2017.2940673828125, -681.7904663085938
2011.1131591796875, 2025.5543212890625, -1779.639892578125
2014.5029296875, 2031.7889404296875, -3148.139404296875
2017.8297119140625, 2030.7149658203125, -1118.240478515625
2021.09326171875, 2026.3350830078125, -1141.290283203125
2024.2933349609375, 2015.8736572265625, -97.49710845947266
2027.4296875, 1992.78515625, 1983.333984375
2030.502197265625, 1989.4798583984375, 1983.333984375
2033.510498046875, 1991.5068359375, 1983.333984375
2036.45458984375, 1999.766845703125, 1983.333984375
2039.3341064453125, 2008.02685546875, 1983.333984375
2042.14892578125, 2016.2869873046875, 1983.333984375
2044.8988037109375, 2024.5474853515625, 1983.333984375
2047.5836181640625, 2032.8076171875, 1983.333984375
2050.203125, 2041.0677490234375, 1983.333984375
2052.757080078125, 2049.327880859375, 1357.9600830078125
2055.245361328125, 2057.58837890625, 1045.3812255859375
2057.66796875, 2065.848388671875, 80.35774230957031
2060.024658203125, 2074.108642578125, -1014.2041625976562
2062.31494140625, 2082.36865234375, -2737.19970703125
2064.5390625, 2088.598388671875, -2006.1986083984375
2066.69677734375, 2087.521728515625, -941.4991455078125
2068.787841796875, 2077.04638671875, -1318.1241455078125
2070.81201171875, 2047.8760986328125, 454.2146911621094
2072.76953125, 2024.80224609375, 1983.333984375
2074.659912109375, 2023.5313720703125, 1983.333984375
2076.483154296875, 2031.791259765625, 1983.333984375
2078.239013671875, 2040.0513916015625, 1983.333984375
2079.927490234375, 2048.311279296875, 1983.333984375
2081.548583984375, 2056.571533203125, 1983.333984375
2083.10205078125, 2064.83154296875, 1983.333984375
2084.587646484375, 2073.091796875, 1983.333984375
2086.00537109375, 2081.35205078125, 1498.19677734375
2087.355224609375, 2089.612060546875, 246.4973907470703
2088.63720703125, 2097.872314453125, -301.3201904296875
2089.850830078125, 2106.13232421875, -1628.1571044921875
2090.996337890625, 2114.392578125, -876.6078491210938
2092.073486328125, 2120.6181640625, -3578.081787109375
2093.08251953125, 2113.431640625, -2380.218994140625
2094.02294921875, 2090.36962890625, -1321.57421875
2094.894775390625, 2079.87939453125, 486.69268798828125
2095.6982421875, 2056.819580078125, 1983.333984375
2096.43310546875, 2053.519287109375, 1983.333984375
2097.09912109375, 2055.555908203125, 1983.333984375
2097.696533203125, 2063.815673828125, 1983.333984375
2098.225341796875, 2072.075927734375, 1983.333984375
2098.685302734375, 2080.3359375, 1983.333984375
2099.076416015625, 2088.595947265625, 1983.333984375
2099.398681640625, 2096.856201171875, 1256.6732177734375
2099.652099609375, 2105.116455078125, 592.1263427734375
2099.83642578125, 2113.376953125, -465.6313781738281
2099.9521484375, 2121.63720703125, -2402.591064453125
2099.9990234375, 2129.897216796875, -2356.393798828125
2099.976806640625, 2138.157470703125, -3260.38330078125
2099.8857421875, 2146.41748046875, -5074.90087890625
2099.7255859375, 2152.637939453125, -7000.0
2099.496826171875, 2145.43310546875, -7000.0
2099.19921875, 2116.262451171875, -5254.95263671875
2098.83251953125, 2087.092041015625, -3126.9638671875
2098.397216796875, 2057.92138671875, 743.2785034179688
2097.89306640625, 2034.8770751953125, 1983.333984375
2097.320068359375, 2033.620849609375, 1983.333984375
2096.678466796875, 2041.8809814453125, 1983.333984375
2095.968017578125, 2050.140625, 1983.333984375
2095.189208984375, 2058.40087890625, 1983.333984375
2094.341552734375, 2066.660888671875, 1983.333984375
2093.425537109375, 2074.921142578125, 1983.333984375
2092.441162109375, 2083.181396484375, 1983.333984375
2091.38818359375, 2091.44140625, 959.5747680664062
2090.26708984375, 2099.70166015625, -144.52459716796875
2089.07763671875, 2107.9619140625, -1777.0543212890625
2087.820068359375, 2116.22216796875, -1590.966064453125
2086.494384765625, 2124.482421875, -2511.23681640625
2085.100830078125, 2130.6982421875, -4256.30908203125
2083.639404296875, 2123.47705078125, -5254.9111328125
2082.110107421875, 2094.306640625, -3040.22265625
2080.51318359375, 2065.1357421875, -606.870361328125
2078.848876953125, 2035.96533203125, 1983.333984375
2077.116943359375, 2012.9349365234375, 1983.333984375
2075.317626953125, 2011.68603515625, 1983.333984375
2073.451171875, 2019.946044921875, 1983.333984375
2071.517578125, 2028.2064208984375, 1983.333984375
2069.51708984375, 2036.4664306640625, 1983.333984375
2067.449951171875, 2044.7265625, 1983.333984375
2065.31591796875, 2052.98681640625, 1983.333984375
2063.115478515625, 2061.2470703125, 1179.4158935546875
2060.848876953125, 2069.507080078125, 153.0377197265625
2058.515869140625, 2077.767333984375, -1536.5330810546875
2056.11669921875, 2086.027587890625, -1535.2872314453125
2053.65185546875, 2094.28759765625, -2761.50341796875
2051.12109375, 2102.5478515625, -5161.38134765625
2048.52490234375, 2108.75830078125, -7000.0
2045.863525390625, 2101.517822265625, -7000.0
2043.13671875, 2072.347412109375, -6645.361328125
2040.3450927734375, 2043.1766357421875, -3289.564697265625
2037.4886474609375, 2014.006103515625, -414.1357421875
2034.5675048828125, 1984.835693359375, 1983.333984375
2031.58203125, 1962.91015625, 1983.333984375
2028.532470703125, 1964.9619140625, 1983.333984375
2025.4188232421875, 1973.2218017578125, 1983.333984375
2022.241455078125, 1981.48193359375, 1983.333984375
2019.00048828125, 1989.7420654296875, 1983.333984375
2015.6961669921875, 1998.0020751953125, 1983.333984375
2012.328857421875, 2006.26220703125, 1659.6270751953125
2008.898681640625, 2014.5224609375, 956.2957153320312
2005.40576171875, 2022.78271484375, -559.1573486328125
2001.8505859375, 2031.04296875, -3351.036865234375
1998.2332763671875, 2039.3031005859375, -4536.36865234375
1994.553955078125, 2047.5633544921875, -7000.0
1990.8131103515625, 2055.823486328125, -7000.0
1987.0107421875, 2062.02880859375, -7000.0
1983.1474609375, 2054.771240234375, -7000.0
1979.22314453125, 2025.6005859375, -7000.0
1975.2384033203125, 1996.4300537109375, -5727.91357421875
1971.1932373046875, 1967.259521484375, -1644.0185546875
1967.0880126953125, 1938.0888671875, 838.100830078125
1962.9232177734375, 1908.9183349609375, 1983.333984375
1958.6988525390625, 1889.0675048828125, 1983.333984375
1954.415283203125, 1897.3275146484375, 1983.333984375
1950.0728759765625, 1905.5875244140625, 1983.333984375
1945.671875, 1913.8475341796875, 1983.333984375
1941.212646484375, 1922.107666015625, 1983.333984375
1936.6954345703125, 1930.3677978515625, 1689.1746826171875
1932.12060546875, 1938.6279296875, 882.9114990234375
1927.4884033203125, 1946.88818359375, -860.7003173828125
1922.79931640625, 1955.1483154296875, -1172.8533935546875
1918.0533447265625, 1963.408447265625, -2957.881591796875
1913.2510986328125, 1971.668701171875, -6148.56689453125
1908.392822265625, 1979.928955078125, -7000.0
1903.478759765625, 1986.12939453125, -7000.0
1898.509521484375, 1978.854736328125, -7000.0
1893.485107421875, 1949.68408203125, -7000.0
1888.406005859375, 1920.5135498046875, -6977.5400390625
1883.272705078125, 1891.343017578125, -4205.31103515625
1878.0853271484375, 1862.1724853515625, -1653.267578125
1872.8443603515625, 1833.0020751953125, 1983.333984375
1867.5501708984375, 1810.0185546875, 1983.333984375
1862.203125, 1808.79345703125, 1983.333984375
1856.803466796875, 1817.0533447265625, 1983.333984375
1851.3516845703125, 1825.3134765625, 1983.333984375
1845.84814453125, 1833.5736083984375, 1983.333984375
1840.2933349609375, 1841.833740234375, 788.351318359375
1834.6873779296875, 1850.093994140625, -493.94561767578125
1829.03076171875, 1858.354248046875, -3304.83056640625
1823.323974609375, 1866.6143798828125, -4747.3662109375
1817.5673828125, 1874.8746337890625, -7000.0
1811.7613525390625, 1883.134765625, -7000.0
1805.90625, 1891.3948974609375, -7000.0
1800.0025634765625, 1899.6551513671875, -7000.0
1794.050537109375, 1905.85009765625, -7000.0
1788.05078125, 1898.556396484375, -7000.0
1782.0035400390625, 1869.3858642578125, -7000.0
1775.909423828125, 1840.2154541015625, -7000.0
1769.7685546875, 1811.044921875, -7000.0
1763.5816650390625, 1781.8743896484375, -5397.00537109375
1757.3489990234375, 1752.703857421875, -1249.115478515625
1751.0711669921875, 1723.5333251953125, 1045.416259765625
1744.748291015625, 1694.36181640625, 1983.333984375
1738.381103515625, 1674.56103515625, 1983.333984375
1731.969970703125, 1682.821044921875, 1983.333984375
1725.51513671875, 1691.0810546875, 1983.333984375
1719.017333984375, 1699.3411865234375, 1983.333984375
1712.476806640625, 1707.601318359375, 1522.35205078125
1705.8941650390625, 1715.8612060546875, 327.8330383300781
1699.2696533203125, 1724.121337890625, -2012.9151611328125
1692.60400390625, 1732.3818359375, -3118.573486328125
1685.8973388671875, 1740.64208984375, -5881.84130859375
1679.150390625, 1748.9022216796875, -7000.0
1672.3636474609375, 1757.162353515625, -7000.0
1665.537353515625, 1765.4224853515625, -7000.0
1658.672119140625, 1771.611572265625, -7000.0
1651.768310546875, 1764.296875, -7000.0
1644.8265380859375, 1735.12646484375, -7000.0
1637.8472900390625, 1705.9559326171875, -7000.0
1630.8309326171875, 1676.785400390625, -7000.0
1623.7779541015625, 1647.614990234375, -6032.06689453125
1616.68896484375, 1618.444580078125, -2585.488525390625
1609.5643310546875, 1589.274169921875, -112.06126403808594
1602.404541015625, 1560.1025390625, 1983.333984375
1595.210205078125, 1538.25537109375, 1983.333984375
1587.9818115234375, 1540.3292236328125, 1983.333984375
1580.7197265625, 1548.589111328125, 1983.333984375
1573.4244384765625, 1556.84912109375, 1983.333984375
1566.0965576171875, 1565.109130859375, 1076.81591796875
1558.7366943359375, 1573.369140625, -132.1271209716797
1551.3450927734375, 1581.6292724609375, -3072.12744140625
1543.9224853515625, 1589.8892822265625, -4833.69287109375
1536.4691162109375, 1598.1494140625, -7000.0
1528.98583984375, 1606.4095458984375, -7000.0
1521.4730224609375, 1614.669677734375, -7000.0
1513.9310302734375, 1622.9298095703125, -7000.0
1506.360595703125, 1631.18994140625, -7000.0
1498.76220703125, 1637.3731689453125, -7000.0
1491.13623046875, 1630.03759765625, -7000.0
1483.4833984375, 1600.8670654296875, -7000.0
1475.8040771484375, 1571.6968994140625, -7000.0
1468.098876953125, 1542.5263671875, -7000.0
1460.368408203125, 1513.35595703125, -7000.0
1452.6129150390625, 1484.1856689453125, -6917.998046875
1444.833251953125, 1455.0140380859375, -4391.6943359375
1437.0299072265625, 1425.8436279296875, -2372.656005859375
1429.2032470703125, 1396.6734619140625, 391.7897644042969
1421.3538818359375, 1373.7452392578125, 1983.333984375
1413.482421875, 1372.9310302734375, 1983.333984375
1405.58935546875, 1382.688232421875, 1983.333984375
1397.6751708984375, 1392.3580322265625, 1411.1761474609375
1389.740478515625, 1401.7034912109375, -137.102783203125
1381.785888671875, 1410.18798828125, -2861.81884765625
1373.8118896484375, 1418.447998046875, -4481.97021484375
1365.8189697265625, 1426.7081298828125, -7000.0
1357.8077392578125, 1434.96826171875, -7000.0
1349.77880859375, 1443.228271484375, -7000.0
1341.732666015625, 1451.488525390625, -7000.0
1333.6697998046875, 1459.7486572265625, -7000.0
1325.5908203125, 1468.0087890625, -7000.0
1317.496337890625, 1474.1856689453125, -7000.0
1309.3868408203125, 1466.8282470703125, -7000.0
1301.262939453125, 1437.658203125, -7000.0
1293.125244140625, 1408.48779296875, -7000.0
1284.97412109375, 1379.317626953125, -7000.0
1276.810302734375, 1350.1473388671875, -7000.0
1268.63427734375, 1320.9769287109375, -7000.0
1260.4466552734375, 1291.8067626953125, -6894.03857421875
1252.248046875, 1262.635498046875, -4393.18603515625
1244.038818359375, 1233.465087890625, -2444.76416015625
1235.81982421875, 1204.2950439453125, 961.7879638671875
1227.59130859375, 1181.3861083984375, 1983.333984375
1219.3541259765625, 1178.9287109375, 1983.333984375
1211.108642578125, 1184.2230224609375, 1983.333984375
1202.85546875, 1195.5975341796875, 1440.5191650390625
1194.5953369140625, 1206.8720703125, -357.7814636230469
1186.32861328125, 1218.04931640625, -3451.826904296875
1178.055908203125, 1229.134033203125, -5780.3203125
1169.77783203125, 1240.1212158203125, -7000.0
1161.4949951171875, 1251.0159912109375, -7000.0
1153.2078857421875, 1261.8133544921875, -7000.0
1144.9171142578125, 1272.5206298828125, -7000.0
1136.623291015625, 1283.137939453125, -7000.0
1128.326904296875, 1293.665283203125, -7000.0
1120.028564453125, 1304.1026611328125, -7000.0
1111.7288818359375, 1312.377685546875, -7000.0
1103.4283447265625, 1306.556640625, -7000.0
1095.1275634765625, 1277.3865966796875, -7000.0
1086.8271484375, 1248.215576171875, -7000.0
1078.5277099609375, 1219.04541015625, -7000.0
1070.2296142578125, 1189.8751220703125, -7000.0
1061.9337158203125, 1160.705078125, -7000.0
1053.6402587890625, 1131.53515625, -7000.0
1045.35009765625, 1102.364990234375, -7000.0
1037.063720703125, 1073.1949462890625, -7000.0
1028.78173828125, 1044.0252685546875, -5050.1025390625
1020.5045166015625, 1014.854248046875, -3632.7578125
1012.2328491210938, 985.6844482421875, -950.3463134765625
1003.9672241210938, 962.7994384765625, 1983.333984375
995.7081909179688, 959.5604248046875, 1983.333984375
987.4563598632812, 963.0225219726562, 1983.333984375
979.2122802734375, 976.2915649414062, 729.6359252929688
970.9765625, 989.443359375, -902.3357543945312
962.7496948242188, 1002.4851684570312, -2060.631591796875
954.5322875976562, 1015.4171752929688, -5581.50048828125
946.3248901367188, 1028.2391357421875, -7000.0
938.1281127929688, 1040.9512939453125, -7000.0
929.9425048828125, 1053.55322265625, -7000.0
921.7685546875, 1066.04541015625, -7000.0
913.60693359375, 1078.4300537109375, -7000.0
905.4581298828125, 1090.7120361328125, -7000.0
897.32275390625, 1102.88720703125, -7000.0
889.2012939453125, 1112.8792724609375, -7000.0
881.0944213867188, 1108.304443359375, -7000.0
873.0025634765625, 1079.134765625, -7000.0
864.9263916015625, 1049.96484375, -7000.0
856.8663940429688, 1020.7950439453125, -7000.0
848.8231811523438, 991.6253051757812, -7000.0
840.7972412109375, 962.45556640625, -7000.0
832.7891845703125, 933.2858276367188, -7000.0
824.799560546875, 904.1162109375, -7000.0
816.828857421875, 874.9466552734375, -7000.0
808.877685546875, 845.7772827148438, -7000.0
800.9465942382812, 816.60791015625, -5098.0283203125
793.0360717773438, 787.438720703125, -858.1282958984375
785.1466674804688, 758.2695922851562, 559.1026000976562
777.279052734375, 729.1007080078125, 1983.333984375
769.43359375, 711.2874755859375, 1983.333984375
761.6109619140625, 726.7132568359375, 1983.333984375
753.8115844726562, 742.0091552734375, 1517.1668701171875
746.0361328125, 757.1754760742188, -594.46923828125
738.2850341796875, 772.2117309570312, -1103.4027099609375
730.558837890625, 787.1182250976562, -4177.16943359375
722.8580932617188, 801.8947143554688, -7000.0
715.1834106445312, 816.543701171875, -7000.0
707.53515625, 831.0703125, -7000.0
699.9140014648438, 845.469970703125, -7000.0
692.3203735351562, 859.74658203125, -7000.0
684.7548828125, 873.895751953125, -7000.0
677.2179565429688, 885.8378295898438, -7000.0
669.710205078125, 882.6874389648438, -7000.0
662.2320556640625, 853.518310546875, -7000.0
654.7840576171875, 824.34912109375, -7000.0
647.3668212890625, 795.1799926757812, -7000.0
639.980712890625, 766.0108642578125, -7000.0
632.6262817382812, 736.8419799804688, -7000.0
625.3040771484375, 707.6731567382812, -7000.0
618.0145874023438, 678.5045166015625, -7000.0
610.75830078125, 649.3349609375, -7000.0
603.5357666015625, 620.1668090820312, -5208.42431640625
596.3473510742188, 590.9988403320312, -990.7572021484375
589.1937255859375, 561.8311157226562, 297.4242248535156
582.0752563476562, 532.6639404296875, 1983.333984375
574.992431640625, 515.3198852539062, 1983.333984375
567.9458618164062, 532.4216918945312, 1983.333984375
560.9359130859375, 549.3814697265625, 1301.468017578125
553.9630737304688, 566.194091796875, -1110.2940673828125
547.0278930664062, 582.8643798828125, -1811.27978515625
540.130859375, 599.3873901367188, -5157.6962890625
533.2723388671875, 615.7705688476562, -7000.0
526.452880859375, 632.013671875, -7000.0
519.6729736328125, 648.116943359375, -7000.0
512.9329833984375, 664.0828247070312, -7000.0
506.2334899902344, 679.916259765625, -7000.0
499.5749206542969, 695.6099243164062, -7000.0
492.95770263671875, 709.072021484375, -7000.0
486.38232421875, 707.0238647460938, -7000.0
479.8492126464844, 677.8555297851562, -7000.0
473.35882568359375, 648.6873168945312, -7000.0
466.91162109375, 619.5192260742188, -7000.0
460.508056640625, 590.3513793945312, -7000.0
454.1485290527344, 561.1837158203125, -7000.0
447.83349609375, 532.0164184570312, -7000.0
441.56341552734375, 502.8485412597656, -7000.0
435.3387145996094, 473.6821594238281, -7000.0
429.1597900390625, 444.51641845703125, -5060.806640625
423.027099609375, 415.3514099121094, -3408.325439453125
416.9410705566406, 386.187255859375, -838.2149658203125
410.9020690917969, 363.3722839355469, 1983.333984375
404.91058349609375, 360.81683349609375, 1983.333984375
398.9669494628906, 367.5695495605469, 1983.333984375
393.0716552734375, 385.9358825683594, 638.4473266601562
387.2250671386719, 404.1505432128906, -809.6456298828125
381.4275817871094, 422.2059020996094, -2089.376953125
375.6795959472656, 440.1043395996094, -6011.720703125
369.9815368652344, 457.8531188964844, -7000.0
364.3337707519531, 475.4522705078125, -7000.0
358.7366943359375, 492.90167236328125, -7000.0
353.190673828125, 510.2012634277344, -7000.0
347.6961364746094, 527.3510131835938, -7000.0
342.25341796875, 544.3508911132812, -7000.0
336.8629455566406, 561.2035522460938, -7000.0
331.5250244140625, 575.812744140625, -7000.0
326.24005126953125, 574.5805053710938, -7000.0
321.0083923339844, 545.4133911132812, -7000.0
315.8304138183594, 516.2454833984375, -7000.0
310.70648193359375, 487.0790710449219, -7000.0
305.63690185546875, 457.9120788574219, -7000.0
300.6220703125, 428.74664306640625, -7000.0
295.6623229980469, 399.5820617675781, -7000.0
290.75799560546875, 370.41851806640625, -7000.0
285.909423828125, 341.25616455078125, -7000.0
281.116943359375, 312.095458984375, -6845.33349609375
276.3808898925781, 282.93682861328125, -3902.053955078125
271.70159912109375, 253.78109741210938, -1129.353271484375
267.0793762207031, 224.62924194335938, 1572.489990234375
262.5145263671875, 201.85023498535156, 1983.333984375
258.00738525390625, 203.69081115722656, 1983.333984375
253.5582733154297, 223.45054626464844, 1983.333984375
249.16746520996094, 243.04318237304688, 388.38299560546875
244.83529663085938, 262.4709167480469, -1123.740966796875
240.56204223632812, 281.7380065917969, -2429.1591796875
236.34800720214844, 300.8390197753906, -6338.51123046875
232.1934814453125, 319.7787170410156, -7000.0
228.0987548828125, 338.55181884765625, -7000.0
224.0640869140625, 357.1656494140625, -7000.0
220.08978271484375, 375.62005615234375, -7000.0
216.17611694335938, 393.918212890625, -7000.0
212.32333374023438, 412.0635070800781, -7000.0
208.53172302246094, 427.9401550292969, -7000.0
204.80154418945312, 427.612548828125, -7000.0
201.13302612304688, 398.44854736328125, -7000.0
197.52645874023438, 369.2853088378906, -7000.0
193.98207092285156, 340.1233215332031, -7000.0
190.50010681152344, 310.96282958984375, -7000.0
187.080810546875, 281.8043212890625, -7000.0
183.7244110107422, 252.648681640625, -7000.0
180.43115234375, 223.49703979492188, -7000.0
177.20126342773438, 194.35118103027344, -5255.02783203125
174.03494262695312, 165.21417236328125, -3447.5625
170.9324188232422, 136.09173583984375, -633.3048706054688
167.8939208984375, 113.37097930908203, 1983.333984375
164.91964721679688, 111.86167907714844, 1983.333984375
162.0098114013672, 122.12105560302734, 1983.333984375
159.1645965576172, 142.5513153076172, 1502.3619384765625
156.3842010498047, 162.82183837890625, -634.5254516601562
153.6688232421875, 182.92303466796875, -3418.733642578125
151.01866149902344, 202.85975646972656, -5824.79248046875
148.4338836669922, 222.63027954101562, -7000.0
145.9146728515625, 242.23451232910156, -7000.0
143.46119689941406, 261.67010498046875, -7000.0
141.07362365722656, 280.9398498535156, -7000.0
138.7521209716797, 300.0483093261719, -7000.0
136.49685668945312, 318.9903869628906, -7000.0
134.3079833984375, 337.7733154296875, -7000.0
132.18565368652344, 354.2812805175781, -7000.0
130.1300048828125, 354.395751953125, -7000.0
128.14117431640625, 325.23486328125, -7000.0
126.21931457519531, 296.0756530761719, -7000.0
124.36454772949219, 266.9187927246094, -7000.0
122.5770034790039, 237.76528930664062, -7000.0
120.8568115234375, 208.61631774902344, -7000.0
119.20408630371094, 179.47445678710938, -7000.0
117.61893463134766, 150.34388732910156, -7000.0
116.10147094726562, 121.23275756835938, -3866.6396484375
114.65180206298828, 92.15943145751953, -543.7316284179688
113.27002716064453, 63.17622756958008, 1983.333984375
111.95623779296875, 40.754032135009766, 1983.333984375
110.71053314208984, 42.946571350097656, 1983.333984375
109.53298950195312, 63.81494140625, 1983.333984375
108.42369079589844, 84.65270233154297, 1983.333984375
107.3827133178711, 105.369873046875, 746.8576049804688
106.4101333618164, 125.93660736083984, -983.2655029296875
105.50601196289062, 146.3399200439453, -2243.775146484375
104.67041778564453, 166.576416015625, -5856.24267578125
103.90339660644531, 186.64964294433594, -7000.0
103.20501708984375, 206.5575714111328, -7000.0
102.5753173828125, 226.2988739013672, -7000.0
102.01433563232422, 245.87277221679688, -7000.0
101.52212524414062, 265.27862548828125, -7000.0
101.09870910644531, 282.39447021484375, -7000.0
100.74412536621094, 282.9304504394531, -7000.0
100.45838928222656, 253.77520751953125, -7000.0
100.24151611328125, 224.6237335205078, -7000.0
100.09353637695312, 195.47784423828125, -7000.0
100.01445770263672, 166.3406524658203, -7000.0
100.0042724609375, 137.21734619140625, -7000.0
100.06299591064453, 108.11982727050781, -4197.34521484375
100.19061279296875, 79.0765151977539, -1008.0875244140625
100.38712310791016, 50.181522369384766, 1983.333984375
100.65250396728516, 28.057958602905273, 1983.333984375
100.98674774169922, 30.242307662963867, 1983.333984375
101.38982391357422, 50.9870491027832, 1983.333984375
101.86170196533203, 71.864501953125, 1983.333984375
102.40235900878906, 92.66157531738281, 682.139404296875
103.01175689697266, 113.32268524169922, -1894.852294921875
103.6898422241211, 133.8268280029297, -1882.961181640625
104.43658447265625, 154.16748046875, -4118.12744140625
105.25191497802734, 174.34410095214844, -7000.0
106.13578796386719, 194.34915161132812, -7000.0
107.08814239501953, 214.18832397460938, -7000.0
108.10891723632812, 233.86053466796875, -7000.0
109.19802856445312, 253.36505126953125, -7000.0
110.35540771484375, 270.5763854980469, -7000.0
111.58097839355469, 271.1637878417969, -7000.0
112.8746566772461, 242.0101318359375, -7000.0
114.23634338378906, 212.86080932617188, -7000.0
115.66596221923828, 183.718017578125, -7000.0
117.16339874267578, 154.5857391357422, -7000.0
118.72855377197266, 125.47096252441406, -4052.307861328125
120.36132049560547, 96.39014434814453, -553.0029907226562
122.06158447265625, 67.38735961914062, 1983.333984375
123.82923889160156, 44.94962692260742, 1983.333984375
125.66414642333984, 47.17655563354492, 1983.333984375
127.56619262695312, 68.04823303222656, 1983.333984375
129.5352325439453, 88.86145782470703, 1983.333984375
131.57115173339844, 109.54573822021484, 1983.333984375
133.67379760742188, 130.0787811279297, 944.53076171875
135.843017578125, 150.45420837402344, -238.26712036132812
138.07867431640625, 170.66200256347656, -3421.952880859375
140.380615234375, 190.70343017578125, -5653.00390625
142.74867248535156, 210.57183837890625, -7000.0
145.1826934814453, 230.27342224121094, -7000.0
147.6824951171875, 249.81080627441406, -7000.0
150.24790954589844, 269.1866760253906, -7000.0
152.87876892089844, 286.2604675292969, -7000.0
155.57489013671875, 286.715576171875, -7000.0
158.33609008789062, 257.56005859375, -7000.0
161.16217041015625, 228.40806579589844, -7000.0
164.0529327392578, 199.2613525390625, -7000.0
167.0081787109375, 170.122802734375, -3645.953369140625
170.02772521972656, 140.99725341796875, -1483.111572265625
173.11134338378906, 111.89535522460938, 1983.333984375
176.25881958007812, 90.49040985107422, 1983.333984375
179.46995544433594, 96.09406280517578, 1983.333984375
182.7445068359375, 116.72569274902344, 1983.333984375
186.08226013183594, 137.20045471191406, 1983.333984375
189.48300170898438, 157.5113525390625, 1983.333984375
192.9464569091797, 177.66085815429688, 1378.6318359375
196.47242736816406, 197.64349365234375, -119.93297576904297
200.06065368652344, 217.45303344726562, -1575.96875
203.71087646484375, 237.09544372558594, -1964.6927490234375
207.42286682128906, 256.57269287109375, -4139.4921875
211.19635009765625, 275.8898010253906, -7000.0
215.03106689453125, 295.04034423828125, -7000.0
218.92677307128906, 314.029296875, -7000.0
222.88319396972656, 330.7123718261719, -7000.0
226.90003967285156, 330.85943603515625, -7000.0
230.97703552246094, 301.699951171875, -7000.0
235.11392211914062, 272.5426025390625, -7000.0
239.31040954589844, 243.38816833496094, -3763.400390625
243.56617736816406, 214.23822021484375, -1499.0908203125
247.8809814453125, 185.09461975097656, 1983.333984375
252.25448608398438, 163.65338134765625, 1983.333984375
256.6864013671875, 169.1155548095703, 1983.333984375
261.1764221191406, 189.16635131835938, 1983.333984375
265.7242431640625, 209.05288696289062, 1983.333984375
270.32952880859375, 228.77334594726562, 1983.333984375
274.99200439453125, 248.32666015625, 1983.333984375
279.7113342285156, 267.7120056152344, 1083.143310546875
284.4871520996094, 286.9317321777344, -465.16461181640625
289.3191833496094, 305.9900207519531, -1826.416015625
294.2070617675781, 324.88189697265625, -1896.8883056640625
299.1504821777344, 343.61456298828125, -3542.5732421875
304.1490478515625, 362.1878967285156, -6660.08984375
309.2024841308594, 380.60174560546875, -7000.0
314.3103942871094, 396.7112731933594, -7000.0
319.4724426269531, 396.4129943847656, -7000.0
324.6882629394531, 367.2499694824219, -7000.0
329.95751953125, 338.0881042480469, -4231.69482421875
335.2798156738281, 308.927734375, -480.5323181152344
340.6548156738281, 279.7695007324219, 1983.333984375
346.0821228027344, 257.1090393066406, 1983.333984375
351.5614013671875, 258.9500427246094, 1983.333984375
357.09222412109375, 278.24481201171875, 1983.333984375
362.67425537109375, 297.37420654296875, 1983.333984375
368.30706787109375, 316.34246826171875, 1983.333984375
