1522.390625, 1539.0042724609375, -1392.4486083984375
1514.852294921875, 1531.5245361328125, -2722.0224609375
1507.2852783203125, 1524.02490234375, -1166.5517578125
1499.690185546875, 1532.2615966796875, -1503.3546142578125
1492.067626953125, 1540.50927734375, -3641.658935546875
1484.41796875, 1548.7593994140625, -7000.0
1476.741943359375, 1557.01611328125, -7000.0
1469.039794921875, 1565.2716064453125, -7000.0
1461.3123779296875, 1573.52587890625, -7000.0
1453.5599365234375, 1581.781005859375, -7000.0
1445.783203125, 1590.043701171875, -7000.0
1437.982666015625, 1598.3062744140625, -7000.0
1430.1588134765625, 1604.92626953125, -7000.0
1422.312255859375, 1599.1265869140625, -7000.0
1414.443359375, 1569.956787109375, -7000.0
1406.552978515625, 1540.787353515625, -7000.0
1398.641357421875, 1511.617431640625, -7000.0
1390.7091064453125, 1482.4481201171875, -7000.0
1382.7569580078125, 1453.278564453125, -7000.0
1374.7852783203125, 1424.1083984375, -7000.0
1366.794677734375, 1394.9375, -6524.1806640625
1358.78564453125, 1365.7662353515625, -3649.750244140625
1350.7587890625, 1336.5941162109375, -1325.068603515625
1342.7147216796875, 1307.422119140625, 1617.9774169921875
1334.65380859375, 1283.189208984375, 1983.333984375
1326.5767822265625, 1281.7840576171875, 1983.333984375
1318.4842529296875, 1292.3212890625, 1983.333984375
1310.3765869140625, 1302.7633056640625, 1587.7735595703125
1302.25439453125, 1313.123046875, 48.56544494628906
1294.1182861328125, 1323.3929443359375, -2784.555419921875
1285.96875, 1333.5731201171875, -4747.943359375
1277.8065185546875, 1343.663818359375, -7000.0
1269.6319580078125, 1353.666748046875, -7000.0
1261.4456787109375, 1363.5877685546875, -7000.0
1253.2484130859375, 1373.4208984375, -7000.0
1245.0404052734375, 1383.17236328125, -7000.0
1236.822509765625, 1392.8358154296875, -7000.0
1228.59521484375, 1400.77197265625, -7000.0
1220.3590087890625, 1395.96240234375, -7000.0
1212.114501953125, 1366.7916259765625, -7000.0
1203.8623046875, 1337.62109375, -7000.0
1195.6029052734375, 1308.45068359375, -7000.0
1187.3369140625, 1279.2802734375, -7000.0
1179.06494140625, 1250.1099853515625, -7000.0
1170.78759765625, 1220.9395751953125, -7000.0
1162.5052490234375, 1191.7694091796875, -6654.595703125
1154.2186279296875, 1162.59912109375, -3936.48583984375
1145.9283447265625, 1133.428955078125, -1790.736572265625
1137.634765625, 1104.2589111328125, 754.9371337890625
1129.3387451171875, 1080.04833984375, 1983.333984375
1121.04052734375, 1079.005859375, 1983.333984375
1112.740966796875, 1091.283447265625, 1983.333984375
1104.4405517578125, 1103.4532470703125, 632.5486450195312
1096.1397705078125, 1115.52099609375, -1099.0479736328125
1087.83935546875, 1127.4810791015625, -2236.778564453125
1079.5396728515625, 1139.3409423828125, -5624.81005859375
1071.241455078125, 1151.1009521484375, -7000.0
1062.9451904296875, 1162.760986328125, -7000.0
1054.6514892578125, 1174.321044921875, -7000.0
1046.36083984375, 1185.7811279296875, -7000.0
1038.073974609375, 1197.1412353515625, -7000.0
1029.7913818359375, 1208.4012451171875, -7000.0
1021.5135498046875, 1217.92138671875, -7000.0
1013.2412109375, 1214.39208984375, -7000.0
1004.9747924804688, 1185.22216796875, -7000.0
996.7149658203125, 1156.0521240234375, -7000.0
988.4622192382812, 1126.882080078125, -7000.0
980.2171630859375, 1097.7122802734375, -7000.0
971.9803466796875, 1068.5421142578125, -7000.0
963.7523803710938, 1039.3721923828125, -7000.0
955.5338134765625, 1010.2022705078125, -7000.0
947.3251953125, 981.032470703125, -7000.0
939.1270751953125, 951.8626708984375, -4763.42626953125
930.9400024414062, 922.69189453125, -3063.421630859375
922.7646484375, 893.522216796875, -191.51365661621094
914.6015014648438, 869.3329467773438, 1983.333984375
906.4511108398438, 866.6648559570312, 1983.333984375
898.3140258789062, 872.80029296875, 1983.333984375
890.1908569335938, 886.845458984375, 690.5263671875
882.0821533203125, 900.7708740234375, -965.2027587890625
873.9884643554688, 914.5764770507812, -2218.23291015625
865.9103393554688, 928.2620239257812, -5899.419921875
857.848388671875, 941.8277587890625, -7000.0
849.8030395507812, 955.2755126953125, -7000.0
841.7750244140625, 968.6112670898438, -7000.0
833.7647094726562, 981.8289794921875, -7000.0
825.7728271484375, 994.9368286132812, -7000.0
817.7998046875, 1007.9346923828125, -7000.0
809.84619140625, 1020.8204345703125, -7000.0
801.91259765625, 1031.939453125, -7000.0
793.99951171875, 1029.6519775390625, -7000.0
786.1075439453125, 1000.4823608398438, -7000.0
778.2372436523438, 971.3126831054688, -7000.0
770.3890380859375, 942.1430053710938, -7000.0
762.5635986328125, 912.973388671875, -7000.0
754.7613525390625, 883.8038330078125, -7000.0
746.9829711914062, 854.6343383789062, -7000.0
739.2288818359375, 825.4649658203125, -7000.0
731.4996337890625, 796.295654296875, -7000.0
723.7957763671875, 767.1265258789062, -7000.0
716.1178588867188, 737.9574584960938, -5805.24755859375
708.4663696289062, 708.7886352539062, -2207.56005859375
700.8418579101562, 679.6199340820312, -504.9108581542969
693.244873046875, 650.451416015625, 1983.333984375
685.6759033203125, 627.8248291015625, 1983.333984375
678.1354370117188, 633.6718139648438, 1983.333984375
670.6240844726562, 649.7620239257812, 1983.333984375
663.142333984375, 665.7125854492188, 739.7384033203125
655.690673828125, 681.5254516601562, -1736.0799560546875
648.2695922851562, 697.206298828125, -3905.88232421875
640.879638671875, 712.7493286132812, -7000.0
633.5213623046875, 728.1624755859375, -7000.0
626.1951904296875, 743.4456787109375, -7000.0
618.9017333984375, 758.5989379882812, -7000.0
611.641357421875, 773.6222534179688, -7000.0
604.4146118164062, 788.5155639648438, -7000.0
597.2220458984375, 803.2789306640625, -7000.0
590.0641479492188, 816.2564697265625, -7000.0
582.9413452148438, 815.4158935546875, -7000.0
575.8541870117188, 786.2470092773438, -7000.0
568.8031616210938, 757.0780639648438, -7000.0
561.7886962890625, 727.9091796875, -7000.0
554.8113403320312, 698.7393798828125, -7000.0
547.87158203125, 669.5707397460938, -7000.0
540.9697875976562, 640.4022827148438, -7000.0
534.1065673828125, 611.2340698242188, -7000.0
527.2823486328125, 582.0651245117188, -7000.0
520.49755859375, 552.8974609375, -7000.0
513.7527465820312, 523.730224609375, -4446.52392578125
507.0482482910156, 494.5634765625, -2275.92919921875
500.3846740722656, 465.3971862792969, 797.8472900390625
493.76239013671875, 441.25567626953125, 1983.333984375
487.1818542480469, 439.7060546875, 1983.333984375
480.6435852050781, 450.92852783203125, 1983.333984375
474.14794921875, 468.58477783203125, 537.4302368164062
467.6954650878906, 486.1490783691406, -1082.140625
461.28656005859375, 503.505859375, -2514.64404296875
454.921630859375, 520.7129516601562, -6573.47314453125
448.6011657714844, 537.770263671875, -7000.0
442.3255920410156, 554.6798706054688, -7000.0
436.0953063964844, 571.4476928710938, -7000.0
429.9107971191406, 588.068115234375, -7000.0
423.7724304199219, 604.548095703125, -7000.0
417.6806945800781, 620.8887329101562, -7000.0
411.63592529296875, 637.0888671875, -7000.0
405.63861083984375, 651.4583129882812, -7000.0
399.68914794921875, 651.5900268554688, -7000.0
393.7879333496094, 622.422119140625, -7000.0
387.93536376953125, 593.2542724609375, -7000.0
382.1318664550781, 564.086669921875, -7000.0
376.3778381347656, 534.91943359375, -7000.0
370.6736755371094, 505.7524719238281, -7000.0
365.0197448730469, 476.5859680175781, -7000.0
359.4164733886719, 447.4200439453125, -7000.0
353.8642272949219, 418.25482177734375, -7000.0
348.3633728027344, 389.0904235839844, -7000.0
342.9143371582031, 359.926025390625, -5248.8447265625
337.5174560546875, 330.7640686035156, -864.5444946289062
332.173095703125, 301.6037902832031, 534.6699829101562
326.88165283203125, 272.4458312988281, 1983.333984375
321.64349365234375, 253.339111328125, 1983.333984375
316.45892333984375, 272.6828918457031, 1983.333984375
311.328369140625, 291.86090087890625, 1960.2174072265625
306.2521667480469, 310.8782958984375, 140.53993225097656
301.23065185546875, 329.7289123535156, -2605.75244140625
296.26416015625, 348.4203796386719, -5096.6513671875
291.3530578613281, 366.95269775390625, -7000.0
286.4976806640625, 385.32550048828125, -7000.0
281.6983337402344, 403.5414733886719, -7000.0
276.95538330078125, 421.6051025390625, -7000.0
272.2691345214844, 439.5111389160156, -7000.0
267.6399230957031, 457.2654113769531, -7000.0
263.0680847167969, 473.163330078125, -7000.0
258.55389404296875, 474.4740905761719, -7000.0
254.09767150878906, 445.3086853027344, -7000.0
249.6997528076172, 416.1438293457031, -7000.0
245.36041259765625, 386.9797058105469, -7000.0
241.0799560546875, 357.8166198730469, -7000.0
236.8586883544922, 328.65478515625, -7000.0
232.69688415527344, 299.4946594238281, -7000.0
228.5948486328125, 270.33575439453125, -7000.0
224.5528564453125, 241.18115234375, -5199.92138671875
220.57118225097656, 212.03102111816406, -3433.42236328125
216.6501007080078, 182.88751220703125, -705.9692993164062
212.7898712158203, 158.89971923828125, 1983.333984375
208.9907989501953, 156.61231994628906, 1983.333984375
205.2530975341797, 165.27847290039062, 1983.333984375
201.57705688476562, 185.35781860351562, 1491.8502197265625
197.96292114257812, 205.27310180664062, -708.5765380859375
194.4109344482422, 225.0224151611328, -3649.054443359375
190.9213409423828, 244.6046600341797, -6258.26953125
187.49440002441406, 264.01898193359375, -7000.0
184.1303253173828, 283.2671813964844, -7000.0
180.829345703125, 302.3565673828125, -7000.0
177.59170532226562, 321.28485107421875, -7000.0
174.41763305664062, 340.0460510253906, -7000.0
171.3073272705078, 358.64788818359375, -7000.0
168.26100158691406, 377.0903625488281, -7000.0
165.2788848876953, 393.6682434082031, -7000.0
162.36117553710938, 395.4836120605469, -7000.0
159.50807189941406, 366.3205871582031, -7000.0
156.71975708007812, 337.15863037109375, -7000.0
153.9964599609375, 307.9981994628906, -7000.0
151.33831787109375, 278.83990478515625, -7000.0
148.7455596923828, 249.68423461914062, -7000.0
146.2183380126953, 220.53260803222656, -7000.0
143.7568359375, 191.38687133789062, -7000.0
141.36122131347656, 162.2501678466797, -5679.55908203125
139.0316619873047, 133.12844848632812, -1353.38720703125
136.76832580566406, 104.03429412841797, 1092.0389404296875
134.5713348388672, 74.9997787475586, 1983.333984375
132.44088745117188, 54.78986358642578, 1983.333984375
130.37709045410156, 69.22525787353516, 1983.333984375
128.38011169433594, 90.03170013427734, 1983.333984375
126.4500732421875, 110.70771026611328, 1378.5186767578125
124.58712005615234, 131.23109436035156, -801.748046875
122.79137420654297, 151.5971221923828, -3522.724853515625
121.0629653930664, 171.7943115234375, -5793.81689453125
119.4020004272461, 191.827880859375, -7000.0
117.80860137939453, 211.69354248046875, -7000.0
116.28288269042969, 231.386474609375, -7000.0
114.82494354248047, 250.9203643798828, -7000.0
113.43488311767578, 270.2852783203125, -7000.0
112.11280059814453, 289.4837341308594, -7000.0
110.8587875366211, 306.8089904785156, -7000.0
109.67292785644531, 309.1844177246094, -7000.0
108.55530548095703, 280.0264587402344, -7000.0
107.50598907470703, 250.87110900878906, -7000.0
106.52507019042969, 221.71961975097656, -7000.0
105.61259460449219, 192.5738983154297, -7000.0
104.76863861083984, 163.43673706054688, -7000.0
103.99325561523438, 134.31422424316406, -6753.93408203125
103.2864990234375, 105.21854400634766, -3262.6904296875
102.64842224121094, 76.18040466308594, -1451.6798095703125
102.07906341552734, 47.305904388427734, 1983.333984375
101.57846069335938, 25.034353256225586, 1983.333984375
101.14665985107422, 29.505573272705078, 1983.333984375
100.78367614746094, 50.25124740600586, 1983.333984375
100.48954010009766, 71.13557434082031, 1983.333984375
100.26427459716797, 91.93243408203125, 519.2579956054688
100.10789489746094, 112.59539031982422, -391.1069030761719
100.0204086303711, 133.10910034179688, -3619.226806640625
100.00182342529297, 153.45875549316406, -6194.70849609375
100.0521469116211, 173.644775390625, -7000.0
100.1713638305664, 193.65866088867188, -7000.0
100.3594741821289, 213.506591796875, -7000.0
100.616455078125, 233.18753051757812, -7000.0
100.94229888916016, 252.7007293701172, -7000.0
101.33698272705078, 270.32763671875, -7000.0
101.80048370361328, 272.9182434082031, -7000.0
102.33275604248047, 243.76402282714844, -7000.0
102.93376922607422, 214.6139373779297, -7000.0
103.60348510742188, 185.47007751464844, -7000.0
104.34185028076172, 156.33616638183594, -7000.0
105.1488265991211, 127.21867370605469, -5807.92138671875
106.02434539794922, 98.1329345703125, -1236.878662109375
106.96835327148438, 69.11900329589844, 831.8731689453125
107.98078155517578, 40.332176208496094, 1983.333984375
109.06156158447266, 22.547517776489258, 1983.333984375
110.21062469482422, 43.06061935424805, 1983.333984375
111.42788696289062, 63.941612243652344, 1983.333984375
112.71326446533203, 84.78406524658203, 1983.333984375
114.06666564941406, 105.50326538085938, 553.3204956054688
115.48799896240234, 126.07047271728516, -144.58444213867188
116.9771728515625, 146.4761505126953, -2976.90869140625
118.53407287597656, 166.71949768066406, -4983.228515625
120.15859985351562, 186.79151916503906, -7000.0
121.85064697265625, 206.69808959960938, -7000.0
123.6100845336914, 226.43798828125, -7000.0
125.43679809570312, 246.0103302001953, -7000.0
127.3306655883789, 263.6910705566406, -7000.0
129.2915496826172, 266.30169677734375, -7000.0
131.31932067871094, 237.14834594726562, -7000.0
133.41383361816406, 207.99952697753906, -7000.0
135.574951171875, 178.85752868652344, -7000.0
137.80250549316406, 149.7266387939453, -4651.697265625
140.09637451171875, 120.61458587646484, -1646.0570068359375
142.4563751220703, 91.54000091552734, 1945.90283203125
144.88235473632812, 67.73686218261719, 1983.333984375
147.3741455078125, 68.6955795288086, 1983.333984375
149.93157958984375, 89.5099105834961, 1983.333984375
152.55447387695312, 110.1947021484375, 1983.333984375
155.24264526367188, 130.72518920898438, 1983.333984375
157.99591064453125, 151.09266662597656, 396.4689025878906
160.8140869140625, 171.2971954345703, -290.4762878417969
163.6969757080078, 191.33029174804688, -2908.236572265625
166.64437866210938, 211.19760131835938, -4507.17822265625
169.6560821533203, 230.89801025390625, -7000.0
172.73190307617188, 250.43077087402344, -7000.0
175.87159729003906, 269.7974548339844, -7000.0
179.07498168945312, 289.0033874511719, -7000.0
182.34182739257812, 306.31134033203125, -7000.0
185.67189025878906, 308.60430908203125, -7000.0
189.06494140625, 279.4464111328125, -7000.0
192.52078247070312, 250.29115295410156, -7000.0
196.0391387939453, 221.13973999023438, -6168.36962890625
199.61978149414062, 191.99415588378906, -1630.1475830078125
203.262451171875, 162.85720825195312, 808.283935546875
206.9669189453125, 133.73507690429688, 1983.333984375
210.73292541503906, 115.12921905517578, 1983.333984375
214.56019592285156, 135.62109375, 1983.333984375
218.448486328125, 155.94754028320312, 1983.333984375
222.3975067138672, 176.1051025390625, 1983.333984375
226.40699768066406, 196.0987091064453, 1983.333984375
230.4766845703125, 215.92642211914062, 1327.2965087890625
234.6062774658203, 235.58738708496094, -113.61104583740234
238.79550170898438, 255.08050537109375, -1446.384521484375
243.0440673828125, 274.4074401855469, -1612.958984375
247.3516845703125, 293.5736083984375, -3472.706787109375
251.71803283691406, 312.5729675292969, -6914.919921875
256.1428527832031, 331.41326904296875, -7000.0
260.62579345703125, 348.35772705078125, -7000.0
265.1665954589844, 350.34246826171875, -7000.0
269.764892578125, 321.1816101074219, -7000.0
274.42041015625, 292.0224304199219, -5314.41845703125
279.1328125, 262.8656311035156, -2661.662109375
283.90179443359375, 233.71226501464844, 1009.9232788085938
288.7269592285156, 209.81576538085938, 1983.333984375
293.6080627441406, 210.55201721191406, 1983.333984375
298.5447082519531, 230.2529754638672, 1983.333984375
303.5365905761719, 249.7943572998047, 1983.333984375
308.5833435058594, 269.16802978515625, 1983.333984375
313.68463134765625, 288.3755798339844, 1983.333984375
318.840087890625, 307.4222412109375, 1053.1531982421875
324.04937744140625, 326.3022155761719, -435.3387756347656
329.3121337890625, 345.0229187011719, -1690.099365234375
334.62799072265625, 363.58428955078125, -1572.281494140625
339.99658203125, 381.9861755371094, -2952.417236328125
345.41754150390625, 400.23065185546875, -5731.54736328125
350.8904724121094, 418.32342529296875, -7000.0
356.4150390625, 434.5167541503906, -7000.0
361.9908447265625, 435.8941955566406, -7000.0
367.61749267578125, 406.7297668457031, -7000.0
373.29461669921875, 377.56610107421875, -3791.5478515625
379.02178955078125, 348.4035339355469, -1254.4371337890625
384.7986755371094, 319.2423400878906, 1983.333984375
390.62481689453125, 296.3370361328125, 1983.333984375
396.49981689453125, 300.56890869140625, 1983.333984375
402.4233093261719, 319.5070495605469, 1983.333984375
408.3948669433594, 338.2866516113281, 1983.333984375
414.4140930175781, 356.9072570800781, 1983.333984375
420.48052978515625, 375.36865234375, 1983.333984375
426.59381103515625, 393.6706237792969, 1983.333984375
432.75347900390625, 411.8152770996094, 1983.333984375
438.9591369628906, 429.8081970214844, 910.09765625
445.2103271484375, 447.64349365234375, -476.0128479003906
451.5066223144531, 465.3291015625, -1515.0281982421875
457.8476257324219, 482.86492919921875, -957.2808227539062
464.23284912109375, 500.2509765625, -1686.635498046875
470.6618957519531, 515.7425537109375, -3416.821533203125
477.1343078613281, 516.5531616210938, -4412.40185546875
483.6496276855469, 487.3869323730469, -1274.1429443359375
490.2074279785156, 458.2210388183594, 456.6009216308594
496.8072204589844, 429.05572509765625, 1983.333984375
503.4486083984375, 409.95684814453125, 1983.333984375
510.1310729980469, 427.9607849121094, 1983.333984375
516.8541870117188, 445.8133239746094, 1983.333984375
523.6174926757812, 463.50848388671875, 1983.333984375
530.4205322265625, 481.0540466308594, 1983.333984375
537.2627563476562, 498.4499206542969, 1983.333984375
544.143798828125, 515.696044921875, 1983.333984375
551.0631103515625, 532.79443359375, 1983.333984375
558.020263671875, 549.7508544921875, 924.9871215820312
565.0147705078125, 566.5596313476562, -245.27325439453125
572.046142578125, 583.226318359375, -994.5602416992188
579.1138916015625, 599.7452392578125, -2788.146484375
586.217529296875, 614.3748779296875, -2527.188232421875
593.3565063476562, 619.7930297851562, -2082.2431640625
600.5304565429688, 610.11669921875, -2557.204833984375
607.7388305664062, 580.9490356445312, -296.2970275878906
614.9810791015625, 557.0800170898438, 1983.333984375
622.2567749023438, 554.8937377929688, 1983.333984375
629.5653686523438, 563.0927124023438, 1983.333984375
636.9064331054688, 579.7886352539062, 1983.333984375
644.2793579101562, 596.3370361328125, 1983.333984375
651.6836547851562, 612.7457885742188, 1983.333984375
659.118896484375, 629.0146484375, 1983.333984375
666.58447265625, 645.1437377929688, 1983.333984375
674.0799560546875, 661.1350708007812, 1568.28271484375
681.604736328125, 676.994384765625, 235.5625457763672
689.1583862304688, 692.7142944335938, -1007.7371826171875
696.7403564453125, 708.2957763671875, -1762.4193115234375
704.35009765625, 723.747314453125, -3376.8798828125
711.987060546875, 739.0690307617188, -2963.892822265625
719.6508178710938, 752.5042114257812, -3232.07763671875
727.3407592773438, 751.6688842773438, -2511.056396484375
735.0563354492188, 722.4991455078125, -430.78778076171875
742.797119140625, 693.33056640625, 1983.333984375
750.5625, 669.476318359375, 1983.333984375
758.3519287109375, 669.4252319335938, 1983.333984375
766.1649169921875, 685.2059936523438, 1983.333984375
774.0009155273438, 700.8549194335938, 1983.333984375
781.8593139648438, 716.3662719726562, 1983.333984375
789.7396850585938, 731.7476806640625, 1983.333984375
797.6414794921875, 746.9991455078125, 1983.333984375
805.5640258789062, 762.1207885742188, 1983.333984375
813.5068969726562, 777.112548828125, 1983.333984375
821.4695434570312, 791.9742431640625, 1983.333984375
829.4513549804688, 806.7058715820312, 1983.333984375
837.4517822265625, 821.3097534179688, 1983.333984375
845.4703369140625, 835.793701171875, 1364.54736328125
853.5064086914062, 850.155517578125, 1008.8475952148438
861.5594482421875, 864.3895874023438, -22.55925178527832
869.62890625, 876.7440185546875, -318.5018615722656
877.7142944335938, 882.5228271484375, -335.568359375
885.81494140625, 885.9705200195312, -972.39111328125
893.9303588867188, 881.5906982421875, -151.574462890625
902.0599975585938, 878.1803588867188, 1003.5296630859375
910.2033081054688, 879.24560546875, 1983.333984375
918.359619140625, 885.763916015625, 1983.333984375
926.5285034179688, 899.697509765625, 1983.333984375
934.7092895507812, 913.5117797851562, 1983.333984375
942.9014892578125, 927.2056274414062, 1983.333984375
951.1045532226562, 940.779541015625, 1541.359130859375
959.3178100585938, 954.2357788085938, 534.587890625
967.5408325195312, 967.579833984375, -52.8022346496582
975.7728881835938, 980.8060302734375, -108.92940521240234
984.0135498046875, 993.9222412109375, -720.2285766601562
992.2622680664062, 1006.9285278320312, -1845.4315185546875
1000.518310546875, 1019.8253173828125, -3445.47314453125
1008.78125, 1032.611572265625, -2656.92919921875
1017.0504760742188, 1043.5208740234375, -2209.94677734375
1025.325439453125, 1040.6790771484375, -3339.185546875
1033.60546875, 1011.5093994140625, -125.9186019897461
1041.89013671875, 987.6835327148438, 1983.333984375
1050.1788330078125, 983.3036499023438, 1983.333984375
1058.470947265625, 982.6971435546875, 1983.333984375
1066.765869140625, 995.7929077148438, 1983.333984375
1075.0631103515625, 1008.7789306640625, 1983.333984375
1083.362060546875, 1021.6555786132812, 1983.333984375
1091.6622314453125, 1034.421630859375, 1983.333984375
1099.962890625, 1047.0777587890625, 1983.333984375
1108.2635498046875, 1059.6241455078125, 1983.333984375
1116.563720703125, 1072.0625, 1983.333984375
1124.8626708984375, 1084.398681640625, 1983.333984375
1133.159912109375, 1096.627197265625, 1983.333984375
1141.4549560546875, 1108.75341796875, 1983.333984375
1149.7470703125, 1120.7718505859375, 1983.333984375
1158.0357666015625, 1132.690185546875, 1983.333984375
1166.3204345703125, 1144.506591796875, 1983.333984375
1174.6005859375, 1156.2149658203125, 1983.333984375
1182.87548828125, 1167.8233642578125, 1983.333984375
1191.144775390625, 1179.333984375, 1944.8848876953125
1199.4078369140625, 1190.7525634765625, 1558.40380859375
1207.6639404296875, 1202.0709228515625, 851.8540649414062
1215.9127197265625, 1213.289306640625, 793.8563842773438
1224.1534423828125, 1224.4100341796875, 420.0448303222656
1232.3856201171875, 1233.6668701171875, -43.27231216430664
1240.608642578125, 1236.4228515625, 145.0531005859375
1248.822021484375, 1239.0787353515625, 962.65185546875
1257.025146484375, 1241.5025634765625, 1461.13427734375
1265.2174072265625, 1244.1881103515625, 1983.333984375
1273.3984375, 1248.626708984375, 1983.333984375
1281.5673828125, 1259.447021484375, 1983.333984375
1289.7237548828125, 1270.177490234375, 1983.333984375
1297.8671875, 1280.8157958984375, 1983.333984375
1305.9969482421875, 1291.3563232421875, 1983.333984375
1314.112548828125, 1301.806884765625, 1983.333984375
1322.21337890625, 1312.1673583984375, 1873.0555419921875
1330.298828125, 1322.4403076171875, 1528.017822265625
1338.368408203125, 1332.630859375, 967.4781494140625
1346.421630859375, 1342.7314453125, 1152.6180419921875
1354.4578857421875, 1352.7442626953125, 1112.11474609375
1362.4765625, 1362.6749267578125, 864.5466918945312
1370.4771728515625, 1370.7396240234375, 629.9305419921875
1378.4591064453125, 1372.31787109375, 1141.5811767578125
1386.4219970703125, 1373.8858642578125, 1419.0167236328125
1394.364990234375, 1375.4415283203125, 1983.333984375
1402.2877197265625, 1378.7567138671875, 1983.333984375
1410.189697265625, 1388.459228515625, 1983.333984375
1418.0703125, 1397.9688720703125, 1983.333984375
1425.928955078125, 1406.839599609375, 1983.333984375
1433.76513671875, 1415.0997314453125, 1983.333984375
1441.5782470703125, 1423.359619140625, 1983.333984375
1449.367919921875, 1431.6197509765625, 1983.333984375
1457.133544921875, 1439.8798828125, 1983.333984375
1464.87451171875, 1448.14013671875, 1983.333984375
1472.59033203125, 1456.400146484375, 1983.333984375
1480.280517578125, 1464.6602783203125, 1983.333984375
1487.9444580078125, 1472.92041015625, 1983.333984375
1495.5816650390625, 1481.1805419921875, 1983.333984375
1503.191650390625, 1489.440673828125, 1983.333984375
1510.77392578125, 1497.700927734375, 1983.333984375
1518.3277587890625, 1505.9609375, 1983.333984375
1525.8529052734375, 1514.2215576171875, 1983.333984375
1533.3486328125, 1522.4815673828125, 1983.333984375
1540.814453125, 1530.74169921875, 1983.333984375
1548.25, 1539.001708984375, 1983.333984375
1555.654541015625, 1547.2618408203125, 1923.54541015625
1563.0277099609375, 1555.52197265625, 1765.263916015625
1570.3690185546875, 1563.7821044921875, 1509.767822265625
1577.677978515625, 1572.0423583984375, 1158.215576171875
1584.9539794921875, 1580.3023681640625, 711.6381225585938
1592.196533203125, 1588.5626220703125, 1113.0281982421875
1599.4051513671875, 1596.82275390625, 431.950439453125
1606.5794677734375, 1603.2833251953125, 808.7381591796875
1613.71875, 1605.0833740234375, 835.7323608398438
1620.82275390625, 1613.343505859375, 729.0753784179688
1627.8907470703125, 1621.6033935546875, 491.3283386230469
1634.9224853515625, 1629.863525390625, 1066.9942626953125
1641.9173583984375, 1638.1236572265625, 527.01611328125
1648.874755859375, 1646.3837890625, 807.0542602539062
1655.79443359375, 1654.6439208984375, 919.7074584960938
1662.6759033203125, 1662.904052734375, 868.9720458984375
1669.5184326171875, 1671.164306640625, 658.5609130859375
1676.32177734375, 1679.4244384765625, 291.9732971191406
1683.08544921875, 1687.6846923828125, -227.5224151611328
1689.8089599609375, 1695.94482421875, -399.0771789550781
1696.4918212890625, 1702.402099609375, -536.2086791992188
1703.133544921875, 1701.446044921875, -294.6702880859375
1709.7337646484375, 1697.066162109375, 249.3759307861328
1716.2918701171875, 1693.642578125, 1908.622802734375
1722.8076171875, 1695.4468994140625, 1983.333984375
1729.2803955078125, 1703.706787109375, 1983.333984375
1735.7098388671875, 1711.966796875, 1983.333984375
1742.095458984375, 1720.226806640625, 1983.333984375
1748.4368896484375, 1728.4869384765625, 1983.333984375
1754.7335205078125, 1736.7470703125, 1983.333984375
1760.985107421875, 1745.0072021484375, 1983.333984375
1767.191162109375, 1753.267333984375, 1983.333984375
1773.351318359375, 1761.5274658203125, 1983.333984375
1779.4649658203125, 1769.7880859375, 1983.333984375
1785.5318603515625, 1778.0482177734375, 1820.386474609375
1791.551513671875, 1786.3084716796875, 1409.1981201171875
1797.5234375, 1794.5684814453125, 756.7185668945312
1803.4473876953125, 1802.8287353515625, 811.60546875
1809.3228759765625, 1811.0888671875, 590.8465576171875
1815.1494140625, 1817.540771484375, 309.5961608886719
1820.9267578125, 1817.541015625, 703.6641235351562
1826.6544189453125, 1817.5411376953125, 791.487060546875
1832.3319091796875, 1817.5411376953125, 1524.7188720703125
1837.958984375, 1819.3509521484375, 1983.333984375
1843.5352783203125, 1827.61083984375, 1983.333984375
1849.060302734375, 1835.870849609375, 1983.333984375
1854.53369140625, 1844.1309814453125, 1983.333984375
1859.9552001953125, 1852.39111328125, 1829.886474609375
1865.32421875, 1860.6512451171875, 1353.2598876953125
1870.6405029296875, 1868.911376953125, 563.5780029296875
1875.90380859375, 1877.171630859375, 412.5137939453125
1881.113525390625, 1885.4317626953125, -80.06631469726562
1886.26953125, 1893.69189453125, -405.447509765625
1891.3712158203125, 1901.9521484375, -1076.0067138671875
1896.41845703125, 1910.2122802734375, -2080.7158203125
1901.410888671875, 1916.6597900390625, -3201.691162109375
1906.3480224609375, 1915.6986083984375, -3591.48876953125
1911.2296142578125, 1911.318603515625, -2901.8203125
1916.0552978515625, 1906.9385986328125, -1193.043212890625
1920.8248291015625, 1902.55859375, 979.6185913085938
1925.5377197265625, 1898.178466796875, 1983.333984375
1930.1937255859375, 1894.7603759765625, 1983.333984375
1934.79248046875, 1896.574951171875, 1983.333984375
1939.3338623046875, 1904.8349609375, 1983.333984375
1943.8172607421875, 1913.094970703125, 1983.333984375
1948.24267578125, 1921.35498046875, 1983.333984375
1952.6094970703125, 1929.6151123046875, 1983.333984375
1956.9176025390625, 1937.8753662109375, 1983.333984375
1961.166748046875, 1946.135498046875, 1983.333984375
1965.3565673828125, 1954.3956298828125, 1983.333984375
1969.4866943359375, 1962.6558837890625, 1746.42626953125
1973.556884765625, 1970.916015625, 1041.8653564453125
1977.56689453125, 1979.17626953125, 828.2301635742188
1981.5164794921875, 1987.4364013671875, 131.97525024414062
1985.4052734375, 1993.8790283203125, -323.9035949707031
1989.233154296875, 1993.8792724609375, -318.8429260253906
1992.9996337890625, 1992.915283203125, -270.41912841796875
1996.7047119140625, 1988.5352783203125, 700.9253540039062
2000.347900390625, 1985.11962890625, 1489.46826171875
2003.9290771484375, 1985.11962890625, 1983.333984375
2007.447998046875, 1986.938720703125, 1983.333984375
2010.9044189453125, 1995.19873046875, 1983.333984375
2014.298095703125, 2003.458740234375, 1983.333984375
2017.628662109375, 2011.7188720703125, 1641.24169921875
2020.8961181640625, 2019.9791259765625, 744.8709716796875
2024.0999755859375, 2028.2391357421875, 256.7825927734375
2027.2403564453125, 2036.499267578125, -295.01385498046875
2030.316650390625, 2044.7593994140625, -1412.4674072265625
2033.3289794921875, 2053.01953125, -3074.65771484375
2036.2769775390625, 2061.27978515625, -2435.40478515625
2039.160400390625, 2069.5400390625, -2443.44921875
2041.9791259765625, 2077.80029296875, -3073.830322265625
2044.7330322265625, 2084.23828125, -4094.2412109375
2047.4217529296875, 2077.800048828125, -4019.050048828125
2050.045166015625, 2048.629638671875, -3135.242919921875
2052.603271484375, 2019.4591064453125, 837.739013671875
2055.095703125, 1995.7623291015625, 1983.333984375
2057.522216796875, 1992.3494873046875, 1983.333984375
2059.8828125, 1994.1737060546875, 1983.333984375
2062.17724609375, 2002.4337158203125, 1983.333984375
2064.405517578125, 2010.6937255859375, 1983.333984375
2066.567138671875, 2018.9541015625, 1983.333984375
2068.662353515625, 2027.2142333984375, 1983.333984375
2070.690673828125, 2035.474365234375, 1983.333984375
2072.652099609375, 2043.7344970703125, 1983.333984375
2074.546630859375, 2051.99462890625, 1983.333984375
2076.373779296875, 2060.254638671875, 1983.333984375
2078.134033203125, 2068.514892578125, 1983.333984375
2079.82666015625, 2076.77490234375, 1314.7071533203125
2081.45166015625, 2085.03515625, 862.2379150390625
2083.00927734375, 2093.29541015625, -334.64898681640625
2084.4990234375, 2099.72802734375, -1539.560546875
2085.9208984375, 2099.728271484375, -2521.44140625
2087.27490234375, 2098.7587890625, -3188.283935546875
2088.56103515625, 2094.37890625, -3173.2978515625
2089.77880859375, 2089.998779296875, -2518.425537109375
2090.928466796875, 2085.618896484375, -1263.4571533203125
2092.009765625, 2081.23876953125, 55.978912353515625
2093.02294921875, 2076.858642578125, 984.6080932617188
2093.967529296875, 2073.44873046875, 1983.333984375
2094.84375, 2075.27880859375, 1983.333984375
2095.651123046875, 2083.5390625, 1983.333984375
2096.39013671875, 2091.799072265625, 1490.9881591796875
2097.060546875, 2100.05908203125, 1096.73583984375
2097.662109375, 2108.319580078125, -154.2627410888672
2098.195068359375, 2116.57958984375, -1729.24951171875
2098.6591796875, 2124.840087890625, -1291.4544677734375
2099.054443359375, 2133.10009765625, -1775.646484375
2099.380859375, 2141.3603515625, -3143.577392578125
2099.638427734375, 2149.620849609375, -5358.9677734375
2099.8271484375, 2157.880859375, -7000.0
2099.947021484375, 2166.14111328125, -7000.0
2099.998046875, 2172.567626953125, -7000.0
2099.97998046875, 2166.09130859375, -7000.0
2099.893310546875, 2136.9208984375, -7000.0
2099.737548828125, 2107.75, -4219.28515625
2099.5126953125, 2078.579345703125, -1091.234130859375
2099.21923828125, 2049.408935546875, 1983.333984375
2098.85693359375, 2025.74609375, 1983.333984375
2098.42578125, 2024.174560546875, 1983.333984375
2097.92578125, 2032.4345703125, 1983.333984375
2097.35693359375, 2040.6947021484375, 1983.333984375
2096.719482421875, 2048.954833984375, 1983.333984375
2096.013427734375, 2057.21484375, 1983.333984375
2095.238525390625, 2065.47509765625, 1983.333984375
2094.395263671875, 2073.735595703125, 1983.333984375
2093.4833984375, 2081.99560546875, 1983.333984375
2092.503173828125, 2090.255859375, 1222.69677734375
2091.454345703125, 2098.51611328125, 376.833984375
2090.33740234375, 2106.776123046875, -1002.1004028320312
2089.152099609375, 2115.03662109375, -3393.04833984375
2087.898681640625, 2121.4580078125, -3716.52978515625
2086.5771484375, 2120.483154296875, -4063.4296875
2085.187744140625, 2110.582763671875, -3418.955322265625
2083.73046875, 2081.412109375, -2461.3515625
2082.205322265625, 2052.24169921875, 1114.4072265625
2080.612548828125, 2028.5933837890625, 1983.333984375
2078.9521484375, 2025.189208984375, 1983.333984375
2077.224365234375, 2027.0296630859375, 1983.333984375
2075.42919921875, 2035.2896728515625, 1983.333984375
2073.56689453125, 2043.5496826171875, 1983.333984375
2071.637451171875, 2051.809814453125, 1983.333984375
2069.64111328125, 2060.070068359375, 1983.333984375
2067.577880859375, 2068.330078125, 879.3277587890625
2065.447998046875, 2076.59033203125, -416.4592590332031
2063.251708984375, 2084.850341796875, -2346.349365234375
2060.98876953125, 2093.111083984375, -2557.843505859375
2058.659912109375, 2101.371337890625, -3970.6279296875
2056.264892578125, 2109.631591796875, -6532.18115234375
2053.803955078125, 2117.891845703125, -7000.0
2051.27734375, 2124.30810546875, -7000.0
2048.68505859375, 2117.79541015625, -7000.0
2046.027587890625, 2088.624755859375, -7000.0
2043.304931640625, 2059.4541015625, -5150.73193359375
2040.5172119140625, 2030.2835693359375, -3200.840087890625
2037.6646728515625, 2001.113037109375, 1165.6622314453125
2034.74755859375, 1977.4808349609375, 1983.333984375
2031.7659912109375, 1974.07958984375, 1983.333984375
2028.72021484375, 1975.92578125, 1983.333984375
2025.6104736328125, 1984.185791015625, 1983.333984375
2022.43701171875, 1992.44580078125, 1983.333984375
2019.199951171875, 2000.7060546875, 1983.333984375
2015.8995361328125, 2008.9661865234375, 1758.678466796875
2012.5360107421875, 2017.226318359375, 1157.0599365234375
2009.109619140625, 2025.486572265625, -254.1378631591797
2005.62060546875, 2033.746826171875, -2939.4169921875
2002.069091796875, 2042.0072021484375, -4015.97607421875
1998.45556640625, 2050.26708984375, -6397.5849609375
1994.780029296875, 2058.52734375, -7000.0
1991.04296875, 2066.78759765625, -7000.0
1987.244384765625, 2073.1982421875, -7000.0
1983.384765625, 2066.66552734375, -7000.0
1979.464111328125, 2037.4951171875, -7000.0
1975.4830322265625, 2008.324462890625, -7000.0
1971.4415283203125, 1979.15380859375, -4185.490234375
1967.340087890625, 1949.982177734375, -1468.844482421875
1963.1788330078125, 1920.8115234375, 1983.333984375
1958.9580078125, 1897.1983642578125, 1983.333984375
1954.6781005859375, 1895.65234375, 1983.333984375
1950.33935546875, 1903.9122314453125, 1983.333984375
1945.94189453125, 1912.17236328125, 1983.333984375
1941.4862060546875, 1920.4324951171875, 1983.333984375
1936.9725341796875, 1928.692626953125, 1912.4388427734375
1932.4012451171875, 1936.95263671875, 376.5839538574219
1927.7724609375, 1945.212890625, -1117.6650390625
1923.0867919921875, 1953.4730224609375, -1192.5185546875
1918.3443603515625, 1961.7332763671875, -2751.70654296875
1913.5455322265625, 1969.9935302734375, -5727.4814453125
1908.690673828125, 1978.253662109375, -7000.0
1903.780029296875, 1986.5137939453125, -7000.0
1898.81396484375, 1992.9189453125, -7000.0
1893.79296875, 1986.3671875, -7000.0
1888.71728515625, 1957.19677734375, -7000.0
1883.587158203125, 1928.026123046875, -7000.0
1878.4031982421875, 1898.8555908203125, -5643.89404296875
1873.1654052734375, 1869.68505859375, -1616.65966796875
1867.87451171875, 1840.514404296875, 675.9219970703125
1862.5306396484375, 1811.3438720703125, 1983.333984375
1857.1341552734375, 1790.588623046875, 1983.333984375
1851.685546875, 1798.8486328125, 1983.333984375
1846.1851806640625, 1807.108642578125, 1983.333984375
1840.6334228515625, 1815.36865234375, 1983.333984375
1835.0306396484375, 1823.62890625, 1983.333984375
1829.3770751953125, 1831.8890380859375, 677.2012939453125
1823.6734619140625, 1840.149169921875, -722.1021728515625
1817.9197998046875, 1848.4091796875, -3655.23583984375
1812.1168212890625, 1856.6693115234375, -5224.91650390625
1806.2646484375, 1864.929443359375, -7000.0
1800.3638916015625, 1873.189697265625, -7000.0
1794.414794921875, 1881.4498291015625, -7000.0
1788.41796875, 1887.8499755859375, -7000.0
1782.3736572265625, 1881.2802734375, -7000.0
1776.2822265625, 1852.1097412109375, -7000.0
1770.144287109375, 1822.939208984375, -7000.0
1763.960205078125, 1793.7686767578125, -6715.0888671875
1757.7303466796875, 1764.59814453125, -3819.02880859375
1751.4552001953125, 1735.427490234375, -1273.837646484375
1745.1351318359375, 1706.2569580078125, 1983.333984375
1738.7706298828125, 1682.6754150390625, 1983.333984375
1732.362060546875, 1681.145263671875, 1983.333984375
1725.909912109375, 1689.4051513671875, 1983.333984375
1719.4146728515625, 1697.6651611328125, 1983.333984375
1712.8768310546875, 1705.9251708984375, 1759.7822265625
1706.296630859375, 1714.1854248046875, 790.8078002929688
1699.6748046875, 1722.4454345703125, -1335.1002197265625
1693.011474609375, 1730.70556640625, -2236.3671875
1686.3074951171875, 1738.9658203125, -4805.140625
1679.56298828125, 1747.225830078125, -7000.0
1672.778564453125, 1755.486083984375, -7000.0
1665.95458984375, 1763.74658203125, -7000.0
1659.091796875, 1772.0067138671875, -7000.0
1652.1903076171875, 1778.4012451171875, -7000.0
1645.2508544921875, 1771.8114013671875, -7000.0
1638.2738037109375, 1742.6409912109375, -7000.0
1631.259765625, 1713.470458984375, -7000.0
1624.208984375, 1684.300048828125, -7000.0
1617.1221923828125, 1655.1295166015625, -7000.0
1609.999755859375, 1625.958984375, -5130.740234375
1602.8421630859375, 1596.787353515625, -835.6135864257812
1595.64990234375, 1567.616943359375, 1494.097412109375
1588.4234619140625, 1538.4462890625, 1983.333984375
1581.163330078125, 1517.7435302734375, 1983.333984375
1573.8701171875, 1526.00341796875, 1983.333984375
1566.5443115234375, 1534.2635498046875, 1983.333984375
1559.186279296875, 1542.5235595703125, 1983.333984375
1551.796630859375, 1550.7838134765625, 1079.470458984375
1544.3758544921875, 1559.043701171875, -133.9082489013672
1536.9244384765625, 1567.3037109375, -3084.702392578125
1529.4429931640625, 1575.5638427734375, -4863.52099609375
1521.931884765625, 1583.823974609375, -7000.0
1514.3917236328125, 1592.0841064453125, -7000.0
1506.822998046875, 1600.34423828125, -7000.0
1499.2261962890625, 1608.6043701171875, -7000.0
1491.6019287109375, 1614.992919921875, -7000.0
1483.95068359375, 1608.3822021484375, -7000.0
1476.2730712890625, 1579.2120361328125, -7000.0
1468.5694580078125, 1550.0416259765625, -7000.0
1460.8404541015625, 1520.8712158203125, -7000.0
1453.0865478515625, 1491.7008056640625, -7000.0
1445.308349609375, 1462.5303955078125, -5275.8525390625
1437.50634765625, 1433.3599853515625, -1192.459228515625
1429.6810302734375, 1404.1895751953125, 771.6901245117188
1421.8331298828125, 1375.019287109375, 1983.333984375
1413.962890625, 1354.720947265625, 1983.333984375
1406.0711669921875, 1364.632568359375, 1983.333984375
1398.1583251953125, 1374.4622802734375, 1983.333984375
1390.224853515625, 1384.2039794921875, 1483.4857177734375
1382.271484375, 1393.8638916015625, -55.62158966064453
1374.298583984375, 1403.1678466796875, -2838.128662109375
1366.306884765625, 1411.4820556640625, -4521.63330078125
1358.2967529296875, 1419.7421875, -7000.0
1350.268798828125, 1428.00244140625, -7000.0
1342.2236328125, 1436.2625732421875, -7000.0
1334.161865234375, 1444.522705078125, -7000.0
1326.0838623046875, 1452.78271484375, -7000.0
1317.9903564453125, 1459.165283203125, -7000.0
1309.8817138671875, 1452.5338134765625, -7000.0
1301.7586669921875, 1423.3636474609375, -7000.0
1293.621826171875, 1394.1932373046875, -7000.0
1285.471435546875, 1365.0230712890625, -7000.0
1277.3084716796875, 1335.851806640625, -7000.0
1269.1331787109375, 1306.681396484375, -7000.0
1260.9462890625, 1277.5113525390625, -5201.0263671875
1252.7481689453125, 1248.341064453125, -1091.896484375
1244.5396728515625, 1219.1708984375, 614.7615356445312
1236.3211669921875, 1190.000732421875, 1983.333984375
1228.09326171875, 1170.09521484375, 1983.333984375
1219.8565673828125, 1181.59228515625, 1983.333984375
1211.611572265625, 1192.9893798828125, 1983.333984375
1203.35888671875, 1204.2864990234375, 511.9067687988281
1195.09912109375, 1215.486083984375, -1328.747314453125
1186.832763671875, 1226.59326171875, -2468.362548828125
1178.5604248046875, 1237.60302734375, -5757.73583984375
1170.28271484375, 1248.5203857421875, -7000.0
1162.0001220703125, 1259.3399658203125, -7000.0
1153.7132568359375, 1270.069580078125, -7000.0
1145.4227294921875, 1280.709228515625, -7000.0
1137.1290283203125, 1291.2586669921875, -7000.0
1128.832763671875, 1299.8482666015625, -7000.0
1120.5345458984375, 1294.8856201171875, -7000.0
1112.2349853515625, 1265.715576171875, -7000.0
1103.9344482421875, 1236.5455322265625, -7000.0
1095.6336669921875, 1207.3753662109375, -7000.0
1087.333251953125, 1178.2052001953125, -7000.0
1079.03369140625, 1149.03515625, -7000.0
1070.7354736328125, 1119.864990234375, -7000.0
1062.439453125, 1090.695068359375, -6539.43603515625
1054.1458740234375, 1061.5250244140625, -3712.720458984375
1045.85546875, 1032.3551025390625, -1464.03369140625
1037.56884765625, 1003.1852416992188, 1081.4599609375
1029.2864990234375, 979.6782836914062, 1983.333984375
1021.009033203125, 979.30322265625, 1983.333984375
1012.7369995117188, 992.42822265625, 1983.333984375
1004.4710083007812, 1005.4429321289062, 312.16290283203125
996.2115478515625, 1018.3477172851562, -1719.1217041015625
987.9592895507812, 1031.142578125, -3231.3798828125
979.7147216796875, 1043.8275146484375, -7000.0
971.4784545898438, 1056.4024658203125, -7000.0
963.2510375976562, 1068.869873046875, -7000.0
955.0330200195312, 1081.2349853515625, -7000.0
946.8250122070312, 1093.489990234375, -7000.0
938.6275634765625, 1105.637451171875, -7000.0
930.4412231445312, 1117.6849365234375, -7000.0
922.2666015625, 1127.7557373046875, -7000.0
