440.22857666015625, 423.6924133300781, 789.4598388671875
434.01361083984375, 417.3804931640625, 602.2672729492188
427.84454345703125, 449.7521057128906, -1433.275146484375
421.7218017578125, 467.4005126953125, -3261.156982421875
415.6457824707031, 484.9170227050781, -7000.0
409.6169128417969, 502.27923583984375, -7000.0
403.6356201171875, 519.4881591796875, -7000.0
397.7023010253906, 536.555419921875, -7000.0
391.8173828125, 553.4725952148438, -7000.0
385.9812316894531, 570.2510375976562, -7000.0
380.1943054199219, 586.88134765625, -7000.0
374.45697021484375, 603.3737182617188, -7000.0
368.7696228027344, 619.728759765625, -7000.0
363.1326599121094, 635.9452514648438, -7000.0
357.5464782714844, 652.0226440429688, -7000.0
352.0114440917969, 659.7883911132812, -7000.0
346.5279541015625, 630.7047119140625, -7000.0
341.09637451171875, 601.5439453125, -7000.0
335.71710205078125, 572.383544921875, -7000.0
330.3904724121094, 543.2218627929688, -7000.0
325.11688232421875, 514.0594482421875, -7000.0
319.89666748046875, 484.89617919921875, -7000.0
314.730224609375, 455.73175048828125, -7000.0
309.61785888671875, 426.56689453125, -7000.0
304.55999755859375, 397.402099609375, -7000.0
299.5569152832031, 368.2377624511719, -7000.0
294.6089782714844, 339.0741882324219, -7000.0
289.716552734375, 309.9114074707031, -5609.470703125
284.87994384765625, 280.75048828125, -1503.7381591796875
280.0994873046875, 251.5916290283203, 588.4432373046875
275.37554931640625, 222.4360809326172, 1983.333984375
270.70843505859375, 233.7789764404297, 1983.333984375
266.09844970703125, 253.2714385986328, 1164.5257568359375
261.5458984375, 272.6103820800781, -1387.9765625
257.0511474609375, 291.79150390625, -1944.683349609375
252.61447143554688, 310.8042297363281, -5158.24462890625
248.23619079589844, 329.65814208984375, -7000.0
243.9165802001953, 348.3530578613281, -7000.0
239.65597534179688, 366.88861083984375, -7000.0
235.4546356201172, 385.26495361328125, -7000.0
231.3128662109375, 403.4816589355469, -7000.0
227.23095703125, 421.5387878417969, -7000.0
223.2091827392578, 439.4461975097656, -7000.0
219.24783325195312, 457.20391845703125, -7000.0
215.34715270996094, 466.62408447265625, -7000.0
211.50743103027344, 437.5052490234375, -7000.0
207.7289276123047, 408.3404541015625, -7000.0
204.0119171142578, 379.1766357421875, -7000.0
200.35662841796875, 350.0137634277344, -7000.0
196.76333618164062, 320.85198974609375, -7000.0
193.23226928710938, 291.692138671875, -7000.0
189.76368713378906, 262.5346984863281, -7000.0
186.35781860351562, 233.380615234375, -7000.0
183.01490783691406, 204.23138427734375, -5722.8037109375
179.7351837158203, 175.08934020996094, -1546.4552001953125
176.51885986328125, 145.95884704589844, 688.637939453125
173.3661651611328, 116.84740447998047, 1983.333984375
170.27731323242188, 129.1157989501953, 1983.333984375
167.25253295898438, 149.48997497558594, 1637.667724609375
164.29202270507812, 169.70135498046875, -384.09375
161.39598083496094, 189.7495880126953, -3079.9453125
158.56460571289062, 209.6326141357422, -5416.2802734375
155.79811096191406, 229.3488311767578, -7000.0
153.09666442871094, 248.89776611328125, -7000.0
150.46046447753906, 268.27923583984375, -7000.0
147.88967895507812, 287.4913330078125, -7000.0
145.38450622558594, 306.5445556640625, -7000.0
142.9451141357422, 325.438720703125, -7000.0
140.5716552734375, 344.16363525390625, -7000.0
138.26431274414062, 362.7290954589844, -7000.0
136.0232391357422, 372.9509582519531, -7000.0
133.84857177734375, 343.80157470703125, -7000.0
131.740478515625, 314.6406555175781, -7000.0
129.69911193847656, 285.48150634765625, -7000.0
127.72459411621094, 256.3249816894531, -7000.0
125.81707000732422, 227.17181396484375, -7000.0
123.97666931152344, 198.02383422851562, -7000.0
122.2035140991211, 168.88380432128906, -7000.0
120.49773406982422, 139.7566680908203, -5490.06640625
118.85945129394531, 110.65254974365234, -904.6514282226562
117.28876495361328, 81.59617614746094, 902.2344360351562
115.7857894897461, 52.66658020019531, 1983.333984375
114.35063171386719, 24.32327651977539, 1983.333984375
112.98338317871094, 44.938026428222656, 1983.333984375
111.68415069580078, 65.8233413696289, 1983.333984375
110.45301055908203, 86.65408325195312, 1983.333984375
109.29005432128906, 107.35662078857422, 736.606689453125
108.19535827636719, 127.90481567382812, -1016.3995361328125
107.16899871826172, 148.29833984375, -2311.183837890625
106.21105194091797, 168.5210723876953, -5968.3759765625
105.32157897949219, 188.57989501953125, -7000.0
104.50064086914062, 208.4730224609375, -7000.0
103.748291015625, 228.19931030273438, -7000.0
103.06459045410156, 247.7586669921875, -7000.0
102.4495849609375, 267.14508056640625, -7000.0
101.90330505371094, 278.1609191894531, -7000.0
101.4258041381836, 249.0056915283203, -7000.0
101.01710510253906, 219.85423278808594, -7000.0
100.67723846435547, 190.7082977294922, -7000.0
100.4062271118164, 161.57025146484375, -7000.0
100.20408630371094, 132.44760131835938, -6974.54931640625
100.07083892822266, 103.35218048095703, -3627.25341796875
100.00648498535156, 74.31597137451172, -1889.25244140625
100.01103973388672, 45.45256042480469, 1983.333984375
100.0844955444336, 17.653736114501953, 1983.333984375
100.22684478759766, 17.942995071411133, 1983.333984375
100.43807983398438, 38.167816162109375, 1983.333984375
100.71818542480469, 59.032081604003906, 1983.333984375
101.06714630126953, 79.89517974853516, 1982.05810546875
101.48493957519531, 100.64510345458984, 605.980224609375
101.9715347290039, 121.24645233154297, -1089.2086181640625
102.52689361572266, 141.6958770751953, -2154.7919921875
103.1509780883789, 161.97586059570312, -5420.1376953125
103.84375, 182.0928192138672, -7000.0
104.60516357421875, 202.03457641601562, -7000.0
105.4351577758789, 221.80978393554688, -7000.0
106.33367919921875, 241.41758728027344, -7000.0
107.30066680908203, 260.846923828125, -7000.0
108.3360595703125, 271.8809814453125, -7000.0
109.43977355957031, 242.72647094726562, -7000.0
110.61174011230469, 213.57606506347656, -7000.0
111.85188293457031, 184.43173217773438, -7000.0
113.16011047363281, 155.29733276367188, -7000.0
114.53633117675781, 126.17910766601562, -4615.47265625
115.98045349121094, 97.09256744384766, -1672.672607421875
117.49237823486328, 68.07825469970703, 1739.4857177734375
119.07200622558594, 39.334014892578125, 1983.333984375
120.7192153930664, 35.10700607299805, 1983.333984375
122.43389892578125, 55.94325637817383, 1983.333984375
124.2159423828125, 76.8183822631836, 1983.333984375
126.06521606445312, 97.59016418457031, 1983.333984375
127.98160552978516, 118.2177734375, 697.8988647460938
129.9649658203125, 138.6843719482422, -1681.3995361328125
132.01515197753906, 158.99293518066406, -1325.060302734375
134.13204956054688, 179.12892150878906, -3051.556640625
136.31549072265625, 199.09996032714844, -6729.56884765625
138.56533813476562, 218.90460205078125, -7000.0
140.8814239501953, 238.54196166992188, -7000.0
143.2635955810547, 258.0113830566406, -7000.0
145.71170043945312, 277.2963562011719, -7000.0
148.2255401611328, 288.1639404296875, -7000.0
150.8049774169922, 259.0075988769531, -7000.0
153.44979858398438, 229.85458374023438, -7000.0
156.15985107421875, 200.7063751220703, -7000.0
158.9349365234375, 171.56585693359375, -4736.83056640625
161.7748565673828, 142.43722534179688, -1749.6815185546875
164.67942810058594, 113.33031463623047, 1908.5220947265625
167.64845275878906, 84.32190704345703, 1983.333984375
170.6817169189453, 80.0207290649414, 1983.333984375
173.7790069580078, 100.76516723632812, 1983.333984375
176.9401092529297, 121.36419677734375, 1983.333984375
180.16482543945312, 141.80194091796875, 1983.333984375
183.45291137695312, 162.0811004638672, 1983.333984375
186.8041534423828, 182.19732666015625, 1100.93212890625
190.21832275390625, 202.138916015625, -1611.3868408203125
193.69517517089844, 221.91392517089844, -1407.26171875
197.23446655273438, 241.52154541015625, -3053.649658203125
200.83596801757812, 260.96112060546875, -6431.568359375
204.49942016601562, 280.2422180175781, -7000.0
208.22457885742188, 299.35455322265625, -7000.0
212.0111846923828, 318.28656005859375, -7000.0
215.85897827148438, 328.78009033203125, -7000.0
219.76768493652344, 299.6203308105469, -7000.0
223.73703002929688, 270.4626770019531, -7000.0
227.7667694091797, 241.30783081054688, -4847.50927734375
231.85659790039062, 212.15745544433594, -1822.4422607421875
236.00625610351562, 183.01315307617188, 1983.333984375
240.21543884277344, 153.9486083984375, 1983.333984375
244.48385620117188, 149.64517211914062, 1983.333984375
248.8112335205078, 169.8546600341797, 1983.333984375
253.19725036621094, 189.90171813964844, 1983.333984375
257.6416320800781, 209.78369140625, 1983.333984375
262.1440124511719, 229.49928283691406, 1983.333984375
266.70416259765625, 249.04725646972656, 1712.3170166015625
271.32171630859375, 268.4273681640625, 725.3134155273438
275.9963684082031, 287.638916015625, -120.24394226074219
280.727783203125, 306.6915588378906, -2563.4189453125
285.51568603515625, 325.57513427734375, -3672.039794921875
290.35968017578125, 344.2994384765625, -6314.34912109375
295.25946044921875, 362.8644104003906, -7000.0
300.2146911621094, 381.24359130859375, -7000.0
305.22503662109375, 391.1752014160156, -7000.0
310.2901306152344, 362.0121765136719, -7000.0
315.4096374511719, 332.8502502441406, -5297.96142578125
320.5832214355469, 303.6897888183594, -2576.79296875
325.8105163574219, 274.5315246582031, 1252.1519775390625
331.09112548828125, 245.4602508544922, 1983.333984375
336.42474365234375, 241.16526794433594, 1983.333984375
341.8109436035156, 260.6127014160156, 1983.333984375
347.2493896484375, 279.8925476074219, 1983.333984375
352.7397155761719, 317.9569396972656, 1734.6204833984375
363.87445068359375, 336.7506408691406, 1983.333984375
369.5180969238281, 355.38531494140625, 1408.6517333984375
375.2120666503906, 373.8604736328125, 359.6203308105469
380.9559631347656, 392.1761474609375, -422.5413818359375
386.7494201660156, 410.332275390625, -2580.812255859375
392.592041015625, 428.3387145996094, -3197.340087890625
398.4833679199219, 446.18548583984375, -5151.5791015625
404.42303466796875, 463.85137939453125, -7000.0
410.41064453125, 473.0505676269531, -7000.0
416.4457702636719, 443.885009765625, -6444.92626953125
422.5279846191406, 414.7200927734375, -1882.990478515625
428.6568908691406, 385.5558166503906, 1080.141357421875
434.83203125, 356.3926696777344, 1983.333984375
441.05303955078125, 327.4251403808594, 1983.333984375
447.3194274902344, 346.13800048828125, 1983.333984375
453.6307678222656, 364.69207763671875, 1983.333984375
459.9866638183594, 383.087646484375, 1983.333984375
466.38665771484375, 401.3232421875, 1983.333984375
472.830322265625, 419.3992614746094, 1983.333984375
479.31719970703125, 437.3258056640625, 1983.333984375
485.8468322753906, 455.1025695800781, 1983.333984375
492.41876220703125, 472.71966552734375, 1983.333984375
499.0325927734375, 490.18695068359375, 932.9542846679688
505.68780517578125, 507.50445556640625, -326.34918212890625
512.3839721679688, 524.672119140625, -1198.2677001953125
519.1206665039062, 541.663330078125, -3200.343017578125
525.8973388671875, 550.2944946289062, -2488.22900390625
532.7135620117188, 545.9153442382812, -3356.567626953125
539.5689086914062, 541.4229125976562, -2882.678466796875
546.4628295898438, 512.3697509765625, 163.59365844726562
553.3949584960938, 507.99041748046875, 1983.333984375
560.3646850585938, 503.6732482910156, 1983.333984375
567.37158203125, 512.7202758789062, 1983.333984375
574.4152221679688, 529.8470458984375, 1983.333984375
581.4950561523438, 546.8244018554688, 1983.333984375
588.6106567382812, 563.6632080078125, 1983.333984375
595.761474609375, 580.3511352539062, 1771.6268310546875
602.947021484375, 596.8992919921875, 515.02734375
610.1668090820312, 613.3074951171875, -772.3026123046875
617.4203491210938, 629.5758666992188, -1607.443115234375
624.7071533203125, 645.7108764648438, -3413.547607421875
632.0266723632812, 661.6992797851562, -3295.287841796875
639.3784790039062, 677.5478515625, -4155.42724609375
646.7620239257812, 693.2664184570312, -5926.52685546875
654.1767578125, 708.7996215820312, -7000.0
661.6222534179688, 715.8471069335938, -7000.0
669.0979614257812, 686.6786499023438, -5318.41455078125
676.6033325195312, 657.51025390625, -2349.7998046875
684.1378784179688, 628.342041015625, 1983.333984375
691.7010498046875, 599.31494140625, 1983.333984375
699.2923583984375, 595.0549926757812, 1983.333984375
706.9113159179688, 611.4724731445312, 1983.333984375
714.557373046875, 627.750244140625, 1983.333984375
722.2299194335938, 643.8883056640625, 1983.333984375
729.9285278320312, 659.8865966796875, 1983.333984375
737.6526489257812, 675.7549438476562, 1983.333984375
745.4017333984375, 691.4834594726562, 1983.333984375
753.17529296875, 707.0826416015625, 1983.333984375
760.97265625, 722.541259765625, 1983.333984375
768.79345703125, 737.8699340820312, 1983.333984375
776.6370239257812, 753.0686645507812, 1983.333984375
784.5029296875, 768.1375122070312, 1983.333984375
792.3905029296875, 783.0762939453125, 1271.3206787109375
800.29931640625, 797.8850708007812, 761.7608642578125
808.228759765625, 812.5640258789062, -480.4393310546875
816.1783447265625, 827.0716552734375, -1186.1710205078125
824.1474609375, 833.2858276367188, -1655.6700439453125
832.1355590820312, 835.3352661132812, -1421.955322265625
840.1421508789062, 830.95556640625, -989.2547607421875
848.1666259765625, 826.5757446289062, 837.194091796875
856.20849609375, 822.2249755859375, 1983.333984375
864.26708984375, 822.404541015625, 1983.333984375
872.3419799804688, 828.737060546875, 1983.333984375
880.4325561523438, 843.155517578125, 1983.333984375
888.5382690429688, 857.4541015625, 1983.333984375
896.6585083007812, 871.6229858398438, 1983.333984375
904.7927856445312, 885.671875, 1983.333984375
912.9404907226562, 899.600830078125, 1845.848388671875
921.1011352539062, 913.4098510742188, 1082.2974853515625
929.2740478515625, 927.0989990234375, 681.0809326171875
937.458740234375, 940.6781005859375, -304.1735534667969
945.6546630859375, 954.1372680664062, -742.785400390625
953.8612060546875, 967.486328125, -1748.0054931640625
962.0778198242188, 980.7154541015625, -3276.6181640625
970.3038940429688, 993.778564453125, -2456.113525390625
978.5389404296875, 998.5256958007812, -1277.3408203125
986.7823486328125, 993.9746704101562, -1519.4227294921875
995.0335693359375, 964.803955078125, 515.2041625976562
1003.2919921875, 935.8080444335938, 1983.333984375
1011.55712890625, 931.5543212890625, 1983.333984375
1019.8283081054688, 945.0928955078125, 1983.333984375
1028.1051025390625, 958.5117797851562, 1983.333984375
1036.38671875, 971.8206176757812, 1983.333984375
1044.6728515625, 985.0097045898438, 1983.333984375
1052.962646484375, 998.0887451171875, 1983.333984375
1061.255859375, 1011.0579223632812, 1983.333984375
1069.5516357421875, 1023.9171142578125, 1983.333984375
1077.8494873046875, 1036.6661376953125, 1983.333984375
1086.14892578125, 1049.305419921875, 1983.333984375
1094.44921875, 1061.834716796875, 1983.333984375
1102.75, 1074.2540283203125, 1983.333984375
1111.050537109375, 1086.572998046875, 1983.333984375
1119.350341796875, 1098.782470703125, 1983.333984375
1127.6488037109375, 1110.8917236328125, 1983.333984375
1135.9454345703125, 1122.890869140625, 1983.333984375
1144.239501953125, 1134.7906494140625, 1630.710205078125
1152.530517578125, 1146.5899658203125, 905.7464599609375
1160.81787109375, 1158.2891845703125, 780.1100463867188
1169.1011962890625, 1169.8885498046875, 292.5924072265625
1177.379638671875, 1181.3248291015625, -520.7518920898438
1185.6527099609375, 1184.52490234375, -709.6152954101562
1193.919921875, 1187.6810302734375, -300.933837890625
1202.1807861328125, 1187.7510986328125, 1024.8360595703125
1210.4344482421875, 1187.82470703125, 1983.333984375
1218.6805419921875, 1188.3653564453125, 1983.333984375
1226.91845703125, 1191.5697021484375, 1983.333984375
1235.147705078125, 1202.878662109375, 1983.333984375
1243.3675537109375, 1214.0877685546875, 1983.333984375
1251.5775146484375, 1225.20703125, 1983.333984375
1259.777099609375, 1236.226806640625, 1983.333984375
1267.9656982421875, 1247.1558837890625, 1983.333984375
1276.142578125, 1257.9857177734375, 1983.333984375
1284.3074951171875, 1268.72509765625, 1983.333984375
1292.4595947265625, 1279.37451171875, 1983.333984375
1300.5985107421875, 1289.933837890625, 1921.84228515625
1308.7235107421875, 1300.4031982421875, 1605.3778076171875
1316.834228515625, 1310.7825927734375, 1055.2767333984375
1324.929931640625, 1321.0723876953125, 291.6557922363281
1333.0101318359375, 1331.27197265625, 275.736328125
1341.0743408203125, 1341.381591796875, 36.441680908203125
1349.1219482421875, 1351.34130859375, -399.97760009765625
1357.15234375, 1353.091552734375, -94.01001739501953
1365.1649169921875, 1354.807373046875, 919.0360717773438
1373.159423828125, 1354.854736328125, 1848.9613037109375
1381.135009765625, 1355.7618408203125, 1983.333984375
1389.0911865234375, 1357.54248046875, 1983.333984375
1397.0274658203125, 1367.431640625, 1983.333984375
1404.943359375, 1377.2308349609375, 1983.333984375
1412.838134765625, 1386.9501953125, 1983.333984375
1420.71142578125, 1396.5843505859375, 1983.333984375
1428.5626220703125, 1405.548095703125, 1983.333984375
1436.39111328125, 1413.8082275390625, 1983.333984375
1444.1964111328125, 1422.0684814453125, 1983.333984375
1451.9781494140625, 1430.3284912109375, 1983.333984375
1459.7354736328125, 1438.588623046875, 1983.333984375
1467.4681396484375, 1446.848876953125, 1983.333984375
1475.1754150390625, 1455.10888671875, 1983.333984375
1482.8568115234375, 1463.3690185546875, 1983.333984375
1490.5118408203125, 1471.6290283203125, 1983.333984375
1498.1400146484375, 1479.88916015625, 1983.333984375
1505.74072265625, 1488.1492919921875, 1983.333984375
1513.3134765625, 1496.409423828125, 1983.333984375
1520.857666015625, 1504.6695556640625, 1983.333984375
1528.373046875, 1512.9298095703125, 1983.333984375
1535.8587646484375, 1521.18994140625, 1983.333984375
1543.314453125, 1529.4500732421875, 1983.333984375
1550.7396240234375, 1537.7120361328125, 1983.333984375
1558.1337890625, 1545.9720458984375, 1983.333984375
1565.496337890625, 1554.2322998046875, 1983.333984375
1572.8267822265625, 1562.492431640625, 1983.333984375
1580.124755859375, 1570.7525634765625, 1983.333984375
1587.3895263671875, 1579.012939453125, 1921.5894775390625
1594.6207275390625, 1587.2733154296875, 1745.174072265625
1601.8179931640625, 1595.5335693359375, 1455.9515380859375
1608.9805908203125, 1603.7943115234375, 1055.552734375
1616.1080322265625, 1612.0545654296875, 545.5686645507812
1623.199951171875, 1620.3145751953125, 869.496826171875
1630.255859375, 1628.57470703125, 1039.436767578125
1637.2752685546875, 1636.7520751953125, 1068.396484375
1644.257568359375, 1636.7523193359375, 952.9841918945312
1651.2025146484375, 1636.75244140625, 1638.1990966796875
1658.109375, 1636.836181640625, 1983.333984375
1664.977783203125, 1645.0960693359375, 1983.333984375
1671.8072509765625, 1653.356201171875, 1983.333984375
1678.5972900390625, 1661.6165771484375, 1983.333984375
1685.3475341796875, 1669.876708984375, 1983.333984375
1692.057373046875, 1678.1365966796875, 1983.333984375
1698.7264404296875, 1686.397216796875, 1983.333984375
1705.3543701171875, 1694.6575927734375, 1983.333984375
1711.9404296875, 1702.9178466796875, 1983.333984375
1718.484375, 1711.17822265625, 1799.5843505859375
1724.9857177734375, 1719.4384765625, 1423.761962890625
1731.444091796875, 1727.698486328125, 860.552734375
1737.8587646484375, 1735.958740234375, 1056.408203125
1744.2296142578125, 1744.2188720703125, 1026.2760009765625
1750.5560302734375, 1752.390625, 786.4989624023438
1756.837646484375, 1752.390869140625, 335.5954895019531
1763.0740966796875, 1752.3909912109375, 621.0084228515625
1769.2647705078125, 1752.4803466796875, 1590.470703125
1775.4093017578125, 1760.7403564453125, 1983.333984375
1781.50732421875, 1769.0003662109375, 1983.333984375
1787.558349609375, 1777.2603759765625, 1983.333984375
1793.56201171875, 1785.5205078125, 1884.0645751953125
1799.5179443359375, 1793.780517578125, 1526.0635986328125
1805.4256591796875, 1802.040771484375, 916.7635498046875
1811.28466796875, 1810.3009033203125, 1005.2385864257812
1817.0947265625, 1818.561279296875, 808.9141235351562
1822.85546875, 1826.8214111328125, 336.3860778808594
1828.5662841796875, 1835.0816650390625, -404.2493896484375
1834.2269287109375, 1843.341796875, -907.5287475585938
1839.8370361328125, 1851.5096435546875, -1678.3419189453125
1845.3961181640625, 1851.4608154296875, -1768.7218017578125
1850.9039306640625, 1847.0809326171875, -722.937255859375
1856.35986328125, 1842.700927734375, 898.480224609375
1861.7637939453125, 1838.32080078125, 1983.333984375
1867.115234375, 1833.9903564453125, 1983.333984375
1872.4136962890625, 1834.0841064453125, 1983.333984375
1877.6590576171875, 1842.34423828125, 1983.333984375
1882.850830078125, 1850.604248046875, 1983.333984375
1887.988525390625, 1858.8642578125, 1983.333984375
1893.072021484375, 1867.12451171875, 1983.333984375
1898.1009521484375, 1875.3843994140625, 1983.333984375
1903.0748291015625, 1883.6446533203125, 1983.333984375
1907.9932861328125, 1891.90478515625, 1983.333984375
1912.856201171875, 1900.1649169921875, 1983.333984375
1917.6630859375, 1908.4251708984375, 1983.333984375
1922.41357421875, 1916.685302734375, 1619.8388671875
1927.107421875, 1924.9454345703125, 866.4096069335938
1931.7442626953125, 1933.2060546875, 678.0465087890625
1936.32373046875, 1941.4661865234375, 77.8882827758789
1940.845703125, 1949.6287841796875, -411.078857421875
1945.3096923828125, 1949.62890625, -364.6513977050781
1949.7154541015625, 1949.576904296875, -308.1254577636719
1954.0626220703125, 1945.197021484375, 744.3873901367188
1958.3509521484375, 1940.8692626953125, 1788.277099609375
1962.5802001953125, 1940.869384765625, 1983.333984375
1966.75, 1940.9686279296875, 1983.333984375
1970.8599853515625, 1949.228759765625, 1983.333984375
1974.9100341796875, 1957.48876953125, 1983.333984375
1978.8997802734375, 1965.7489013671875, 1983.333984375
1982.8289794921875, 1974.0091552734375, 1973.9232177734375
1986.6973876953125, 1982.2691650390625, 1462.39111328125
1990.504638671875, 1990.529296875, 466.8445129394531
1994.2506103515625, 1998.78955078125, -53.44552993774414
1997.934814453125, 2007.0496826171875, -573.58056640625
2001.5572509765625, 2015.310302734375, -1598.4932861328125
2005.1175537109375, 2023.5704345703125, -3110.01416015625
2008.6156005859375, 2031.8306884765625, -2264.687744140625
2012.0509033203125, 2039.9879150390625, -2002.0098876953125
2015.42333984375, 2039.6239013671875, -1324.7564697265625
2018.7327880859375, 2010.4532470703125, -288.2612609863281
2021.97900390625, 1981.282958984375, 1983.333984375
2025.1614990234375, 1952.4791259765625, 1983.333984375
2028.2803955078125, 1952.583251953125, 1983.333984375
2031.3353271484375, 1960.84326171875, 1983.333984375
2034.3260498046875, 1969.1033935546875, 1983.333984375
2037.2523193359375, 1977.3634033203125, 1983.333984375
2040.1141357421875, 1985.6236572265625, 1983.333984375
2042.9111328125, 1993.8837890625, 1983.333984375
2045.64306640625, 2002.143798828125, 1983.333984375
2048.31005859375, 2010.404052734375, 1983.333984375
2050.911376953125, 2018.6641845703125, 1983.333984375
2053.447509765625, 2026.9244384765625, 1983.333984375
2055.917724609375, 2035.1846923828125, 1983.333984375
2058.322265625, 2043.44482421875, 1983.333984375
2060.66064453125, 2051.704833984375, 1983.333984375
2062.932861328125, 2059.965087890625, 1304.843994140625
2065.138671875, 2068.22509765625, 909.5047607421875
2067.278076171875, 2076.4853515625, -166.5527801513672
2069.350830078125, 2084.637451171875, -1386.71484375
2071.356689453125, 2084.6376953125, -2316.248291015625
2073.295654296875, 2084.580078125, -2970.77392578125
2075.167724609375, 2080.2001953125, -2877.02783203125
2076.972412109375, 2075.81982421875, -2080.13525390625
2078.709716796875, 2071.439697265625, -622.9373168945312
2080.3798828125, 2067.0595703125, 956.0109252929688
2081.982177734375, 2062.6796875, 1983.333984375
2083.51708984375, 2058.358154296875, 1983.333984375
2084.98388671875, 2058.46875, 1983.333984375
2086.383056640625, 2066.72900390625, 1983.333984375
2087.71435546875, 2074.989013671875, 1983.333984375
2088.9775390625, 2083.2490234375, 1620.942626953125
2090.17236328125, 2091.50927734375, 468.0530090332031
2091.299072265625, 2099.769287109375, -3.6658263206481934
2092.357666015625, 2108.029541015625, -1275.9515380859375
2093.34765625, 2116.289794921875, -3316.655517578125
2094.269287109375, 2124.550048828125, -3268.902099609375
2095.12255859375, 2132.81005859375, -4071.215576171875
2095.906982421875, 2141.0703125, -5688.9443359375
2096.623046875, 2149.33056640625, -7000.0
2097.270263671875, 2157.47705078125, -7000.0
2097.848876953125, 2157.073974609375, -7000.0
2098.358642578125, 2127.903564453125, -6683.7529296875
2098.799560546875, 2098.73291015625, -2994.444580078125
2099.171875, 2069.562255859375, 567.314453125
2099.47509765625, 2040.3916015625, 1983.333984375
2099.70947265625, 2011.628662109375, 1983.333984375
2099.875244140625, 2011.74462890625, 1983.333984375
2099.971923828125, 2020.004638671875, 1983.333984375
2099.999755859375, 2028.2647705078125, 1983.333984375
2099.95849609375, 2036.5247802734375, 1983.333984375
2099.8486328125, 2044.784912109375, 1983.333984375
2099.669677734375, 2053.044921875, 1983.333984375
2099.421875, 2061.304931640625, 1983.333984375
2099.105224609375, 2069.565185546875, 1983.333984375
2098.7197265625, 2077.825439453125, 1983.333984375
2098.265380859375, 2086.085693359375, 1983.333984375
2097.742431640625, 2094.34619140625, 1354.0482177734375
2097.150634765625, 2102.606201171875, 685.2752075195312
2096.489990234375, 2110.866455078125, -473.2017517089844
2095.760986328125, 2119.00732421875, -2588.829833984375
2094.963134765625, 2118.94384765625, -1856.4178466796875
2094.0966796875, 2114.56396484375, -3584.7470703125
2093.161865234375, 2109.82373046875, -1964.862548828125
2092.15869140625, 2081.014404296875, -70.02967834472656
2091.0869140625, 2076.272216796875, 710.2454833984375
2089.947021484375, 2047.4642333984375, 1983.333984375
2088.73876953125, 2043.26953125, 1983.333984375
2087.462646484375, 2051.529541015625, 1983.333984375
2086.1181640625, 2059.78955078125, 1983.333984375
2084.7060546875, 2068.049560546875, 1983.333984375
2083.225830078125, 2076.309814453125, 1756.7926025390625
2081.677978515625, 2084.56982421875, 419.1252136230469
2080.0625, 2092.829833984375, -541.9677734375
2078.379638671875, 2101.090087890625, -2592.9384765625
2076.629150390625, 2109.350341796875, -2860.754638671875
2074.8115234375, 2117.610595703125, -4268.53662109375
2072.926513671875, 2125.870849609375, -6766.96875
2070.974609375, 2134.130859375, -7000.0
2068.955810546875, 2142.26708984375, -7000.0
2066.8701171875, 2141.828125, -7000.0
2064.718017578125, 2112.6572265625, -7000.0
2062.499267578125, 2083.48681640625, -5704.5263671875
2060.21435546875, 2054.31640625, -1397.0
2057.863037109375, 2025.1456298828125, 1498.3126220703125
2055.44580078125, 1995.974853515625, 1983.333984375
2052.962890625, 1967.375, 1983.333984375
2050.414306640625, 1975.635009765625, 1983.333984375
2047.8001708984375, 1983.8951416015625, 1983.333984375
2045.12060546875, 1992.1551513671875, 1983.333984375
2042.3760986328125, 2000.415771484375, 1983.333984375
2039.5665283203125, 2008.6759033203125, 1983.333984375
2036.6923828125, 2016.9361572265625, 1983.333984375
2033.7535400390625, 2025.1962890625, 1944.3895263671875
2030.75048828125, 2033.4564208984375, 618.3820190429688
2027.6832275390625, 2041.7166748046875, -497.78631591796875
2024.552001953125, 2049.976806640625, -2861.839599609375
2021.357177734375, 2058.237060546875, -3592.384033203125
2018.0987548828125, 2066.36767578125, -5589.7880859375
2014.777099609375, 2065.9091796875, -7000.0
2011.3924560546875, 2036.73876953125, -6203.6259765625
2007.945068359375, 2007.568359375, -2503.243896484375
2004.43505859375, 1978.3975830078125, 624.7425537109375
2000.8626708984375, 1949.215087890625, 1983.333984375
1997.228271484375, 1920.51953125, 1983.333984375
1993.5321044921875, 1920.654296875, 1983.333984375
1989.7742919921875, 1928.914306640625, 1983.333984375
1985.9552001953125, 1937.1741943359375, 1983.333984375
1982.0750732421875, 1945.434326171875, 1983.333984375
1978.1341552734375, 1953.6944580078125, 1983.333984375
1974.1326904296875, 1961.9544677734375, 1983.333984375
1970.071044921875, 1970.2147216796875, 948.3563842773438
1965.949462890625, 1978.47509765625, -12.025350570678711
1961.7681884765625, 1986.7352294921875, -2348.242431640625
1957.527587890625, 1994.995361328125, -3172.028564453125
1953.2279052734375, 2003.2554931640625, -5392.03125
1948.869384765625, 2011.5157470703125, -7000.0
1944.4522705078125, 2019.6380615234375, -7000.0
1939.9771728515625, 2019.1507568359375, -7000.0
1935.444091796875, 1989.9801025390625, -7000.0
1930.8533935546875, 1960.8095703125, -6731.51806640625
1926.20556640625, 1931.63916015625, -3670.03466796875
1921.500732421875, 1902.468505859375, -787.9321899414062
1916.7392578125, 1873.2978515625, 1983.333984375
1911.921630859375, 1844.5462646484375, 1983.333984375
1907.0479736328125, 1840.3802490234375, 1983.333984375
1902.1187744140625, 1848.64013671875, 1983.333984375
1897.13427734375, 1856.900146484375, 1983.333984375
1892.0948486328125, 1865.1602783203125, 1983.333984375
1887.000732421875, 1873.42041015625, 1983.333984375
1881.8525390625, 1881.680419921875, 984.1211547851562
1876.650390625, 1889.9405517578125, -65.93785095214844
1871.394775390625, 1898.20068359375, -2610.30322265625
1866.0860595703125, 1906.4609375, -3754.073486328125
1860.7244873046875, 1914.7210693359375, -6399.59130859375
1855.310546875, 1922.9814453125, -7000.0
1849.844482421875, 1931.2415771484375, -7000.0
1844.3267822265625, 1939.3587646484375, -7000.0
1838.7578125, 1938.8533935546875, -7000.0
1833.137939453125, 1909.682861328125, -7000.0
1827.467529296875, 1880.512451171875, -7000.0
1821.7470703125, 1851.341796875, -6690.6123046875
1815.976806640625, 1822.1712646484375, -3718.69970703125
1810.1572265625, 1793.0006103515625, -1049.2969970703125
1804.2886962890625, 1763.830078125, 1983.333984375
1798.3717041015625, 1735.094482421875, 1983.333984375
1792.4066162109375, 1730.936767578125, 1983.333984375
1786.3936767578125, 1739.196533203125, 1983.333984375
1780.33349609375, 1747.45654296875, 1983.333984375
1774.2265625, 1755.7169189453125, 1983.333984375
1768.072998046875, 1763.97705078125, 1432.99609375
1761.87353515625, 1772.2371826171875, 197.14923095703125
1755.62841796875, 1780.497314453125, -2139.174560546875
1749.338134765625, 1788.757568359375, -3197.65625
1743.0030517578125, 1797.0177001953125, -5873.55126953125
1736.6236572265625, 1805.27783203125, -7000.0
1730.200439453125, 1813.5379638671875, -7000.0
1723.73388671875, 1821.798095703125, -7000.0
1717.2242431640625, 1829.9097900390625, -7000.0
1710.672119140625, 1829.38427734375, -7000.0
1704.077880859375, 1800.2138671875, -7000.0
1697.4420166015625, 1771.0423583984375, -7000.0
1690.7650146484375, 1741.871826171875, -7000.0
1684.04736328125, 1712.7012939453125, -6583.48583984375
1677.2894287109375, 1683.53076171875, -3622.853271484375
1670.49169921875, 1654.3602294921875, -1075.847412109375
1663.6546630859375, 1625.189697265625, 1983.333984375
1656.7786865234375, 1596.4727783203125, 1983.333984375
1649.864501953125, 1592.3245849609375, 1983.333984375
1642.912353515625, 1600.58447265625, 1983.333984375
1635.9228515625, 1608.844482421875, 1983.333984375
1628.8963623046875, 1617.1044921875, 1983.333984375
1621.83349609375, 1625.3646240234375, 559.5131225585938
1614.734619140625, 1633.6246337890625, -1110.99853515625
1607.600341796875, 1641.884765625, -1633.8028564453125
1600.4310302734375, 1650.14501953125, -3896.293212890625
1593.227294921875, 1658.4051513671875, -7000.0
1585.989501953125, 1666.665283203125, -7000.0
1578.71826171875, 1674.9254150390625, -7000.0
1571.4139404296875, 1683.185546875, -7000.0
1564.0772705078125, 1691.291259765625, -7000.0
1556.7086181640625, 1690.7449951171875, -7000.0
1549.3084716796875, 1661.5745849609375, -7000.0
1541.8773193359375, 1632.404296875, -7000.0
1534.415771484375, 1603.2337646484375, -7000.0
1526.9241943359375, 1574.0633544921875, -7000.0
1519.4033203125, 1544.892822265625, -6221.95556640625
1511.853515625, 1515.722412109375, -3008.523681640625
1504.2752685546875, 1486.552001953125, -310.7003173828125
1496.6693115234375, 1457.3814697265625, 1983.333984375
1489.035888671875, 1428.6824951171875, 1983.333984375
1481.375732421875, 1424.5430908203125, 1983.333984375
1473.689208984375, 1432.802978515625, 1983.333984375
1465.97705078125, 1441.0628662109375, 1983.333984375
1458.2396240234375, 1449.3228759765625, 1983.333984375
1450.4775390625, 1457.5830078125, 1091.895263671875
1442.6912841796875, 1465.8428955078125, -1093.6053466796875
1434.88134765625, 1474.10302734375, -2182.962646484375
1427.0484619140625, 1482.3631591796875, -5059.60888671875
1419.1929931640625, 1490.623291015625, -7000.0
1411.3155517578125, 1498.8837890625, -7000.0
1403.4166259765625, 1507.1439208984375, -7000.0
1395.4967041015625, 1515.4044189453125, -7000.0
1387.5565185546875, 1523.5035400390625, -7000.0
1379.5965576171875, 1522.9344482421875, -7000.0
1371.6173095703125, 1493.76416015625, -7000.0
1363.6192626953125, 1464.5938720703125, -7000.0
1355.6031494140625, 1435.423583984375, -7000.0
1347.5694580078125, 1406.2530517578125, -7000.0
1339.5185546875, 1377.0828857421875, -7000.0
1331.4512939453125, 1347.911376953125, -5189.24853515625
1323.3680419921875, 1318.740966796875, -1055.5325927734375
1315.2694091796875, 1289.57080078125, 755.8327026367188
1307.1558837890625, 1260.4005126953125, 1983.333984375
1299.028076171875, 1232.02734375, 1983.333984375
1290.8865966796875, 1242.9853515625, 1983.333984375
1282.73193359375, 1253.853515625, 1983.333984375
1274.5648193359375, 1264.6314697265625, 1813.8358154296875
1266.385498046875, 1275.3095703125, 447.1539001464844
1258.19482421875, 1285.8978271484375, -2227.603759765625
1249.9931640625, 1296.3961181640625, -4082.499755859375
1241.78125, 1306.804443359375, -7000.0
1233.5595703125, 1317.122802734375, -7000.0
1225.32861328125, 1327.351318359375, -7000.0
1217.089111328125, 1337.4996337890625, -7000.0
1208.8414306640625, 1347.557861328125, -7000.0
1200.5863037109375, 1357.3607177734375, -7000.0
1192.32421875, 1358.4354248046875, -7000.0
1184.0557861328125, 1329.2652587890625, -7000.0
1175.7816162109375, 1300.0950927734375, -7000.0
1167.502197265625, 1270.9249267578125, -7000.0
1159.2181396484375, 1241.7548828125, -7000.0
1150.929931640625, 1212.584716796875, -7000.0
1142.6383056640625, 1183.4144287109375, -7000.0
1134.34375, 1154.2431640625, -5583.19189453125
1126.0467529296875, 1125.0731201171875, -1848.448974609375
1117.7479248046875, 1095.9029541015625, 313.8544921875
1109.447998046875, 1066.7330322265625, 1983.333984375
1101.1473388671875, 1038.256591796875, 1983.333984375
1092.8465576171875, 1042.855224609375, 1983.333984375
1084.54638671875, 1055.442626953125, 1983.333984375
1076.2471923828125, 1067.920166015625, 1437.324951171875
1067.94970703125, 1080.2879638671875, -492.2958068847656
1059.6544189453125, 1092.5556640625, -889.2435913085938
1051.36181640625, 1104.7135009765625, -3606.850830078125
1043.0726318359375, 1116.771240234375, -7000.0
1034.787353515625, 1128.71923828125, -7000.0
1026.506591796875, 1140.567138671875, -7000.0
1018.2308959960938, 1152.3150634765625, -7000.0
1009.9608154296875, 1163.9630126953125, -7000.0
1001.6969604492188, 1175.5111083984375, -7000.0
993.4398803710938, 1186.7867431640625, -7000.0
985.1901245117188, 1189.2657470703125, -7000.0
976.9483032226562, 1160.0958251953125, -7000.0
968.7149047851562, 1130.92578125, -7000.0
960.4906005859375, 1101.755859375, -7000.0
952.27587890625, 1072.5859375, -7000.0
944.0713500976562, 1043.4158935546875, -7000.0
935.8775634765625, 1014.2459106445312, -7000.0
927.6951293945312, 985.0760498046875, -7000.0
919.5244750976562, 955.90625, -7000.0
911.3663330078125, 926.7365112304688, -5065.21826171875
903.22119140625, 897.56689453125, -3647.250244140625
895.0895385742188, 868.3972778320312, -1062.8240966796875
886.9720458984375, 839.7593994140625, 1983.333984375
878.8692626953125, 835.4765014648438, 1983.333984375
870.7816772460938, 835.92236328125, 1983.333984375
862.7098999023438, 850.2789916992188, 1694.3424072265625
854.6544799804688, 864.515869140625, -175.74159240722656
846.6159057617188, 878.6341552734375, -3313.997314453125
838.5948486328125, 892.6212768554688, -5987.875
830.591796875, 906.4886474609375, -7000.0
822.6072998046875, 920.2459106445312, -7000.0
814.6419067382812, 933.8831787109375, -7000.0
806.6962280273438, 947.4004516601562, -7000.0
798.7706909179688, 960.7980346679688, -7000.0
790.8659057617188, 974.08544921875, -7000.0
782.9824829101562, 987.2628173828125, -7000.0
775.120849609375, 1000.1402587890625, -7000.0
767.2816162109375, 1004.1535034179688, -7000.0
759.46533203125, 974.9839477539062, -7000.0
751.6724853515625, 945.8143310546875, -7000.0
743.9036865234375, 916.6447143554688, -7000.0
736.1593627929688, 887.4751586914062, -7000.0
728.4401245117188, 858.3056030273438, -7000.0
720.7465209960938, 829.1361694335938, -7000.0
713.0789794921875, 799.9668579101562, -7000.0
705.4381713867188, 770.7975463867188, -7000.0
697.8245239257812, 741.6284790039062, -7000.0
690.2385864257812, 712.4595336914062, -5849.12939453125
682.6808471679688, 683.290771484375, -2282.39990234375
675.1519165039062, 654.1221313476562, -623.1281127929688
667.6522216796875, 624.9537353515625, 1983.333984375
660.1823120117188, 596.4940795898438, 1983.333984375
652.7427368164062, 599.1986083984375, 1983.333984375
645.333984375, 615.583740234375, 1983.333984375
637.95654296875, 631.8292236328125, 759.7908935546875
630.6109008789062, 647.9349365234375, -743.182373046875
623.2976684570312, 663.9010620117188, -2009.1015625
616.0172729492188, 679.737060546875, -5857.40478515625
608.7702026367188, 695.4332885742188, -7000.0
601.5569458007812, 710.9896850585938, -7000.0
594.3780517578125, 726.4161987304688, -7000.0
587.2340087890625, 741.7127685546875, -7000.0
580.1253051757812, 756.87939453125, -7000.0
573.0524291992188, 771.9159545898438, -7000.0
566.015869140625, 786.6354370117188, -7000.0
559.0160522460938, 792.4075927734375, -7000.0
552.0535278320312, 763.2386474609375, -7000.0
545.1287841796875, 734.06982421875, -7000.0
538.2422485351562, 704.9010009765625, -7000.0
531.3944702148438, 675.732421875, -7000.0
524.5858154296875, 646.56396484375, -7000.0
517.8168334960938, 617.3946533203125, -7000.0
511.08795166015625, 588.2265625, -7000.0
504.3996276855469, 559.0577392578125, -7000.0
497.75238037109375, 529.890380859375, -6983.14306640625
491.1466064453125, 500.7233581542969, -4384.77685546875
484.5827941894531, 471.5567932128906, -2155.421875
478.0613708496094, 442.3907775878906, 967.8274536132812
471.58282470703125, 413.80426025390625, 1983.333984375
465.1475524902344, 409.7576599121094, 1983.333984375
458.75604248046875, 419.7660827636719, 1983.333984375
452.4087219238281, 437.68914794921875, 1555.226806640625
446.1059875488281, 455.4525451660156, -646.8204345703125
439.8483581542969, 473.06634521484375, -1070.9371337890625
433.63616943359375, 490.5306091308594, -4183.77880859375
427.46990966796875, 507.8450622558594, -7000.0
421.3500061035156, 525.0100708007812, -7000.0
415.27685546875, 542.0349731445312, -7000.0
409.2508544921875, 558.9102783203125, -7000.0
403.2724914550781, 575.6454467773438, -7000.0
397.34210205078125, 592.23095703125, -7000.0
391.46014404296875, 608.6766357421875, -7000.0
385.62701416015625, 624.7871704101562, -7000.0
379.84307861328125, 631.8782958984375, -7000.0
374.1087951660156, 602.7105102539062, -7000.0
368.42449951171875, 573.5429077148438, -7000.0
362.7906188964844, 544.3754272460938, -7000.0
357.2075500488281, 515.208251953125, -7000.0
351.6756591796875, 486.0415344238281, -7000.0
346.1953125, 456.875244140625, -7000.0
340.76690673828125, 427.7096252441406, -7000.0
335.3908386230469, 398.54473876953125, -7000.0
330.0674133300781, 369.3808288574219, -7000.0
324.79705810546875, 340.2181091308594, -5066.72021484375
319.58013916015625, 311.0569152832031, -3315.045654296875
314.4169616699219, 281.89776611328125, -647.0072631835938
309.30792236328125, 253.34425354003906, 1983.333984375
304.2533874511719, 249.20423889160156, 1983.333984375
299.2536315917969, 254.9217529296875, 1983.333984375
294.30908203125, 274.2471618652344, 1983.333984375
289.4200439453125, 293.4143981933594, 217.9866180419922
284.58685302734375, 312.41339111328125, -2455.16552734375
279.8098449707031, 331.25421142578125, -4872.05810546875
275.08935546875, 349.9350891113281, -7000.0
270.42572021484375, 368.456787109375, -7000.0
265.8192138671875, 386.8189697265625, -7000.0
261.27020263671875, 405.0218505859375, -7000.0
256.77899169921875, 423.0748596191406, -7000.0
252.34585571289062, 440.9683837890625, -7000.0
247.97113037109375, 458.712646484375, -7000.0
243.65512084960938, 476.0932922363281, -7000.0
239.3981170654297, 484.3876647949219, -7000.0
235.20040893554688, 455.221923828125, -7000.0
231.06228637695312, 426.056640625, -7000.0
226.98402404785156, 396.89093017578125, -7000.0
222.96592712402344, 367.727294921875, -7000.0
219.00827026367188, 338.56463623046875, -7000.0
215.11129760742188, 309.4035949707031, -7000.0
211.27529907226562, 280.24456787109375, -7000.0
207.50054931640625, 251.0883026123047, -7000.0
203.7872772216797, 221.9359130859375, -5373.18408203125
200.13577270507812, 192.78909301757812, -907.244873046875
196.5462646484375, 163.65089416503906, 635.4822387695312
193.0189971923828, 134.52688598632812, 1983.333984375
189.55422973632812, 106.68463134765625, 1983.333984375
186.15219116210938, 127.23403930664062, 1983.333984375
182.81312561035156, 147.63046264648438, 1983.333984375
179.53726196289062, 167.85751342773438, 956.31298828125
176.32481384277344, 187.92144775390625, -1724.03125
173.17601013183594, 207.81988525390625, -2248.360107421875
170.091064453125, 227.55152893066406, -5359.46484375
167.0701904296875, 247.11578369140625, -7000.0
164.1136016845703, 266.51190185546875, -7000.0
161.22149658203125, 285.7397155761719, -7000.0
158.39407348632812, 304.8084411621094, -7000.0
155.63153076171875, 323.7083740234375, -7000.0
152.93406677246094, 342.23876953125, -7000.0
150.30184936523438, 351.6202697753906, -7000.0
147.7350616455078, 322.458984375, -7000.0
145.23390197753906, 293.2994384765625, -7000.0
142.7985076904297, 264.1412353515625, -7000.0
140.42909240722656, 234.98724365234375, -7000.0
138.1257781982422, 205.83763122558594, -7000.0
135.8887481689453, 176.69508361816406, -7000.0
133.7181396484375, 147.56375122070312, -4872.02099609375
131.61410522460938, 118.4518814086914, -2579.012451171875
129.57681274414062, 89.37858581542969, 772.6654052734375
127.60636901855469, 61.0390625, 1983.333984375
125.70293426513672, 57.14909744262695, 1983.333984375
123.86663055419922, 70.09481811523438, 1983.333984375
122.09757995605469, 90.89974212646484, 1983.333984375
120.39591979980469, 111.57183837890625, 586.1810913085938
118.76174926757812, 132.0883331298828, -429.5911560058594
117.1951904296875, 152.44871520996094, -1081.873291015625
115.69634246826172, 172.637939453125, -4186.66650390625
114.26532745361328, 192.66336059570312, -7000.0
112.9022216796875, 212.52284240722656, -7000.0
111.60713195800781, 232.2152557373047, -7000.0
110.3801498413086, 251.73989868164062, -7000.0
109.22135162353516, 271.0962829589844, -7000.0
108.13082122802734, 290.2842712402344, -7000.0
107.10863494873047, 309.095947265625, -7000.0
106.15486145019531, 318.7159423828125, -7000.0
105.26956176757812, 289.5568542480469, -7000.0
104.45280456542969, 260.4001159667969, -7000.0
103.70464324951172, 231.24658203125, -7000.0
103.02513122558594, 202.09808349609375, -7000.0
102.414306640625, 172.95668029785156, -7000.0
101.87222290039062, 143.82725524902344, -7000.0
101.39891815185547, 114.71890258789062, -4804.16015625
100.9944076538086, 85.65319061279297, -2252.286865234375
100.65873718261719, 56.695648193359375, 565.9168090820312
100.39192962646484, 28.81808853149414, 1983.333984375
100.1939926147461, 25.313003540039062, 1983.333984375
100.06494140625, 45.95783615112305, 1983.333984375
100.00479125976562, 66.84795379638672, 1983.333984375
100.01354217529297, 87.67822265625, 973.9881591796875
100.09120178222656, 108.37760162353516, -1391.2452392578125
100.23774719238281, 128.92190551757812, -1239.0802001953125
100.45318603515625, 149.3014678955078, -3406.31298828125
100.73749542236328, 169.5199737548828, -7000.0
101.09065246582031, 189.57498168945312, -7000.0
101.51264190673828, 209.45376586914062, -7000.0
102.00342559814453, 229.16561889648438, -7000.0
102.56297302246094, 248.71009826660156, -7000.0
103.19125366210938, 267.87200927734375, -7000.0
103.8882064819336, 277.80712890625, -7000.0
104.65380096435547, 248.65187072753906, -7000.0
105.48797607421875, 219.5004425048828, -7000.0
106.39067840576172, 190.35450744628906, -7000.0
107.3618392944336, 161.2176513671875, -7000.0
108.40139770507812, 132.09410095214844, -5995.85546875
109.50927734375, 102.9991226196289, -1576.752685546875
110.6854019165039, 73.96397399902344, 379.0091857910156
111.92969512939453, 45.10440444946289, 1983.333984375
113.24207305908203, 18.55945587158203, 1983.333984375
114.6224365234375, 38.840606689453125, 1983.333984375
116.0707015991211, 59.70991516113281, 1983.333984375
117.58675384521484, 80.57144165039062, 1983.333984375
119.17050170898438, 101.31803131103516, 1612.6588134765625
120.82183074951172, 121.9154052734375, 47.79026412963867
122.5406265258789, 142.35079956054688, -1685.451171875
124.32676696777344, 162.6263427734375, -2625.177490234375
126.18014526367188, 182.72903442382812, -5609.16552734375
128.10061645507812, 202.66627502441406, -7000.0
130.08804321289062, 222.43698120117188, -7000.0
132.14231872558594, 242.040283203125, -7000.0
134.26327514648438, 261.24530029296875, -7000.0
136.4507598876953, 271.1985168457031, -7000.0
138.70465087890625, 242.04403686523438, -7000.0
141.0247802734375, 212.89364624023438, -7000.0
143.41098022460938, 183.74940490722656, -7000.0
145.8630828857422, 154.61520385742188, -4290.41162109375
148.3809356689453, 125.49745178222656, -915.9064331054688
150.96435546875, 96.41189575195312, 1983.333984375
153.61317443847656, 68.09825897216797, 1983.333984375
156.3271942138672, 64.46798706054688, 1983.333984375
159.10623168945312, 85.30335235595703, 1983.333984375
161.95010375976562, 106.01605224609375, 1983.333984375
164.85861206054688, 126.57769012451172, 1983.333984375
167.83155822753906, 146.97499084472656, 1983.333984375
170.86871337890625, 167.2118682861328, 979.4088134765625
173.96990966796875, 187.28530883789062, -63.514896392822266
177.13490295410156, 207.18344116210938, -2971.26318359375
180.3634796142578, 226.91476440429688, -4797.72705078125
183.65542602539062, 246.4788055419922, -7000.0
187.01051330566406, 265.88433837890625, -7000.0
190.4285125732422, 285.1213684082031, -7000.0
193.9091796875, 303.9539794921875, -7000.0
197.4522705078125, 313.5311584472656, -7000.0
201.05755615234375, 284.3724670410156, -7000.0
204.7247772216797, 255.21624755859375, -7000.0
208.4536895751953, 226.0634765625, -5312.10693359375
212.24403381347656, 196.9160614013672, -2762.677001953125
216.09555053710938, 167.77633666992188, 641.379150390625
220.00796508789062, 139.36814880371094, 1983.333984375
223.9810028076172, 135.71409606933594, 1983.333984375
228.014404296875, 156.04359436035156, 1983.333984375
232.10789489746094, 176.20220947265625, 1983.333984375
236.2611846923828, 196.19696044921875, 1983.333984375
240.47398376464844, 216.02609252929688, 1983.333984375
244.7460174560547, 235.6881103515625, 715.9520874023438
249.07696533203125, 255.1826171875, -1263.5147705078125
253.466552734375, 274.50909423828125, -3084.848876953125
257.9144592285156, 293.67657470703125, -3674.43212890625
262.42041015625, 312.6753234863281, -5893.9130859375
266.98406982421875, 331.5150146484375, -7000.0
271.6051025390625, 350.1954040527344, -7000.0
276.2832336425781, 368.47479248046875, -7000.0
281.0180969238281, 377.4834289550781, -7000.0
285.8094177246094, 348.3208923339844, -7000.0
290.6568298339844, 319.15966796875, -6563.5537109375
295.55999755859375, 290.0000915527344, -2249.3857421875
300.5185852050781, 260.8430480957031, 1164.611328125
305.53228759765625, 231.6891632080078, 1983.333984375
310.6007080078125, 203.7491912841797, 1983.333984375
315.7235412597656, 215.5703887939453, 1983.333984375
320.900390625, 235.23049926757812, 1983.333984375
326.1309509277344, 254.72372436523438, 1983.333984375
331.414794921875, 274.04937744140625, 1983.333984375
336.7516174316406, 293.2164306640625, 1983.333984375
342.14105224609375, 312.21484375, 1983.333984375
347.5826721191406, 331.0544128417969, 1659.8387451171875
353.0761413574219, 349.73486328125, 802.9829711914062
358.62109375, 368.2557373046875, -1478.4525146484375
364.21710205078125, 386.6170654296875, -3448.084716796875
369.86383056640625, 404.8191833496094, -3930.2724609375
375.56085205078125, 422.871337890625, -5802.6806640625
381.30780029296875, 440.51800537109375, -7000.0
387.104248046875, 448.9114685058594, -7000.0
392.9498291015625, 419.7464904785156, -6370.97900390625
398.8441467285156, 390.5822448730469, -1760.2984619140625
404.7867431640625, 361.4175720214844, 1204.36669921875
410.7772521972656, 332.2554016113281, 1983.333984375
416.81524658203125, 304.5516357421875, 1983.333984375
422.90032958984375, 323.4593505859375, 1983.333984375
429.0320739746094, 342.2080993652344, 1983.333984375
435.21002197265625, 360.7885437011719, 1983.333984375
441.4338073730469, 379.21942138671875, 1983.333984375
447.70294189453125, 397.49078369140625, 1983.333984375
454.01702880859375, 415.6030578613281, 1983.333984375
460.3756103515625, 433.56536865234375, 1983.333984375
466.7782897949219, 451.3682861328125, 1646.7760009765625
473.224609375, 469.02142333984375, 1003.5565795898438
479.7140808105469, 486.5247802734375, -851.1096801757812
486.2463073730469, 503.8783874511719, -2308.1884765625
492.8208312988281, 520.8308715820312, -2054.04736328125
499.4371643066406, 529.2939453125, -2023.911865234375
506.09490966796875, 524.15283203125, -3471.048583984375
512.7935791015625, 494.9861145019531, -740.7877807617188
519.5326538085938, 466.583251953125, 1983.333984375
526.311767578125, 462.2039489746094, 1983.333984375
533.1304321289062, 458.5035400390625, 1983.333984375
539.9880981445312, 476.09576416015625, 1983.333984375
546.8843994140625, 493.5463562011719, 1983.333984375
553.8187866210938, 510.8394775390625, 1983.333984375
560.7908325195312, 527.9830322265625, 1983.333984375
567.7999877929688, 544.9769897460938, 1983.333984375
574.8458862304688, 561.8309326171875, 1479.489013671875
581.9279174804688, 578.5352783203125, 857.8721923828125
589.045654296875, 595.0997314453125, -797.7237548828125
596.1985473632812, 611.5244140625, -1994.3394775390625
603.38623046875, 627.8089599609375, -1346.0743408203125
610.6080932617188, 643.9537963867188, -1751.5003662109375
617.8636474609375, 659.6991577148438, -3108.33740234375
625.1524658203125, 666.2083740234375, -4308.0185546875
632.4739990234375, 637.039306640625, -1271.2711181640625
639.8277587890625, 607.871337890625, 600.36962890625
647.2131958007812, 578.7035522460938, 1983.333984375
654.6298217773438, 551.0044555664062, 1983.333984375
662.0772094726562, 567.7982177734375, 1983.333984375
669.5546875, 584.452392578125, 1983.333984375
677.0618286132812, 600.9664916992188, 1983.333984375
684.59814453125, 617.3414306640625, 1983.333984375
692.1630859375, 633.575927734375, 1983.333984375
699.756103515625, 649.6705932617188, 1983.333984375
707.376708984375, 665.6254272460938, 1983.333984375
715.0244140625, 681.4406127929688, 1983.333984375
722.6986083984375, 697.1255493164062, 1983.333984375
730.3988037109375, 712.6708984375, 1983.333984375
738.1244506835938, 728.086181640625, 1300.5443115234375
745.875, 743.3716430664062, 746.5444946289062
753.6500244140625, 758.527099609375, -609.642822265625
761.4488525390625, 773.2867431640625, -1416.9698486328125
769.27099609375, 779.817138671875, -2035.9891357421875
777.115966796875, 781.0878295898438, -1871.5804443359375
784.9832153320312, 776.7081909179688, -313.7160949707031
792.8721313476562, 772.328369140625, 364.0804138183594
800.7822265625, 767.9486083984375, 1983.333984375
808.712890625, 764.2003784179688, 1983.333984375
816.6636352539062, 779.17529296875, 1983.333984375
824.6339721679688, 794.0204467773438, 1983.333984375
832.6232299804688, 808.7357177734375, 1983.333984375
840.6309204101562, 823.3214721679688, 1983.333984375
848.6564331054688, 837.7876586914062, 1502.669189453125
856.6993408203125, 852.133544921875, 338.69146728515625
864.7589721679688, 866.3497924804688, -515.7189331054688
872.8348388671875, 880.446044921875, -844.06640625
880.9263305664062, 894.42236328125, -1829.4976806640625
889.0328979492188, 908.2786254882812, -3423.678955078125
897.154052734375, 922.014892578125, -2754.5341796875
905.2891845703125, 935.3609619140625, -2715.201904296875
