2086.153076171875, 2088.41650390625, -122.28455352783203
2088.77001953125, 2096.6396484375, -509.4423522949219
2089.9765625, 2089.831298828125, -453.5422668457031
2091.11474609375, 2106.302490234375, -797.9144287109375
2093.186279296875, 2114.5478515625, -2699.42724609375
2094.119384765625, 2131.05078125, -1351.4732666015625
2095.780029296875, 2135.608642578125, -2514.4287109375
2096.507568359375, 2122.540283203125, -2039.330810546875
2097.166259765625, 2064.19775390625, -46.36132049560547
2098.27783203125, 2035.028564453125, 1983.333984375
2098.730224609375, 2018.92578125, 1983.333984375
2099.114013671875, 2030.8895263671875, 1983.333984375
2099.675048828125, 2039.151123046875, 1983.333984375
2099.852294921875, 2055.672119140625, 1983.333984375
2099.999755859375, 2063.931396484375, 1983.333984375
2099.97021484375, 2080.44775390625, 1983.333984375
2099.70458984375, 2088.705322265625, 1983.333984375
2099.46826171875, 2105.219482421875, 626.4461059570312
2098.789306640625, 2113.476318359375, -562.2835693359375
2098.3466796875, 2121.733154296875, -2687.260498046875
2097.8349609375, 2124.31884765625, -3557.578369140625
2096.605712890625, 2119.935791015625, -2700.72900390625
2095.88818359375, 2115.552734375, -1467.6600341796875
2095.101806640625, 2070.87841796875, 4.360467433929443
2093.323486328125, 2041.7056884765625, 1983.333984375
2092.331787109375, 2029.3223876953125, 1983.333984375
2090.14306640625, 2037.5809326171875, 1983.333984375
2088.946533203125, 2054.09912109375, 1983.333984375
2086.3486328125, 2062.358154296875, 1983.333984375
2084.94775390625, 2070.617431640625, 1983.333984375
2083.479248046875, 2087.136474609375, 744.9306640625
2080.338623046875, 2095.396728515625, -494.5408630371094
2078.666748046875, 2103.656494140625, -2808.65771484375
2076.927734375, 2120.176513671875, -1806.840087890625
2073.24755859375, 2124.7275390625, -4260.7099609375
2071.306884765625, 2082.45654296875, -1349.4925537109375
2067.224853515625, 2053.2861328125, 336.5306396484375
2065.083984375, 2008.0484619140625, 1983.333984375
2060.6025390625, 2008.0484619140625, 1983.333984375
2058.262451171875, 2011.759765625, 1983.333984375
2055.8564453125, 2028.2799072265625, 1983.333984375
2050.8466796875, 2036.5400390625, 1983.333984375
2048.24365234375, 2044.80029296875, 1359.2314453125
2045.5750732421875, 2061.320556640625, 402.3004150390625
2040.0428466796875, 2069.580810546875, -2477.38427734375
2037.179443359375, 2086.10107421875, -1816.8489990234375
2031.2591552734375, 2094.361328125, -5600.5673828125
2028.20263671875, 2107.167724609375, -6502.98193359375
2021.89794921875, 2094.04833984375, -7000.0
2018.6502685546875, 2064.8779296875, -7000.0
2015.3392333984375, 2035.707275390625, -5633.8486328125
2011.965087890625, 1977.365966796875, -2862.52734375
2005.0286865234375, 1948.1954345703125, 1983.333984375
2001.466796875, 1931.4866943359375, 1983.333984375
1994.156982421875, 1939.74658203125, 1983.333984375
1990.409423828125, 1956.266845703125, 1983.333984375
1982.730712890625, 1964.52685546875, 1983.333984375
1978.800048828125, 1981.0472412109375, 825.3453979492188
1970.7572021484375, 1989.3074951171875, -818.3482055664062
1966.6456298828125, 2005.8280029296875, -2509.867431640625
1958.24365234375, 2014.088134765625, -5428.64892578125
1953.953857421875, 2022.348388671875, -7000.0
1949.6051025390625, 2013.75, -6984.56787109375
1940.7325439453125, 1984.579345703125, -7000.0
1936.2091064453125, 1955.40771484375, -5500.36083984375
1931.628173828125, 1897.0665283203125, -2738.033203125
1922.2945556640625, 1867.89599609375, 1983.333984375
1917.5426025390625, 1851.212890625, 1983.333984375
1907.8701171875, 1859.472900390625, 1983.333984375
1902.9501953125, 1875.9930419921875, 1983.333984375
1892.9447021484375, 1884.253173828125, 1959.156494140625
1887.8597412109375, 1892.5133056640625, 408.90911865234375
1882.7205810546875, 1909.03369140625, -607.7650146484375
1872.2808837890625, 1917.2938232421875, -2382.4326171875
1866.98095703125, 1925.553955078125, -5620.248046875
1861.6282958984375, 1942.0743408203125, -6606.8212890625
1850.7657470703125, 1946.6090087890625, -7000.0
1845.2567138671875, 1904.281005859375, -6691.77197265625
1834.0849609375, 1875.1104736328125, -6907.962890625
1827.2510986328125, 1840.112060546875, -4688.060546875
1821.5286865234375, 1810.9415283203125, -2721.9609375
1815.756591796875, 1781.77099609375, 383.72021484375
1809.9351806640625, 1768.73974609375, 1983.333984375
1804.0648193359375, 1772.5889892578125, 1983.333984375
1798.1458740234375, 1780.8489990234375, 1983.333984375
1792.178955078125, 1789.1090087890625, 1315.68505859375
1786.164306640625, 1797.369140625, -10.190350532531738
1780.102294921875, 1805.6292724609375, -2411.3505859375
1773.9935302734375, 1813.889404296875, -3510.638671875
1767.8382568359375, 1822.1495361328125, -6204.73583984375
1761.6370849609375, 1830.409912109375, -7000.0
1755.39013671875, 1838.669921875, -7000.0
1749.09814453125, 1846.93017578125, -7000.0
1742.761474609375, 1855.1903076171875, -7000.0
1736.38037109375, 1863.450439453125, -7000.0
1729.95556640625, 1866.329833984375, -7000.0
1723.4873046875, 1847.3265380859375, -7000.0
1716.97607421875, 1818.156005859375, -7000.0
1710.4222412109375, 1788.985595703125, -7000.0
1703.8265380859375, 1759.8150634765625, -7000.0
1697.1890869140625, 1730.6444091796875, -7000.0
1690.510498046875, 1701.473876953125, -4558.89599609375
1683.791259765625, 1672.30322265625, -2496.45947265625
1677.0318603515625, 1643.1328125, 587.7479858398438
1670.2325439453125, 1630.1182861328125, 1983.333984375
1663.39404296875, 1633.976318359375, 1983.333984375
1656.5167236328125, 1642.2362060546875, 1983.333984375
1649.60107421875, 1650.496337890625, 861.3197021484375
1642.6474609375, 1658.75634765625, -505.86468505859375
1635.656494140625, 1667.0164794921875, -3550.119384765625
1628.628662109375, 1675.276611328125, -5365.79736328125
1621.564453125, 1683.5367431640625, -7000.0
1614.4642333984375, 1691.796875, -7000.0
1607.3284912109375, 1700.0570068359375, -7000.0
1600.157958984375, 1708.3172607421875, -7000.0
1592.952880859375, 1716.577392578125, -7000.0
1585.7137451171875, 1724.8375244140625, -7000.0
1578.4412841796875, 1727.7113037109375, -7000.0
1571.1358642578125, 1708.687255859375, -7000.0
1563.7978515625, 1679.5167236328125, -7000.0
1556.427978515625, 1650.34619140625, -7000.0
1549.026611328125, 1621.17578125, -7000.0
1541.5943603515625, 1592.00537109375, -7000.0
1534.131591796875, 1562.834716796875, -6589.6748046875
1526.6390380859375, 1533.6644287109375, -3718.75927734375
1519.116943359375, 1504.493896484375, -1340.1654052734375
1511.5660400390625, 1475.3232421875, 1953.8201904296875
1503.98681640625, 1462.3275146484375, 1983.333984375
1496.3797607421875, 1466.1947021484375, 1983.333984375
1488.745361328125, 1474.4547119140625, 1983.333984375
1481.0841064453125, 1482.71484375, 776.5042724609375
1473.396728515625, 1490.974853515625, -755.2319946289062
1465.6834716796875, 1499.2349853515625, -1212.2249755859375
1457.9451904296875, 1507.4949951171875, -3477.311767578125
1450.18212890625, 1515.755615234375, -7000.0
1442.3948974609375, 1524.015625, -7000.0
1434.584228515625, 1532.27587890625, -7000.0
1426.7503662109375, 1540.535888671875, -7000.0
1418.89404296875, 1548.7960205078125, -7000.0
1411.0157470703125, 1557.05615234375, -7000.0
1403.115966796875, 1559.923583984375, -7000.0
1395.1954345703125, 1540.877685546875, -7000.0
1387.2545166015625, 1511.7071533203125, -7000.0
1379.293701171875, 1482.5369873046875, -7000.0
1371.313720703125, 1453.3665771484375, -7000.0
1363.3150634765625, 1424.196044921875, -7000.0
1355.2982177734375, 1395.0257568359375, -7000.0
1347.2637939453125, 1365.85546875, -5432.89599609375
1339.21240234375, 1336.6849365234375, -1527.23583984375
1331.1444091796875, 1307.5145263671875, 1030.6278076171875
1323.060546875, 1278.3443603515625, 1983.333984375
1314.9613037109375, 1269.8359375, 1983.333984375
1306.8472900390625, 1277.633056640625, 1983.333984375
1298.718994140625, 1288.2041015625, 1903.55029296875
1290.5770263671875, 1298.685302734375, 648.7003173828125
1282.421875, 1309.0765380859375, -1916.071533203125
1274.254150390625, 1319.3778076171875, -3640.063232421875
1266.074462890625, 1329.5889892578125, -7000.0
1257.88330078125, 1339.716796875, -7000.0
1249.681396484375, 1349.7581787109375, -7000.0
1241.468994140625, 1359.70947265625, -7000.0
1233.2469482421875, 1369.577392578125, -7000.0
1225.015625, 1379.358642578125, -7000.0
1216.7757568359375, 1389.0565185546875, -7000.0
1208.52783203125, 1393.3212890625, -7000.0
1200.2724609375, 1374.7386474609375, -7000.0
1192.0101318359375, 1345.568359375, -7000.0
1183.7415771484375, 1316.398193359375, -7000.0
1175.4671630859375, 1287.22802734375, -7000.0
1167.1875, 1258.0577392578125, -7000.0
1158.9033203125, 1228.8875732421875, -7000.0
1150.614990234375, 1199.7171630859375, -7000.0
1142.3231201171875, 1170.5469970703125, -6535.86083984375
1134.0284423828125, 1141.376953125, -3705.873779296875
1125.7314453125, 1112.206787109375, -1454.8331298828125
1117.4326171875, 1083.0369873046875, 1169.50634765625
1109.132568359375, 1070.07958984375, 1983.333984375
1100.8319091796875, 1076.64794921875, 1983.333984375
1092.53125, 1088.9423828125, 915.8751220703125
1084.23095703125, 1101.130126953125, -546.312744140625
1075.931884765625, 1113.2147216796875, -1441.9775390625
1067.6343994140625, 1125.1990966796875, -4614.05908203125
1059.3392333984375, 1137.0772705078125, -7000.0
1051.0467529296875, 1148.8519287109375, -7000.0
1042.7576904296875, 1160.526611328125, -7000.0
1034.47265625, 1172.10107421875, -7000.0
1026.1920166015625, 1183.5758056640625, -7000.0
1017.9165649414062, 1206.2320556640625, -7000.0
1001.3831176757812, 1212.056884765625, -7000.0
993.1262817382812, 1193.9888916015625, -7000.0
984.8767700195312, 1164.81884765625, -7000.0
976.63525390625, 1135.6488037109375, -7000.0
968.4022216796875, 1106.478759765625, -7000.0
960.1782836914062, 1077.308837890625, -7000.0
951.9639282226562, 1048.1376953125, -7000.0
943.7598266601562, 1018.9678344726562, -7000.0
935.5664672851562, 989.7979736328125, -7000.0
927.3843994140625, 960.6281127929688, -7000.0
919.2142944335938, 931.4583129882812, -4707.431640625
911.0565795898438, 902.2886352539062, -2951.005126953125
902.9119262695312, 873.119140625, -41.73743438720703
894.7808227539062, 860.183837890625, 1983.333984375
886.6638793945312, 862.3334350585938, 1983.333984375
878.5616455078125, 873.5033569335938, 873.3097534179688
870.4746704101562, 887.5342407226562, -605.3446044921875
862.4035034179688, 901.4452514648438, -1699.64697265625
854.3486938476562, 915.236328125, -5239.45947265625
846.3108520507812, 928.9140625, -7000.0
838.2904052734375, 942.475341796875, -7000.0
830.2880859375, 955.9165649414062, -7000.0
822.3042602539062, 969.2444458007812, -7000.0
814.3396606445312, 982.4622802734375, -7000.0
806.3946533203125, 995.5635986328125, -7000.0
798.469970703125, 1008.551513671875, -7000.0
790.5659790039062, 1021.4293823242188, -7000.0
782.683349609375, 1028.8302001953125, -7000.0
774.8225708007812, 1011.2777099609375, -7000.0
766.9841918945312, 982.1079711914062, -7000.0
759.1688232421875, 952.938232421875, -7000.0
751.3768310546875, 923.7686157226562, -7000.0
743.6089477539062, 894.5990600585938, -7000.0
735.8656005859375, 865.4293823242188, -7000.0
728.1473388671875, 836.2598876953125, -7000.0
720.4546508789062, 807.0906372070312, -7000.0
712.7881469726562, 777.9213256835938, -7000.0
705.1483764648438, 748.7521362304688, -7000.0
697.5357666015625, 719.583251953125, -5829.291015625
689.9508666992188, 690.4144287109375, -2246.82373046875
682.3942260742188, 661.2446899414062, -568.6865234375
674.8663940429688, 632.076171875, 1983.333984375
667.3678588867188, 623.8545532226562, 1983.333984375
659.8991088867188, 635.4122314453125, 1983.333984375
652.4606323242188, 651.4890747070312, 1130.9749755859375
645.0531005859375, 667.4261474609375, -968.2904052734375
637.6768188476562, 683.22998046875, -2789.48291015625
630.3324584960938, 698.8974609375, -7000.0
623.0204467773438, 714.4320068359375, -7000.0
615.7412719726562, 729.8297119140625, -7000.0
608.4954833984375, 745.0938720703125, -7000.0
601.2835083007812, 760.2281494140625, -7000.0
594.10595703125, 775.2323608398438, -7000.0
586.9632568359375, 790.1067504882812, -7000.0
579.8558959960938, 804.857666015625, -7000.0
572.7843627929688, 814.1075439453125, -7000.0
565.7492065429688, 797.1595458984375, -7000.0
558.7507934570312, 738.8215942382812, -7000.0
544.8663940429688, 709.6527709960938, -7000.0
537.9813842773438, 680.4840087890625, -7000.0
531.135009765625, 651.3154907226562, -7000.0
524.327880859375, 622.1470947265625, -7000.0
517.5604248046875, 592.97900390625, -7000.0
510.8330383300781, 563.8110961914062, -7000.0
504.14630126953125, 534.6437377929688, -6795.41943359375
497.5006103515625, 505.47662353515625, -4023.288818359375
490.89642333984375, 476.3100280761719, -1633.4813232421875
484.3341979980469, 447.1439514160156, 700.2274780273438
477.8144226074219, 434.2560119628906, 1983.333984375
471.3374938964844, 444.4471435546875, 1983.333984375
464.9039001464844, 462.1554870605469, 1150.75146484375
458.5140380859375, 479.71435546875, -814.1625366210938
452.16839599609375, 497.1236267089844, -2573.494873046875
445.8674011230469, 514.3831176757812, -6941.48095703125
439.6114501953125, 531.4928588867188, -7000.0
433.4010314941406, 548.4594116210938, -7000.0
427.23651123046875, 565.279541015625, -7000.0
421.1183776855469, 581.9563598632812, -7000.0
415.0469970703125, 598.4938354492188, -7000.0
409.0228271484375, 614.88427734375, -7000.0
403.0462646484375, 631.13134765625, -7000.0
397.1177062988281, 641.8570556640625, -7000.0
391.23760986328125, 625.3861083984375, -7000.0
385.40631103515625, 596.21826171875, -7000.0
379.6242980957031, 567.0505981445312, -7000.0
373.8918762207031, 537.8832397460938, -7000.0
368.2095031738281, 508.7161865234375, -7000.0
362.5775451660156, 479.5495300292969, -7000.0
356.99639892578125, 450.3833923339844, -7000.0
351.4664611816406, 421.2179260253906, -7000.0
345.98809814453125, 392.05328369140625, -7000.0
340.5616760253906, 362.8896179199219, -5857.81103515625
335.1875915527344, 333.72723388671875, -2049.417724609375
329.8661804199219, 304.56646728515625, -249.7005157470703
324.5978698730469, 275.4078674316406, 1983.333984375
319.3829650878906, 271.20220947265625, 1983.333984375
314.2218322753906, 286.8111572265625, 1983.333984375
309.1148681640625, 305.86785888671875, 1058.4752197265625
304.0623779296875, 324.7660217285156, -841.8912353515625
299.06475830078125, 343.4986267089844, -2537.45458984375
294.122314453125, 362.0685729980469, -6839.69189453125
289.2353820800781, 380.4858093261719, -7000.0
284.4043273925781, 398.7469482421875, -7000.0
279.62945556640625, 416.8485412597656, -7000.0
274.9111328125, 434.7970275878906, -7000.0
270.2496337890625, 452.58917236328125, -7000.0
265.64532470703125, 470.22882080078125, -7000.0
261.0984802246094, 487.7180480957031, -7000.0
256.6094665527344, 499.6689758300781, -7000.0
252.17855834960938, 483.5860595703125, -7000.0
247.80606079101562, 454.42022705078125, -7000.0
243.49229431152344, 425.2549133300781, -7000.0
239.23753356933594, 396.0903015136719, -7000.0
235.0420684814453, 366.92657470703125, -7000.0
230.90621948242188, 337.7640075683594, -7000.0
226.8302459716797, 308.6029968261719, -7000.0
222.81443786621094, 279.4440612792969, -7000.0
218.85906982421875, 250.2868194580078, -6894.8505859375
214.96441650390625, 221.13455200195312, -3902.325439453125
211.13075256347656, 191.98797607421875, -986.065185546875
207.3583221435547, 162.85008239746094, 1888.997314453125
203.64739990234375, 150.02264404296875, 1983.333984375
199.9982452392578, 145.64959716796875, 1983.333984375
196.4110870361328, 157.49673461914062, 1983.333984375
192.88619995117188, 177.64178466796875, 1372.796875
189.42381286621094, 197.61959838867188, -930.5505981445312
186.024169921875, 217.4317626953125, -1124.8900146484375
182.6875, 237.076904296875, -3941.2763671875
179.41403198242188, 256.55438232421875, -7000.0
176.20399475097656, 275.8702087402344, -7000.0
173.0576171875, 295.0207214355469, -7000.0
169.97509765625, 314.0088195800781, -7000.0
166.9566650390625, 332.8377990722656, -7000.0
164.00253295898438, 351.5074462890625, -7000.0
161.1128692626953, 370.0177307128906, -7000.0
158.2879180908203, 382.96697998046875, -7000.0
155.52784729003906, 367.193603515625, -7000.0
152.8328399658203, 338.0314636230469, -7000.0
150.20310974121094, 308.8707275390625, -7000.0
147.63882446289062, 279.7120361328125, -7000.0
145.14015197753906, 250.55596923828125, -7000.0
142.707275390625, 221.40365600585938, -7000.0
140.34036254882812, 192.2570037841797, -7000.0
138.03956604003906, 163.1190185546875, -6160.23779296875
135.8050537109375, 133.995361328125, -2279.724365234375
133.636962890625, 104.89795684814453, -245.91732788085938
131.5354766845703, 75.8570556640625, 1983.333984375
129.50071716308594, 72.90034484863281, 1983.333984375
127.53282165527344, 90.16191101074219, 1983.333984375
125.6319351196289, 110.83808135986328, 1269.0208740234375
123.79817962646484, 131.35934448242188, -1011.5728149414062
122.03169250488281, 151.72169494628906, -997.7750854492188
120.33258819580078, 171.91639709472656, -3493.471435546875
118.70098114013672, 191.94383239746094, -7000.0
117.13699340820312, 211.80552673339844, -7000.0
115.64073181152344, 231.50091552734375, -7000.0
114.21228790283203, 251.02783203125, -7000.0
112.85176849365234, 270.38720703125, -7000.0
111.55926513671875, 289.5837707519531, -7000.0
110.33486938476562, 308.62152099609375, -7000.0
109.17866516113281, 322.09234619140625, -7000.0
108.09072875976562, 306.4677734375, -7000.0
107.0711441040039, 277.3084716796875, -7000.0
106.11996459960938, 219.00132751464844, -7000.0
104.4231185913086, 189.8553924560547, -7000.0
103.67756652832031, 160.71832275390625, -7000.0
103.00066375732422, 131.5962371826172, -6556.857421875
102.3924560546875, 102.5019302368164, -2867.111083984375
101.85298156738281, 73.4684066772461, -858.8925170898438
101.38228607177734, 44.61447525024414, 1983.333984375
100.98040008544922, 38.35983657836914, 1983.333984375
100.64734649658203, 53.886138916015625, 1983.333984375
100.38314819335938, 74.76284790039062, 1983.333984375
100.18782806396484, 95.5406494140625, 1040.2896728515625
100.0614013671875, 116.18343353271484, -314.1555480957031
100.00386810302734, 136.66998291015625, -1131.01904296875
100.0152359008789, 156.9896697998047, -4234.92138671875
100.09550476074219, 177.14308166503906, -7000.0
100.24467468261719, 197.1317138671875, -7000.0
100.46273040771484, 216.9541015625, -7000.0
100.7496566772461, 236.6092529296875, -7000.0
101.10543060302734, 256.09649658203125, -7000.0
101.530029296875, 275.4154052734375, -7000.0
102.02342987060547, 289.158203125, -7000.0
102.5855941772461, 273.59771728515625, -7000.0
103.21647644042969, 244.44175720214844, -7000.0
103.91604614257812, 215.2908477783203, -7000.0
104.68424224853516, 186.1460723876953, -7000.0
105.52102661132812, 157.01065063476562, -7000.0
106.42633056640625, 127.89116668701172, -5739.892578125
107.40009307861328, 98.80204010009766, -1092.977783203125
108.44224548339844, 69.78123474121094, 1059.7525634765625
109.55271911621094, 40.974159240722656, 1983.333984375
110.73143768310547, 45.04898452758789, 1983.333984375
111.97832489013672, 65.93450164794922, 1983.333984375
113.29328155517578, 86.7668228149414, 1983.333984375
114.67623138427734, 107.4701919555664, 398.0657653808594
116.12706756591797, 128.0194854736328, -443.4783630371094
117.64569854736328, 148.4105224609375, -3406.989501953125
119.23200988769531, 168.63430786132812, -5532.154296875
120.88591003417969, 188.69082641601562, -7000.0
122.60726165771484, 208.58164978027344, -7000.0
124.39596557617188, 228.30560302734375, -7000.0
126.25189208984375, 247.86190795898438, -7000.0
128.17491149902344, 267.25, -7000.0
130.16488647460938, 281.0561828613281, -7000.0
132.22169494628906, 265.4896240234375, -7000.0
134.3451690673828, 236.33580017089844, -7000.0
136.5352020263672, 207.18637084960938, -7000.0
138.79159545898438, 178.04383850097656, -7000.0
141.11424255371094, 148.9120330810547, -4180.216796875
143.50294494628906, 119.79901885986328, -715.8143310546875
145.95755004882812, 90.72322845458984, 1983.333984375
148.4779052734375, 78.01766967773438, 1983.333984375
151.06381225585938, 90.27996826171875, 1983.333984375
153.71510314941406, 110.95590209960938, 1983.333984375
156.4315948486328, 131.47683715820312, 1983.333984375
159.21310424804688, 151.83885192871094, 450.1325378417969
162.0594482421875, 172.03317260742188, -182.0731964111328
164.97039794921875, 192.0602569580078, -2743.864990234375
167.94578552246094, 211.92156982421875, -4285.67822265625
170.9853973388672, 231.61587524414062, -7000.0
174.08900451660156, 251.14239501953125, -7000.0
177.2564239501953, 270.50067138671875, -7000.0
180.48741149902344, 289.6969299316406, -7000.0
183.78176879882812, 308.7276306152344, -7000.0
187.13925170898438, 322.17626953125, -7000.0
190.55963134765625, 306.4620361328125, -7000.0
194.04266357421875, 277.3038330078125, -7000.0
197.588134765625, 248.1482696533203, -7000.0
201.19577026367188, 218.99668884277344, -5333.40869140625
204.86534118652344, 189.85073852539062, -2817.936279296875
208.5966033935547, 160.7136688232422, 533.066650390625
212.38926696777344, 147.9794921875, 1983.333984375
216.24310302734375, 159.90553283691406, 1983.333984375
220.15782165527344, 180.03067016601562, 1983.333984375
224.13316345214844, 199.98838806152344, 1983.333984375
228.16885375976562, 219.78028869628906, 624.9893798828125
232.26461791992188, 239.4050750732422, -1482.8348388671875
236.42018127441406, 258.8621520996094, -3452.58154296875
240.63523864746094, 278.15753173828125, -4224.439453125
244.90951538085938, 297.2875671386719, -6658.70947265625
249.24269104003906, 316.25518798828125, -7000.0
253.63450622558594, 335.0643615722656, -7000.0
258.0846252441406, 353.7135009765625, -7000.0
262.5927734375, 372.2032165527344, -7000.0
267.1585998535156, 385.1077880859375, -7000.0
271.7818298339844, 369.1835632324219, -7000.0
276.46209716796875, 340.0213623046875, -7000.0
281.1991271972656, 310.8605041503906, -6695.8271484375
285.9925842285156, 281.70166015625, -2519.8818359375
290.84210205078125, 252.54534912109375, 742.2000122070312
295.7474060058594, 223.3927459716797, 1983.333984375
300.7080993652344, 221.18466186523438, 1983.333984375
305.723876953125, 238.0358428955078, 1983.333984375
310.79437255859375, 257.50799560546875, 1983.333984375
315.91925048828125, 276.8157958984375, 1983.333984375
321.0981750488281, 295.9552001953125, 1983.333984375
326.33074951171875, 314.9324035644531, 1057.5081787109375
331.61663818359375, 333.7506408691406, -410.9049072265625
336.9554443359375, 352.4096984863281, -1638.188232421875
342.34686279296875, 370.9093017578125, -1478.5079345703125
347.79046630859375, 389.2493896484375, -2803.181396484375
353.285888671875, 407.42987060546875, -5513.7451171875
358.8327941894531, 425.4573974609375, -7000.0
364.43072509765625, 443.32855224609375, -7000.0
370.0793762207031, 455.615478515625, -7000.0
375.7783203125, 439.4604187011719, -7000.0
381.5271301269531, 410.2956237792969, -6596.30712890625
387.3254699707031, 381.131591796875, -2210.812255859375
393.17291259765625, 351.9685974121094, 519.6611328125
399.0690612792969, 322.8068542480469, 1983.333984375
405.01348876953125, 325.489501953125, 1983.333984375
411.0058288574219, 344.2171630859375, 1983.333984375
417.0456237792969, 362.78582763671875, 1983.333984375
423.1324768066406, 381.19537353515625, 1983.333984375
429.2659606933594, 399.44537353515625, 1983.333984375
435.4456787109375, 417.5426025390625, 1899.713134765625
441.6711730957031, 435.48358154296875, 496.5758361816406
447.9420471191406, 453.2714538574219, -1195.2894287109375
454.2578430175781, 470.9096374511719, -2522.59130859375
460.61810302734375, 488.3979797363281, -2231.063720703125
467.0224609375, 505.7365417480469, -3205.68505859375
473.47039794921875, 522.92529296875, -5360.99072265625
479.9615173339844, 534.5280151367188, -7000.0
486.495361328125, 518.1221313476562, -6924.96923828125
493.07147216796875, 488.9556579589844, -2762.6787109375
499.68939208984375, 459.78955078125, 891.387939453125
506.34869384765625, 430.6240539550781, 1983.333984375
513.0488891601562, 427.2783508300781, 1983.333984375
519.78955078125, 442.3807373046875, 1983.333984375
526.5701904296875, 460.10797119140625, 1983.333984375
533.3903198242188, 477.68572998046875, 1983.333984375
540.2494506835938, 495.1138610839844, 1983.333984375
547.147216796875, 512.3922119140625, 1983.333984375
554.0830688476562, 529.5209350585938, 1983.333984375
561.0564575195312, 546.4998168945312, 1641.0677490234375
568.0670776367188, 563.3353881835938, 1149.873779296875
575.1143188476562, 580.0311889648438, -404.79937744140625
582.1976928710938, 596.5804443359375, -1513.0474853515625
589.3167724609375, 612.9863891601562, -3628.8212890625
596.4710693359375, 629.25244140625, -3855.454345703125
603.6600341796875, 639.9376220703125, -4470.845703125
610.8831787109375, 623.20458984375, -2313.578369140625
618.1400146484375, 594.0367431640625, -359.95751953125
625.4301147460938, 564.8690795898438, 1983.333984375
632.7528686523438, 558.5798950195312, 1983.333984375
640.1077880859375, 571.4545288085938, 1983.333984375
647.4944458007812, 588.0797119140625, 1983.333984375
654.9122924804688, 604.55859375, 1983.333984375
662.3607788085938, 620.8944091796875, 1983.333984375
669.8394165039062, 637.09033203125, 1983.333984375
677.3477172851562, 653.1529541015625, 1983.333984375
684.8850708007812, 669.0791625976562, 1903.1483154296875
692.4511108398438, 684.8653564453125, 901.5697021484375
700.045166015625, 700.518310546875, -14.917098999023438
707.6668701171875, 716.03466796875, -454.7337646484375
715.3155517578125, 731.417724609375, -1757.7708740234375
722.99072265625, 746.67138671875, -1036.77001953125
730.69189453125, 756.3487548828125, -3404.176513671875
738.41845703125, 739.2593994140625, -2812.991943359375
746.1699829101562, 726.5765380859375, -1221.5595703125
753.9459228515625, 722.1968383789062, 735.1566772460938
761.7456665039062, 720.8364868164062, 1983.333984375
769.5687255859375, 731.092529296875, 1983.333984375
777.41455078125, 746.3451538085938, 1983.333984375
785.2825927734375, 761.468017578125, 1983.333984375
793.1723022460938, 776.4609985351562, 1983.333984375
801.0831909179688, 791.3240356445312, 1330.3165283203125
809.0146484375, 806.0638427734375, 887.2133178710938
816.9661865234375, 820.6770629882812, -281.8792724609375
824.9371948242188, 835.1668701171875, -921.5948486328125
832.9271850585938, 849.5301513671875, -2258.728759765625
840.935546875, 863.7700805664062, -1415.940673828125
848.9617919921875, 877.8900756835938, -1312.7042236328125
857.0053100585938, 891.8900146484375, -1896.31689453125
865.0655517578125, 900.3198852539062, -2492.975341796875
873.1420288085938, 882.79638671875, -2956.14599609375
881.2340698242188, 853.6259765625, -316.3170166015625
889.3412475585938, 824.4566650390625, 1983.333984375
897.462890625, 816.9677124023438, 1983.333984375
905.5985717773438, 827.7636108398438, 1983.333984375
913.74755859375, 842.1930541992188, 1983.333984375
921.909423828125, 856.4960327148438, 1983.333984375
930.0835571289062, 870.6758422851562, 1983.333984375
938.2694091796875, 884.7356567382812, 1983.333984375
946.4663696289062, 898.675537109375, 1983.333984375
954.6739501953125, 912.4954833984375, 1983.333984375
962.8914794921875, 926.1954345703125, 1983.333984375
971.1185302734375, 939.775390625, 1983.333984375
979.3544311523438, 953.2420043945312, 1983.333984375
987.5986328125, 966.592041015625, 1983.333984375
995.8505859375, 979.8286743164062, 1983.333984375
1004.1097412109375, 992.955322265625, 1687.05078125
1012.3754272460938, 1005.9653930664062, 875.3412475585938
1020.647216796875, 1018.862060546875, 529.6129150390625
1028.9244384765625, 1031.648681640625, -302.422119140625
1037.2066650390625, 1038.8692626953125, -964.20068359375
1045.4930419921875, 1041.553955078125, -949.1014404296875
1053.7833251953125, 1042.221435546875, -61.669864654541016
1062.07666015625, 1042.321533203125, 777.1376953125
1070.3726806640625, 1044.9140625, 1983.333984375
1078.6707763671875, 1054.56494140625, 1983.333984375
1086.9703369140625, 1067.05126953125, 1983.333984375
1095.270751953125, 1079.4278564453125, 1983.333984375
1103.571533203125, 1091.701171875, 1865.671142578125
1111.8720703125, 1103.8677978515625, 1323.317138671875
1120.1717529296875, 1115.93115234375, 389.1412048339844
1128.469970703125, 1127.887939453125, 36.77040481567383
1136.766357421875, 1139.7412109375, -693.4606323242188
1145.0601806640625, 1151.49462890625, -877.8744506835938
1153.350830078125, 1163.1480712890625, -1437.9012451171875
1161.637939453125, 1174.7017822265625, -2343.751708984375
1169.920654296875, 1186.1552734375, -3567.154052734375
1178.1986083984375, 1192.0474853515625, -1630.025146484375
1186.47119140625, 1190.169677734375, -1454.250244140625
1194.73779296875, 1169.2574462890625, 1175.7606201171875
1202.9979248046875, 1156.62060546875, 1983.333984375
1211.2508544921875, 1157.449462890625, 1983.333984375
1219.4962158203125, 1166.32177734375, 1983.333984375
1227.7332763671875, 1177.844970703125, 1983.333984375
1235.961669921875, 1189.2681884765625, 1983.333984375
1244.1805419921875, 1200.5986328125, 1983.333984375
1252.3895263671875, 1211.831787109375, 1983.333984375
1260.5880126953125, 1222.9652099609375, 1983.333984375
1268.775390625, 1244.948486328125, 1763.1695556640625
1288.71240234375, 1260.484130859375, 1983.333984375
1296.857421875, 1271.205078125, 1983.333984375
1304.9888916015625, 1281.835205078125, 1983.333984375
1313.1063232421875, 1292.3662109375, 1983.333984375
1321.208984375, 1302.8072509765625, 1983.333984375
1329.29638671875, 1313.1591796875, 1983.333984375
1337.3680419921875, 1323.43017578125, 1983.333984375
1345.4232177734375, 1333.611083984375, 1983.333984375
1353.461669921875, 1343.7021484375, 1870.94189453125
1361.4825439453125, 1353.7041015625, 1547.2418212890625
1369.4854736328125, 1363.6251220703125, 1029.9427490234375
1377.4697265625, 1373.45703125, 336.6846618652344
1385.4349365234375, 1383.2091064453125, 425.2285461425781
1393.3804931640625, 1392.8792724609375, 321.45947265625
1401.3057861328125, 1401.6016845703125, 160.598388671875
1409.2103271484375, 1402.7266845703125, 800.8515625
1417.093505859375, 1403.70361328125, 1272.3060302734375
1424.9549560546875, 1404.551513671875, 1983.333984375
1432.7939453125, 1406.0567626953125, 1983.333984375
1440.610107421875, 1414.3165283203125, 1983.333984375
1448.4027099609375, 1422.5765380859375, 1983.333984375
1456.1712646484375, 1430.8365478515625, 1983.333984375
1463.915283203125, 1439.0966796875, 1983.333984375
1471.63427734375, 1447.356689453125, 1983.333984375
1479.32763671875, 1455.6168212890625, 1983.333984375
1486.9949951171875, 1463.8768310546875, 1983.333984375
1494.635498046875, 1472.136962890625, 1983.333984375
1502.2489013671875, 1480.3970947265625, 1983.333984375
1509.8345947265625, 1488.6572265625, 1983.333984375
1517.3919677734375, 1496.9173583984375, 1983.333984375
1524.920654296875, 1505.1776123046875, 1983.333984375
1532.4200439453125, 1513.437744140625, 1983.333984375
1539.8896484375, 1521.6978759765625, 1983.333984375
1547.3289794921875, 1529.9580078125, 1983.333984375
1554.7374267578125, 1538.2181396484375, 1983.333984375
1562.1146240234375, 1546.478271484375, 1983.333984375
1569.4598388671875, 1554.7384033203125, 1983.333984375
1576.7728271484375, 1562.99853515625, 1983.333984375
1584.052978515625, 1571.2586669921875, 1983.333984375
1591.2996826171875, 1579.518798828125, 1983.333984375
1598.5125732421875, 1587.77880859375, 1983.333984375
1605.691162109375, 1596.0390625, 1983.333984375
1612.8348388671875, 1604.2991943359375, 1939.8909912109375
1619.943115234375, 1612.559326171875, 1766.8216552734375
1627.0157470703125, 1620.8194580078125, 1466.5277099609375
1634.0518798828125, 1629.07958984375, 1041.1934814453125
1641.0513916015625, 1637.3397216796875, 492.8935546875
1648.0135498046875, 1645.599853515625, 765.5709228515625
1654.9378662109375, 1653.860107421875, 871.76220703125
1661.8240966796875, 1661.27197265625, 912.5285034179688
1668.6715087890625, 1661.272216796875, 792.8809814453125
1675.479736328125, 1661.2723388671875, 1458.439208984375
1682.2484130859375, 1662.12158203125, 1983.333984375
1688.976806640625, 1670.381591796875, 1983.333984375
1695.664794921875, 1678.6416015625, 1983.333984375
1702.3116455078125, 1686.9014892578125, 1983.333984375
1708.9169921875, 1695.1617431640625, 1983.333984375
1715.4803466796875, 1703.4217529296875, 1983.333984375
1722.00146484375, 1711.681884765625, 1983.333984375
1728.4794921875, 1719.9420166015625, 1940.5474853515625
1734.9144287109375, 1728.2022705078125, 1691.0401611328125
1741.305419921875, 1736.46240234375, 1240.1185302734375
1747.65234375, 1744.7225341796875, 592.8098754882812
1753.9547119140625, 1752.9827880859375, 695.9179077148438
1760.2119140625, 1761.2430419921875, 564.6550903320312
1766.423583984375, 1768.6507568359375, 303.1134948730469
1772.5894775390625, 1768.6510009765625, 760.3592529296875
1778.7088623046875, 1768.651123046875, 953.0465698242188
1784.7816162109375, 1768.6512451171875, 1831.1224365234375
1790.80712890625, 1769.504638671875, 1983.333984375
1796.7850341796875, 1777.7646484375, 1983.333984375
1802.7149658203125, 1786.0245361328125, 1983.333984375
1808.596435546875, 1794.2845458984375, 1983.333984375
1814.4290771484375, 1802.544677734375, 1983.333984375
1820.2125244140625, 1810.8048095703125, 1983.333984375
1825.9464111328125, 1819.065185546875, 1751.399658203125
1831.630126953125, 1827.3253173828125, 1236.2269287109375
1837.2635498046875, 1835.58544921875, 446.235595703125
1842.84619140625, 1843.845947265625, 331.3966064453125
1848.3775634765625, 1852.1064453125, -90.01293182373047
1853.857421875, 1860.3665771484375, -310.7181701660156
1859.2852783203125, 1867.769775390625, -746.4183349609375
1864.660888671875, 1867.31005859375, -492.4276123046875
1869.9837646484375, 1862.9300537109375, 361.5577392578125
1875.2535400390625, 1858.550048828125, 1335.149169921875
1880.469970703125, 1854.63037109375, 1983.333984375
1885.6326904296875, 1855.4989013671875, 1983.333984375
1890.7412109375, 1863.7587890625, 1983.333984375
1895.795166015625, 1872.0189208984375, 1983.333984375
1900.79443359375, 1880.2789306640625, 1983.333984375
1905.7384033203125, 1888.539306640625, 1983.333984375
1910.626953125, 1896.7994384765625, 1983.333984375
1915.4595947265625, 1905.0595703125, 1983.333984375
1920.2359619140625, 1913.3199462890625, 1755.7725830078125
1924.9559326171875, 1921.580078125, 1134.456298828125
1929.6190185546875, 1929.8402099609375, 1074.64599609375
1934.2249755859375, 1938.1004638671875, 599.6445922851562
1938.7734375, 1946.360595703125, -276.35455322265625
1943.26416015625, 1953.7489013671875, -942.345703125
1947.6966552734375, 1953.749267578125, -1067.7093505859375
1952.07080078125, 1953.2864990234375, -633.1922607421875
1956.38623046875, 1948.906494140625, 276.96588134765625
1960.6427001953125, 1944.5263671875, 1187.9654541015625
1964.83984375, 1940.609619140625, 1983.333984375
1968.9774169921875, 1941.483154296875, 1983.333984375
1973.0550537109375, 1949.7431640625, 1983.333984375
1977.0726318359375, 1958.003173828125, 1983.333984375
1981.0296630859375, 1966.2633056640625, 1983.333984375
1984.926025390625, 1974.5234375, 1983.333984375
1988.761474609375, 1982.7835693359375, 1648.6881103515625
1992.53564453125, 1991.043701171875, 817.3972778320312
1996.248291015625, 1999.303955078125, 449.3501892089844
1999.899169921875, 2007.564208984375, -427.781982421875
2003.4881591796875, 2015.8243408203125, -1297.828125
2007.0147705078125, 2024.0845947265625, -2666.08154296875
2010.4788818359375, 2032.3447265625, -1688.5350341796875
2013.88037109375, 2039.728271484375, -1215.54443359375
2017.2188720703125, 2036.6314697265625, -2855.89599609375
2020.4940185546875, 2007.4608154296875, -700.9872436523438
2023.7059326171875, 1980.923828125, 1983.333984375
2026.8541259765625, 1976.543701171875, 1983.333984375
2029.9384765625, 1973.50732421875, 1983.333984375
2032.9586181640625, 1981.7672119140625, 1983.333984375
2035.9146728515625, 1990.02734375, 1983.333984375
2038.80615234375, 1998.287353515625, 1983.333984375
2041.6329345703125, 2006.5474853515625, 1983.333984375
2044.394775390625, 2014.8077392578125, 1983.333984375
2047.0916748046875, 2023.06787109375, 1983.333984375
2049.72314453125, 2031.3280029296875, 1983.333984375
2052.289306640625, 2039.588134765625, 1983.333984375
2054.7900390625, 2047.848388671875, 1759.6005859375
2057.224609375, 2056.108642578125, 880.3355102539062
2059.593505859375, 2064.368896484375, 312.92462158203125
2061.896240234375, 2072.62890625, -410.1083984375
2064.132568359375, 2080.0078125, -1685.4869384765625
2066.302490234375, 2079.54052734375, -2595.19189453125
2068.406005859375, 2075.16015625, -2717.349853515625
2070.442626953125, 2070.7802734375, -2099.02197265625
2072.412353515625, 2066.400146484375, -784.9163818359375
2074.315185546875, 2062.02001953125, 684.7500610351562
2076.15087890625, 2057.639892578125, 1850.231689453125
2077.919189453125, 2053.728515625, 1983.333984375
2079.6201171875, 2054.612548828125, 1983.333984375
2081.253662109375, 2062.87255859375, 1983.333984375
2082.819580078125, 2071.132568359375, 1983.333984375
2084.31787109375, 2079.392578125, 1528.9881591796875
2085.748046875, 2087.653076171875, 315.6771545410156
2087.110595703125, 2095.9130859375, -186.45083618164062
2088.405029296875, 2104.17333984375, -1460.662109375
2089.63134765625, 2112.433349609375, -3476.120361328125
2090.78955078125, 2120.693603515625, -3377.308349609375
2091.87939453125, 2128.953857421875, -4104.04150390625
2092.90087890625, 2137.2138671875, -5622.83837890625
2093.85400390625, 2145.47412109375, -7000.0
2094.73876953125, 2152.847412109375, -7000.0
2095.5546875, 2149.712890625, -7000.0
2096.30224609375, 2120.542724609375, -6076.6748046875
2096.981201171875, 2091.3720703125, -1783.4278564453125
2097.59130859375, 2062.201171875, 1437.204345703125
2098.132568359375, 2033.0306396484375, 1983.333984375
2098.605224609375, 2007.8878173828125, 1983.333984375
2099.00927734375, 2016.1478271484375, 1983.333984375
2099.34423828125, 2024.407958984375, 1983.333984375
2099.6103515625, 2032.66796875, 1983.333984375
2099.8076171875, 2040.9281005859375, 1983.333984375
2099.93603515625, 2049.188232421875, 1983.333984375
2099.995361328125, 2057.448486328125, 1983.333984375
2099.986083984375, 2065.70849609375, 1983.333984375
2099.90771484375, 2073.96875, 1983.333984375
2099.760498046875, 2082.22900390625, 1983.333984375
2099.54443359375, 2090.489013671875, 1983.333984375
2099.259521484375, 2098.749267578125, 1023.7557983398438
2098.905517578125, 2107.00927734375, 68.41947937011719
2098.48291015625, 2115.26953125, -1335.050048828125
2097.991455078125, 2122.6376953125, -3567.772216796875
2097.431396484375, 2122.164306640625, -2872.471435546875
2096.80224609375, 2117.784423828125, -1782.6480712890625
2096.104736328125, 2110.7236328125, -2845.27880859375
2095.33837890625, 2081.552734375, -604.1575317382812
2094.503662109375, 2055.064453125, 1983.333984375
2093.600341796875, 2050.68408203125, 1983.333984375
2092.62841796875, 2047.672607421875, 1983.333984375
2091.588134765625, 2055.9326171875, 1983.333984375
2090.479736328125, 2064.192626953125, 1983.333984375
2089.302978515625, 2072.45263671875, 1983.333984375
2088.057861328125, 2080.712890625, 1805.9130859375
2086.744873046875, 2088.972900390625, 541.76171875
2085.364013671875, 2097.233154296875, -322.6395568847656
2083.9150390625, 2105.4931640625, -2254.9296875
2082.398193359375, 2113.75341796875, -2383.259521484375
2080.81396484375, 2122.013427734375, -3631.84521484375
2079.161865234375, 2130.27392578125, -5952.38525390625
2077.4423828125, 2138.533935546875, -7000.0
