1880.66064453125, 1891.70849609375, -752.693359375
1875.4461669921875, 1886.6087646484375, -1480.9122314453125
1870.17822265625, 1881.4503173828125, -2185.238037109375
1864.8572998046875, 1889.6851806640625, -1582.9959716796875
1859.483642578125, 1897.9249267578125, -2571.562255859375
1854.0577392578125, 1906.1746826171875, -5077.86474609375
1848.5797119140625, 1914.4246826171875, -7000.0
1843.05029296875, 1922.682373046875, -7000.0
1837.469482421875, 1930.938720703125, -7000.0
1831.8380126953125, 1939.19384765625, -7000.0
1826.156005859375, 1947.448974609375, -7000.0
1820.424072265625, 1955.7125244140625, -7000.0
1814.6424560546875, 1963.1805419921875, -7000.0
1808.8115234375, 1960.37353515625, -7000.0
1802.931884765625, 1931.2034912109375, -7000.0
1797.0037841796875, 1902.033203125, -7000.0
1791.027587890625, 1872.86328125, -7000.0
1785.0037841796875, 1843.69287109375, -7000.0
1778.932861328125, 1814.5220947265625, -7000.0
1772.8150634765625, 1785.3505859375, -4737.35693359375
1766.65087890625, 1756.178466796875, -2780.025146484375
1760.44091796875, 1727.0059814453125, 267.9410400390625
1754.185302734375, 1700.226806640625, 1983.333984375
1747.8846435546875, 1697.06494140625, 1983.333984375
1741.5394287109375, 1705.322265625, 1983.333984375
1735.14990234375, 1713.5794677734375, 1983.333984375
1728.7166748046875, 1721.8367919921875, 1753.788818359375
1722.2401123046875, 1730.093994140625, 791.1493530273438
1715.720703125, 1738.3515625, -1316.8934326171875
1709.1588134765625, 1746.6090087890625, -2189.718994140625
1702.5550537109375, 1754.86669921875, -4719.83544921875
1695.90966796875, 1763.124755859375, -7000.0
1689.2232666015625, 1771.38330078125, -7000.0
1682.4962158203125, 1779.6419677734375, -7000.0
1675.7291259765625, 1787.9007568359375, -7000.0
1668.92236328125, 1795.3585205078125, -7000.0
1662.0762939453125, 1792.527099609375, -7000.0
1655.1915283203125, 1763.3555908203125, -7000.0
1648.2685546875, 1734.184326171875, -7000.0
1641.3077392578125, 1705.012939453125, -7000.0
1634.3096923828125, 1675.841796875, -7000.0
1627.27490234375, 1646.6697998046875, -5523.35546875
1620.20361328125, 1617.498779296875, -1591.420166015625
1613.0965576171875, 1588.3277587890625, 402.8150634765625
1605.9541015625, 1559.156982421875, 1983.333984375
1598.77685546875, 1533.630126953125, 1983.333984375
1591.565185546875, 1541.8897705078125, 1983.333984375
1584.3197021484375, 1550.149658203125, 1983.333984375
1577.0408935546875, 1558.4097900390625, 1983.333984375
1569.7291259765625, 1566.6697998046875, 1313.9666748046875
1562.385009765625, 1574.9298095703125, -165.6669158935547
1555.009033203125, 1583.18994140625, -2863.025634765625
1547.6016845703125, 1591.4503173828125, -4392.34912109375
1540.1634521484375, 1599.71044921875, -7000.0
1532.695068359375, 1607.9705810546875, -7000.0
1525.1966552734375, 1616.2305908203125, -7000.0
1517.6690673828125, 1624.4908447265625, -7000.0
1510.1126708984375, 1631.943115234375, -7000.0
1502.528076171875, 1629.08984375, -7000.0
1494.9156494140625, 1599.91943359375, -7000.0
1487.276123046875, 1570.7491455078125, -7000.0
1479.60986328125, 1541.5787353515625, -7000.0
1471.9173583984375, 1512.4083251953125, -7000.0
1464.1993408203125, 1483.23681640625, -5483.3720703125
1456.4561767578125, 1454.066650390625, -1590.16455078125
1448.6884765625, 1424.8961181640625, 291.642333984375
1440.896728515625, 1395.7257080078125, 1983.333984375
1433.08154296875, 1370.379150390625, 1983.333984375
1425.2432861328125, 1380.159912109375, 1983.333984375
1417.3828125, 1389.85205078125, 1983.333984375
1409.500244140625, 1399.3817138671875, 1967.5445556640625
1401.5965576171875, 1408.0384521484375, 1119.6143798828125
1393.6719970703125, 1416.298583984375, -1006.9332885742188
1385.7271728515625, 1424.558837890625, -2055.485107421875
1377.7626953125, 1432.81884765625, -4908.69189453125
1369.779052734375, 1441.0789794921875, -7000.0
1361.77685546875, 1449.339111328125, -7000.0
1353.756591796875, 1457.59912109375, -7000.0
1345.7188720703125, 1465.8592529296875, -7000.0
1337.6641845703125, 1473.3056640625, -7000.0
1329.5931396484375, 1470.4315185546875, -7000.0
1321.50634765625, 1441.26123046875, -7000.0
1313.4041748046875, 1412.0909423828125, -7000.0
1305.287353515625, 1382.919677734375, -7000.0
1297.1563720703125, 1353.7493896484375, -7000.0
1289.0118408203125, 1324.5789794921875, -7000.0
1280.854248046875, 1295.4088134765625, -4970.91650390625
1272.6842041015625, 1266.238525390625, -3465.9677734375
1264.5023193359375, 1237.068359375, -444.4165344238281
1256.30908203125, 1210.348876953125, 1983.333984375
1248.10498046875, 1206.408935546875, 1983.333984375
1239.8907470703125, 1207.577880859375, 1983.333984375
1231.6668701171875, 1218.7486572265625, 1983.333984375
1223.4339599609375, 1229.8289794921875, 853.5389404296875
1215.1925048828125, 1240.81005859375, -1602.5433349609375
1206.9429931640625, 1251.7001953125, -3300.019775390625
1198.686279296875, 1262.4913330078125, -7000.0
1190.4227294921875, 1273.1923828125, -7000.0
1182.1529541015625, 1283.8035888671875, -7000.0
1173.87744140625, 1294.32470703125, -7000.0
1165.596923828125, 1304.7559814453125, -7000.0
1157.3118896484375, 1315.0970458984375, -7000.0
1149.0228271484375, 1325.3482666015625, -7000.0
1140.73046875, 1334.696044921875, -7000.0
1132.4351806640625, 1333.5003662109375, -7000.0
1124.1378173828125, 1304.3302001953125, -7000.0
1115.8387451171875, 1275.158935546875, -7000.0
1107.5384521484375, 1245.98876953125, -7000.0
1099.23779296875, 1216.8187255859375, -7000.0
1090.9371337890625, 1187.6485595703125, -7000.0
1082.6370849609375, 1158.4783935546875, -7000.0
1074.3382568359375, 1129.3082275390625, -7000.0
1066.041259765625, 1100.1383056640625, -7000.0
1057.7464599609375, 1070.9683837890625, -4818.69287109375
1049.4547119140625, 1041.7972412109375, -3183.172119140625
1041.1663818359375, 1012.6275024414062, -268.8730163574219
1032.882080078125, 985.9317016601562, 1983.333984375
1024.6024169921875, 982.2326049804688, 1983.333984375
1016.3279418945312, 985.735107421875, 1983.333984375
1008.0592041015625, 998.8035888671875, 1476.6717529296875
999.796875, 1011.7623291015625, -478.8494567871094
991.5414428710938, 1024.611083984375, -895.3926391601562
983.29345703125, 1037.3499755859375, -3692.9951171875
975.053466796875, 1049.9788818359375, -7000.0
966.8221435546875, 1062.498779296875, -7000.0
958.5999755859375, 1074.9178466796875, -7000.0
950.3875732421875, 1087.226806640625, -7000.0
942.1854858398438, 1099.4267578125, -7000.0
933.9942626953125, 1111.5267333984375, -7000.0
925.814453125, 1123.5257568359375, -7000.0
917.6466674804688, 1134.5948486328125, -7000.0
909.491455078125, 1134.9185791015625, -7000.0
901.349365234375, 1105.7489013671875, -7000.0
893.220947265625, 1076.578857421875, -7000.0
885.1067504882812, 1047.407958984375, -7000.0
877.0073852539062, 1018.2382202148438, -7000.0
868.9234008789062, 989.0684204101562, -7000.0
860.8553466796875, 959.898681640625, -7000.0
852.8037719726562, 930.72900390625, -7000.0
844.7691650390625, 901.5592651367188, -7000.0
836.752197265625, 872.3887329101562, -7000.0
828.7533569335938, 843.2192993164062, -4961.2421875
820.773193359375, 814.050048828125, -3425.615478515625
812.8123168945312, 784.8807983398438, -791.2942504882812
804.8712158203125, 758.2089233398438, 1983.333984375
796.950439453125, 754.28662109375, 1983.333984375
789.0504760742188, 755.9484252929688, 1983.333984375
781.1719970703125, 770.9943237304688, 1359.5687255859375
773.3154907226562, 785.910400390625, -882.687744140625
765.4815063476562, 800.6967163085938, -1524.68408203125
757.6705322265625, 815.3541259765625, -4706.05517578125
749.8831787109375, 829.8905639648438, -7000.0
742.1199340820312, 844.2982177734375, -7000.0
734.38134765625, 858.5858154296875, -7000.0
726.66796875, 872.7523803710938, -7000.0
718.9803466796875, 886.7899780273438, -7000.0
711.3189086914062, 900.7076416015625, -7000.0
703.6842651367188, 914.50634765625, -7000.0
696.0769653320312, 927.3655395507812, -7000.0
688.4974365234375, 929.2584228515625, -7000.0
680.9462890625, 900.0890502929688, -7000.0
673.424072265625, 870.919677734375, -7000.0
665.93115234375, 841.7503051757812, -7000.0
658.4682006835938, 812.5812377929688, -7000.0
651.03564453125, 783.4119873046875, -7000.0
643.634033203125, 754.242919921875, -7000.0
636.263916015625, 725.073974609375, -7000.0
628.9256591796875, 695.9052734375, -7000.0
621.6199340820312, 666.7367553710938, -7000.0
614.34716796875, 637.568359375, -5962.73779296875
607.1077880859375, 608.4002685546875, -2467.50146484375
599.9024658203125, 579.232421875, -912.3126220703125
592.7315673828125, 550.06494140625, 1983.333984375
585.5955810546875, 523.9039306640625, 1983.333984375
578.4950561523438, 526.0033569335938, 1983.333984375
571.4304809570312, 543.0155639648438, 1983.333984375
564.40234375, 559.8793334960938, 506.9229736328125
557.4110717773438, 576.6024780273438, -1195.96240234375
550.4572143554688, 593.1768188476562, -2680.487060546875
543.5411987304688, 609.6112670898438, -6763.30322265625
536.6635131835938, 625.9059448242188, -7000.0
529.82470703125, 642.0607299804688, -7000.0
523.025146484375, 658.0765991210938, -7000.0
516.2653198242188, 673.9615478515625, -7000.0
509.5457458496094, 689.70654296875, -7000.0
502.8668518066406, 705.3126220703125, -7000.0
496.22906494140625, 719.953125, -7000.0
489.6329345703125, 723.4144287109375, -7000.0
483.0788269042969, 694.2460327148438, -7000.0
476.5672302246094, 665.0776977539062, -7000.0
470.0986022949219, 635.909423828125, -7000.0
463.6733703613281, 606.7415771484375, -7000.0
457.2919616699219, 577.57373046875, -7000.0
450.9548645019531, 548.4052124023438, -7000.0
444.6624755859375, 519.2380981445312, -7000.0
438.4152526855469, 490.0715637207031, -7000.0
432.2135925292969, 460.90545654296875, -6587.23681640625
426.0579528808594, 431.7400207519531, -3561.243896484375
419.9487609863281, 402.5754089355469, -873.6170654296875
413.88641357421875, 373.4117736816406, 1728.1539306640625
407.8713684082031, 346.78973388671875, 1983.333984375
401.90399169921875, 344.764404296875, 1983.333984375
395.9847106933594, 363.3229064941406, 1983.333984375
390.11395263671875, 381.7314758300781, 777.024169921875
384.2920837402344, 399.9808654785156, -536.4336547851562
378.5195617675781, 418.0718688964844, -1689.463134765625
372.7967224121094, 436.01220703125, -5493.36767578125
367.1239929199219, 453.7940979003906, -7000.0
361.50177001953125, 471.4262390136719, -7000.0
355.930419921875, 488.90863037109375, -7000.0
350.4103698730469, 506.2411804199219, -7000.0
344.9419250488281, 523.4238891601562, -7000.0
339.5255432128906, 540.4578247070312, -7000.0
334.1615295410156, 556.50830078125, -7000.0
328.8503112792969, 561.1937866210938, -7000.0
323.59222412109375, 532.02685546875, -7000.0
318.3876037597656, 502.8603515625, -7000.0
313.23687744140625, 473.6942138671875, -7000.0
308.14031982421875, 444.52862548828125, -7000.0
303.0983581542969, 415.3636169433594, -7000.0
298.1112976074219, 386.19952392578125, -7000.0
293.1794738769531, 357.0365295410156, -7000.0
288.3032531738281, 327.8749084472656, -7000.0
283.48297119140625, 298.71514892578125, -5042.66650390625
278.71893310546875, 269.5577697753906, -3216.313232421875
274.011474609375, 240.4036865234375, -465.7581481933594
269.3609619140625, 213.8131866455078, 1983.333984375
264.7676696777344, 210.64788818359375, 1983.333984375
260.2319030761719, 219.26345825195312, 1983.333984375
255.7540283203125, 238.89077758789062, 1613.8104248046875
251.3343048095703, 258.3522033691406, -510.62158203125
246.9730682373047, 277.6554870605469, -3471.741943359375
242.67059326171875, 296.7907409667969, -6141.96630859375
238.4272003173828, 315.7660827636719, -7000.0
234.24317932128906, 334.57366943359375, -7000.0
230.11880493164062, 353.221923828125, -7000.0
226.0543670654297, 371.7108154296875, -7000.0
222.05014038085938, 390.0412292480469, -7000.0
218.10641479492188, 408.22100830078125, -7000.0
214.22344970703125, 426.2429504394531, -7000.0
210.40151977539062, 443.2634582519531, -7000.0
206.64088439941406, 448.78369140625, -7000.0
202.94180297851562, 419.61907958984375, -7000.0
199.30453491210938, 390.4551696777344, -7000.0
195.7293243408203, 361.2922058105469, -7000.0
192.21641540527344, 332.1305847167969, -7000.0
188.76605224609375, 302.97052001953125, -7000.0
185.3784942626953, 273.812744140625, -7000.0
182.05393981933594, 244.65809631347656, -7000.0
178.79263305664062, 215.50677490234375, -7000.0
175.5948028564453, 186.36300659179688, -4523.759765625
172.46067810058594, 157.2292938232422, -2017.910400390625
169.3904571533203, 128.11251831054688, 513.6092529296875
166.3843536376953, 101.60247039794922, 1983.333984375
163.4425811767578, 99.84285736083984, 1983.333984375
160.56533813476562, 120.44709777832031, 1983.333984375
157.75282287597656, 140.8926239013672, 1529.142333984375
155.00523376464844, 161.1717071533203, -579.5205688476562
152.32275390625, 181.28895568847656, -3333.3740234375
149.70558166503906, 201.2422332763672, -5708.74658203125
147.15386962890625, 221.0289306640625, -7000.0
144.66783142089844, 240.64834594726562, -7000.0
142.2476043701172, 260.09991455078125, -7000.0
139.89337158203125, 279.38482666015625, -7000.0
137.60528564453125, 298.50927734375, -7000.0
135.38352966308594, 317.466552734375, -7000.0
133.2282257080078, 335.4052734375, -7000.0
131.1395263671875, 341.7116394042969, -7000.0
129.1175994873047, 312.5515441894531, -7000.0
127.16255950927734, 283.29931640625, -7000.0
125.2745590209961, 254.143798828125, -7000.0
123.4537124633789, 224.9911651611328, -7000.0
121.70015716552734, 195.8450164794922, -7000.0
120.01400756835938, 166.70748901367188, -7000.0
118.39537811279297, 137.5841064453125, -5479.69384765625
116.84439086914062, 108.48624420166016, -874.5394897460938
115.36113739013672, 79.4420166015625, 959.068115234375
113.94573211669922, 50.543888092041016, 1983.333984375
112.59827423095703, 27.493566513061523, 1983.333984375
111.31884002685547, 48.175689697265625, 1983.333984375
110.10753631591797, 69.05655670166016, 1983.333984375
108.96443939208984, 89.8619384765625, 1752.2276611328125
107.88961791992188, 110.53703308105469, -2.899749755859375
106.88316345214844, 131.06578063964844, -2229.755615234375
105.94513702392578, 151.4305877685547, -3961.23193359375
105.07559967041016, 171.63414001464844, -7000.0
104.27462005615234, 191.6641387939453, -7000.0
103.54224395751953, 211.5284423828125, -7000.0
102.87853240966797, 231.2259521484375, -7000.0
102.28351593017578, 250.7558135986328, -7000.0
101.75725555419922, 269.22705078125, -7000.0
101.29976654052734, 275.877197265625, -7000.0
100.91109466552734, 246.72308349609375, -7000.0
100.59126281738281, 217.5730438232422, -7000.0
100.34029388427734, 188.42904663085938, -7000.0
100.158203125, 159.29486083984375, -7000.0
100.04500579833984, 130.17652893066406, -6730.33154296875
100.00070190429688, 101.0885009765625, -3140.849853515625
100.02530670166016, 72.06753540039062, -1164.832763671875
100.11881256103516, 43.24872970581055, 1983.333984375
100.28121185302734, 18.77985191345215, 1983.333984375
100.51248931884766, 22.996967315673828, 1983.333984375
100.81263732910156, 43.511695861816406, 1983.333984375
101.18163299560547, 64.38785552978516, 1983.333984375
101.61944580078125, 85.21642303466797, 1441.243408203125
102.12605285644531, 105.92350006103516, -432.9544982910156
102.701416015625, 126.48775482177734, -2591.827392578125
103.34549713134766, 146.88870239257812, -4082.089599609375
104.0582504272461, 167.1207275390625, -7000.0
104.8396224975586, 187.18939208984375, -7000.0
105.68956756591797, 207.09271240234375, -7000.0
106.60802459716797, 226.82940673828125, -7000.0
107.59492492675781, 246.398681640625, -7000.0
108.65020751953125, 264.9023132324219, -7000.0
109.77379608154297, 271.55645751953125, -7000.0
110.96560668945312, 242.4028778076172, -7000.0
112.22557067871094, 213.25254821777344, -7000.0
113.55359649658203, 184.10867309570312, -7000.0
114.94959259033203, 154.97637939453125, -7000.0
116.4134521484375, 125.86136627197266, -4362.04833984375
117.9450912475586, 96.7800064086914, -1168.5843505859375
119.54439544677734, 67.77568817138672, 1983.333984375
121.21125030517578, 41.6845588684082, 1983.333984375
122.94554901123047, 40.154754638671875, 1983.333984375
124.74717712402344, 61.0123405456543, 1983.333984375
126.6159896850586, 81.85446166992188, 1983.333984375
128.5518798828125, 102.58377838134766, 1983.333984375
130.55470275878906, 123.17420196533203, 430.6979064941406
132.62432861328125, 143.6023406982422, -309.318115234375
134.76060485839844, 163.86289978027344, -3090.079345703125
136.96337890625, 183.9605255126953, -4956.345703125
139.23251342773438, 203.8919677734375, -7000.0
141.56785583496094, 223.64918518066406, -7000.0
143.96922302246094, 243.24794006347656, -7000.0
146.4364776611328, 262.6787414550781, -7000.0
148.9694366455078, 281.03729248046875, -7000.0
151.5679168701172, 287.5369567871094, -7000.0
154.2317352294922, 258.3814392089844, -7000.0
156.9607391357422, 229.2294921875, -7000.0
159.7547149658203, 200.08267211914062, -7000.0
162.61346435546875, 170.9440155029297, -4243.017578125
165.5368194580078, 141.81808471679688, -777.08349609375
168.52455139160156, 112.71539306640625, 1983.333984375
171.5764617919922, 86.3895034790039, 1983.333984375
174.69235229492188, 84.80657958984375, 1983.333984375
177.8719940185547, 105.51652526855469, 1983.333984375
181.11517333984375, 126.07804107666016, 1983.333984375
184.42166137695312, 146.4781494140625, 1983.333984375
187.79124450683594, 166.71803283691406, 1983.333984375
191.22366333007812, 186.78591918945312, 1086.9912109375
194.71871948242188, 206.68894958496094, -1624.9510498046875
198.27613830566406, 226.42535400390625, -1411.28662109375
201.89569091796875, 245.99432373046875, -3035.0244140625
205.57713317871094, 265.3963928222656, -6378.0068359375
209.32020568847656, 284.63885498046875, -7000.0
213.1246337890625, 303.7136535644531, -7000.0
216.99017333984375, 321.7191467285156, -7000.0
220.91656494140625, 327.8822937011719, -7000.0
224.9035186767578, 298.72320556640625, -7000.0
228.95077514648438, 269.5663146972656, -7000.0
233.05804443359375, 240.41250610351562, -4138.21875
237.2250518798828, 211.2633819580078, -430.49658203125
241.45150756835938, 182.12078857421875, 1983.333984375
245.7371063232422, 155.74330139160156, 1983.333984375
250.08157348632812, 154.104736328125, 1983.333984375
254.48460388183594, 174.2760009765625, 1983.333984375
258.9458923339844, 194.2845916748047, 1983.333984375
263.46514892578125, 214.1280059814453, 1983.333984375
268.0420227050781, 233.8056640625, 1983.333984375
272.67620849609375, 253.3150177001953, 1912.4154052734375
277.367431640625, 272.6564636230469, 1128.298095703125
282.1153259277344, 291.8304443359375, -1249.7872314453125
286.9195556640625, 310.8455505371094, -3402.453369140625
291.7798156738281, 329.70159912109375, -4223.6806640625
296.6957702636719, 348.3973083496094, -6581.474609375
301.6670837402344, 366.9258117675781, -7000.0
306.6933898925781, 384.3887939453125, -7000.0
311.7743835449219, 390.05426025390625, -7000.0
316.90966796875, 360.8916931152344, -7000.0
322.0989074707031, 331.7303161621094, -4403.25341796875
327.34173583984375, 302.5704650878906, -824.1841430664062
332.6378173828125, 273.4129943847656, 1983.333984375
337.9867858886719, 247.0318603515625, 1983.333984375
343.38824462890625, 245.3199005126953, 1983.333984375
348.8418273925781, 264.728759765625, 1983.333984375
354.34716796875, 283.9710998535156, 1983.333984375
359.9039001464844, 303.0539855957031, 1983.333984375
365.5115966796875, 321.9693298339844, 1983.333984375
371.169921875, 340.72552490234375, 1983.333984375
376.87847900390625, 359.3226013183594, 1805.0242919921875
382.6368408203125, 377.7602844238281, 1144.147705078125
388.44464111328125, 396.03961181640625, -893.5582885742188
394.30145263671875, 414.16815185546875, -2602.25927734375
400.2069091796875, 432.13824462890625, -2780.358642578125
406.16058349609375, 449.9574890136719, -4307.818359375
412.16204833984375, 466.6982421875, -6988.35205078125
418.2109375, 471.70977783203125, -7000.0
424.3067626953125, 442.5445556640625, -5391.064453125
430.4491882324219, 413.37994384765625, -2647.3095703125
436.6377258300781, 384.2160949707031, 1420.3018798828125
442.8719482421875, 357.8424377441406, 1983.333984375
449.1514892578125, 356.0372009277344, 1983.333984375
455.475830078125, 374.5035095214844, 1983.333984375
461.8446044921875, 392.810791015625, 1983.333984375
468.2573547363281, 410.9599609375, 1983.333984375
474.7136535644531, 428.95855712890625, 1983.333984375
481.2130126953125, 446.7986755371094, 1983.333984375
487.7550048828125, 464.48919677734375, 1983.333984375
494.33917236328125, 482.02996826171875, 1322.177978515625
500.965087890625, 499.42095947265625, 420.9180603027344
507.63226318359375, 516.662109375, -114.71342468261719
514.3402709960938, 533.75341796875, -1812.0693359375
521.088623046875, 550.696044921875, -1765.1658935546875
527.8768920898438, 566.5729370117188, -2760.878662109375
534.7045288085938, 570.7999877929688, -3409.0712890625
541.5711669921875, 541.6319580078125, -2726.721435546875
548.4762573242188, 512.4652709960938, 531.9960327148438
555.4193725585938, 486.102294921875, 1983.333984375
562.3999633789062, 483.2591247558594, 1983.333984375
569.4176025390625, 493.3754577636719, 1983.333984375
576.4718627929688, 510.6656799316406, 1983.333984375
583.5621337890625, 527.8074951171875, 1983.333984375
590.68798828125, 544.80859375, 1983.333984375
597.8489990234375, 561.6599731445312, 1983.333984375
605.0445556640625, 578.3632202148438, 1983.333984375
612.2742309570312, 594.9260864257812, 1983.333984375
619.5374755859375, 611.3490600585938, 975.7901000976562
626.8338623046875, 627.6321411132812, -51.97283935546875
634.162841796875, 643.7752685546875, -631.5565795898438
641.52392578125, 659.778564453125, -2171.306640625
648.9166259765625, 675.6430053710938, -1777.4481201171875
656.34033203125, 690.4464111328125, -2247.902099609375
663.794677734375, 693.710205078125, -2215.125244140625
671.279052734375, 664.5421142578125, -815.2817993164062
678.79296875, 635.3739624023438, 1983.333984375
686.3358764648438, 609.024169921875, 1983.333984375
693.9073486328125, 607.0006713867188, 1983.333984375
701.5067749023438, 623.322998046875, 1983.333984375
709.1336669921875, 639.5056762695312, 1983.333984375
716.7874755859375, 655.548583984375, 1983.333984375
724.4676513671875, 671.4517211914062, 1983.333984375
732.1737670898438, 687.216064453125, 1983.333984375
739.9052124023438, 702.8494262695312, 1983.333984375
747.6614379882812, 718.343994140625, 1983.333984375
755.4419555664062, 733.7086181640625, 1983.333984375
763.2462158203125, 748.9432373046875, 1809.513427734375
771.0736694335938, 764.0478515625, 826.2592163085938
778.923828125, 779.0226440429688, 33.46969985961914
786.7960815429688, 793.8673706054688, -259.9934387207031
794.68994140625, 807.6475830078125, -1212.459228515625
802.6047973632812, 812.8262329101562, -1804.039306640625
810.5401611328125, 808.4465942382812, -956.568603515625
818.4954833984375, 804.06689453125, 27.06769371032715
826.4701538085938, 799.6871337890625, 1429.1217041015625
834.4636840820312, 796.5518798828125, 1983.333984375
842.4755859375, 803.9925537109375, 1983.333984375
850.505126953125, 818.6268310546875, 1983.333984375
858.5519409179688, 833.1325073242188, 1983.333984375
866.6153564453125, 847.51708984375, 1983.333984375
874.69482421875, 861.7730102539062, 1761.5831298828125
882.7898559570312, 875.908935546875, 873.3424682617188
890.8998413085938, 889.9249267578125, 309.3682861328125
899.0242309570312, 903.8209838867188, -873.3790893554688
907.1624755859375, 917.5971069335938, -1506.473388671875
915.3140258789062, 931.253173828125, -2737.881591796875
923.478271484375, 944.7904663085938, -1696.3919677734375
931.6547241210938, 958.216552734375, -1307.774658203125
939.8427124023438, 970.5843505859375, -1416.927734375
948.041748046875, 971.6815795898438, -3533.987060546875
956.2512817382812, 942.5121459960938, -1267.245849609375
964.470703125, 916.1886596679688, 1983.333984375
972.6995239257812, 911.808837890625, 1983.333984375
980.93701171875, 909.5103149414062, 1983.333984375
989.1828002929688, 923.2359619140625, 1983.333984375
997.4361572265625, 936.8429565429688, 1983.333984375
1005.6965942382812, 950.3388061523438, 1983.333984375
1013.9635620117188, 963.7159423828125, 1983.333984375
1022.2363891601562, 976.9819946289062, 1983.333984375
1030.5146484375, 990.1292114257812, 1983.333984375
1038.797607421875, 1003.1664428710938, 1983.333984375
1047.0848388671875, 1016.0936889648438, 1983.333984375
1055.375732421875, 1028.91162109375, 1983.333984375
1063.669677734375, 1041.6187744140625, 1983.333984375
1071.9661865234375, 1054.216064453125, 1983.333984375
1080.2645263671875, 1066.703369140625, 1983.333984375
1088.5643310546875, 1079.082275390625, 1580.4078369140625
1096.8648681640625, 1091.359619140625, 754.5045776367188
1105.1656494140625, 1103.528076171875, 481.2540283203125
1113.466064453125, 1115.5958251953125, -197.67465209960938
1121.7655029296875, 1126.6085205078125, -224.32395935058594
1130.0634765625, 1130.0924072265625, -613.25
1138.359375, 1131.3372802734375, -174.48880004882812
1146.652587890625, 1127.4732666015625, 687.8753662109375
1154.942626953125, 1127.7904052734375, 1983.333984375
1163.2288818359375, 1131.0439453125, 1983.333984375
1171.5107421875, 1142.8719482421875, 1983.333984375
1179.7877197265625, 1154.6002197265625, 1983.333984375
1188.0592041015625, 1166.228515625, 1983.333984375
1196.32470703125, 1177.757080078125, 1983.333984375
1204.5833740234375, 1189.1854248046875, 1983.333984375
1212.8349609375, 1200.5137939453125, 1983.333984375
1221.0787353515625, 1211.743408203125, 1693.520751953125
1229.314208984375, 1222.8818359375, 1096.8612060546875
1237.540771484375, 1233.921630859375, 1160.9814453125
1245.7578125, 1244.8699951171875, 920.0156860351562
1253.96484375, 1255.7196044921875, 399.29217529296875
1262.1612548828125, 1265.527587890625, -270.195556640625
1270.346435546875, 1268.005615234375, -250.53753662109375
1278.52001953125, 1270.1929931640625, 455.4479064941406
1286.68115234375, 1270.3216552734375, 1103.4964599609375
1294.8294677734375, 1270.8438720703125, 1983.333984375
1302.96435546875, 1274.2333984375, 1983.333984375
1311.0853271484375, 1284.832763671875, 1983.333984375
1319.191650390625, 1295.34228515625, 1983.333984375
1327.282958984375, 1305.76171875, 1983.333984375
1335.358642578125, 1316.09130859375, 1983.333984375
1343.41796875, 1326.330810546875, 1983.333984375
1351.4605712890625, 1336.4820556640625, 1983.333984375
1359.4859619140625, 1346.5516357421875, 1983.333984375
1367.493408203125, 1356.532470703125, 1983.333984375
1375.4822998046875, 1366.43212890625, 1812.4678955078125
1383.452392578125, 1376.2427978515625, 1449.11083984375
1391.40283203125, 1385.972412109375, 909.8214111328125
1399.333251953125, 1395.57470703125, 1157.6632080078125
1407.2430419921875, 1404.7005615234375, 385.2066650390625
1415.131591796875, 1411.996826171875, 745.4014892578125
1422.99853515625, 1412.96142578125, 935.5256958007812
1430.8431396484375, 1421.221435546875, 1068.573974609375
1438.6650390625, 1429.4814453125, 1144.84326171875
1446.4635009765625, 1437.7415771484375, 1164.4764404296875
1454.2381591796875, 1446.001953125, 1127.5389404296875
1461.9884033203125, 1454.2620849609375, 1034.120849609375
1469.713623046875, 1462.5220947265625, 884.1965942382812
1477.4134521484375, 1470.7822265625, 677.6714477539062
1485.0872802734375, 1479.042236328125, 414.4138488769531
1492.7344970703125, 1487.3023681640625, 1036.2843017578125
1500.354736328125, 1495.5625, 611.7716674804688
1507.9473876953125, 1503.8226318359375, 1074.205078125
1515.5118408203125, 1512.082763671875, 491.8427734375
1523.0477294921875, 1519.375, 908.6234130859375
1530.554443359375, 1520.3436279296875, 1110.8157958984375
1538.0316162109375, 1528.603515625, 1213.29150390625
1545.478515625, 1536.8636474609375, 1217.59912109375
1552.8946533203125, 1545.1236572265625, 1125.1126708984375
1560.2796630859375, 1553.3837890625, 937.1234130859375
1567.6329345703125, 1561.6439208984375, 654.7740478515625
1574.9539794921875, 1569.9039306640625, 279.1083068847656
1582.2423095703125, 1578.1640625, 753.1176147460938
1589.4974365234375, 1586.4241943359375, 1088.4345703125
1596.71875, 1594.684326171875, 346.040283203125
1603.9058837890625, 1602.944580078125, 460.0617980957031
1611.058349609375, 1611.2047119140625, 441.64105224609375
1618.175537109375, 1618.4935302734375, 404.5545654296875
1625.257080078125, 1618.4937744140625, 237.7424774169922
1632.3023681640625, 1618.493896484375, 885.6253051757812
1639.31103515625, 1619.466064453125, 1983.333984375
1646.282470703125, 1627.72607421875, 1983.333984375
1653.2164306640625, 1635.9859619140625, 1983.333984375
1660.112060546875, 1644.2462158203125, 1983.333984375
1666.96923828125, 1652.5062255859375, 1983.333984375
1673.787353515625, 1660.766357421875, 1983.333984375
1680.5657958984375, 1669.0262451171875, 1983.333984375
1687.3043212890625, 1677.28662109375, 1983.333984375
1694.00244140625, 1685.5467529296875, 1931.4246826171875
1700.6595458984375, 1693.806884765625, 1698.67724609375
1707.2752685546875, 1702.0670166015625, 1289.4111328125
1713.8492431640625, 1710.3271484375, 707.6605834960938
1720.380859375, 1718.58740234375, 899.28564453125
1726.86962890625, 1726.8475341796875, 878.6301879882812
1733.3153076171875, 1734.1319580078125, 763.0574951171875
1739.7174072265625, 1734.1322021484375, 443.9232177734375
1746.0753173828125, 1734.13232421875, 868.431640625
1752.3887939453125, 1735.10888671875, 1882.5367431640625
1758.6572265625, 1743.368896484375, 1983.333984375
1764.88037109375, 1751.62890625, 1983.333984375
1771.0576171875, 1759.88916015625, 1983.333984375
1777.188720703125, 1768.1492919921875, 1983.333984375
1783.2730712890625, 1776.409423828125, 1749.5836181640625
1789.3104248046875, 1784.669677734375, 1273.144287109375
1795.3001708984375, 1792.9298095703125, 560.7159423828125
1801.2420654296875, 1801.1900634765625, 560.7051391601562
1807.1357421875, 1809.4501953125, 289.88897705078125
1812.9805908203125, 1817.7103271484375, -243.7804718017578
1818.7763671875, 1825.9705810546875, -534.9767456054688
1824.5225830078125, 1833.2509765625, -987.1397705078125
1830.2188720703125, 1832.7313232421875, -705.2423095703125
1835.8648681640625, 1828.3514404296875, 212.23448181152344
1841.4600830078125, 1823.971435546875, 1283.4022216796875
1847.0042724609375, 1820.111572265625, 1983.333984375
1852.4970703125, 1821.0926513671875, 1983.333984375
1857.9378662109375, 1829.3526611328125, 1983.333984375
1863.3265380859375, 1837.6126708984375, 1983.333984375
1868.66259765625, 1845.872802734375, 1983.333984375
1873.9456787109375, 1854.1329345703125, 1983.333984375
1879.1754150390625, 1862.39306640625, 1983.333984375
1884.3515625, 1870.653076171875, 1983.333984375
1889.4735107421875, 1878.9132080078125, 1983.333984375
1894.5411376953125, 1887.1734619140625, 1807.7152099609375
1899.5540771484375, 1895.43359375, 1269.273681640625
1904.5118408203125, 1903.6937255859375, 379.8499450683594
1909.4141845703125, 1911.953857421875, 92.7199478149414
1914.2608642578125, 1920.2142333984375, -72.89910125732422
1919.05126953125, 1927.489990234375, -514.6224975585938
1923.785400390625, 1926.9678955078125, -332.6582946777344
1928.462646484375, 1922.587890625, 379.039306640625
1933.0828857421875, 1918.207763671875, 1143.1199951171875
1937.6456298828125, 1914.3505859375, 1983.333984375
1942.1507568359375, 1915.3365478515625, 1983.333984375
1946.5977783203125, 1923.5965576171875, 1983.333984375
1950.986572265625, 1931.8565673828125, 1983.333984375
1955.316650390625, 1940.11669921875, 1983.333984375
1959.587890625, 1948.3768310546875, 1983.333984375
1963.7998046875, 1956.636962890625, 1784.56591796875
1967.9521484375, 1964.8970947265625, 1125.6400146484375
1972.0447998046875, 1973.1572265625, 964.830078125
1976.077392578125, 1981.4173583984375, 328.2591552734375
1980.0494384765625, 1989.6778564453125, -269.4560241699219
1983.9610595703125, 1997.9381103515625, -1334.9317626953125
1987.8116455078125, 2006.1982421875, -2851.765380859375
1991.60107421875, 2013.4691162109375, -1864.8927001953125
1995.3291015625, 2012.944580078125, -3266.85009765625
1998.9954833984375, 2005.5936279296875, -3337.79443359375
2002.599853515625, 1979.394775390625, -492.1841735839844
2006.1419677734375, 1975.0146484375, 1983.333984375
2009.6217041015625, 1971.1600341796875, 1983.333984375
2013.038818359375, 1972.1510009765625, 1983.333984375
2016.3929443359375, 1980.4107666015625, 1983.333984375
2019.68408203125, 1988.6708984375, 1983.333984375
2022.91162109375, 1996.9310302734375, 1983.333984375
2026.0758056640625, 2005.191162109375, 1983.333984375
2029.176025390625, 2013.451171875, 1983.333984375
2032.2122802734375, 2021.71142578125, 1983.333984375
2035.1842041015625, 2029.9715576171875, 1561.665283203125
2038.091796875, 2038.2318115234375, 548.525634765625
2040.9346923828125, 2046.4920654296875, -91.84622192382812
2043.712890625, 2054.752197265625, -829.7347412109375
2046.4259033203125, 2063.012451171875, -2165.538330078125
2049.07373046875, 2070.278564453125, -1136.8511962890625
2051.65625, 2069.75146484375, -2629.8779296875
2054.173095703125, 2062.386962890625, -2917.333984375
2056.624267578125, 2036.201904296875, -410.96868896484375
2059.009521484375, 2031.82177734375, 1802.5797119140625
2061.32861328125, 2027.969482421875, 1983.333984375
2063.58154296875, 2028.96484375, 1983.333984375
2065.76806640625, 2037.224853515625, 1983.333984375
2067.88818359375, 2045.4849853515625, 1983.333984375
2069.94140625, 2053.7451171875, 1983.333984375
2071.927978515625, 2062.00537109375, 1983.333984375
2073.847412109375, 2070.265380859375, 1375.5350341796875
2075.69970703125, 2078.525634765625, 1006.8935546875
2077.48486328125, 2086.785888671875, -84.34381103515625
2079.20263671875, 2095.0458984375, -1371.9310302734375
2080.85302734375, 2103.30615234375, -3351.5625
2082.435791015625, 2111.56640625, -3170.153564453125
2083.950927734375, 2119.826416015625, -3769.7177734375
2085.398193359375, 2127.088134765625, -5004.72216796875
2086.777587890625, 2123.561279296875, -5616.35888671875
2088.0888671875, 2094.390380859375, -2708.930419921875
2089.332275390625, 2065.219970703125, 209.7366180419922
2090.50732421875, 2036.04931640625, 1983.333984375
2091.6142578125, 2010.40966796875, 1983.333984375
2092.65283203125, 2011.4097900390625, 1983.333984375
2093.623046875, 2019.669677734375, 1983.333984375
2094.524658203125, 2027.9296875, 1983.333984375
2095.35791015625, 2036.1898193359375, 1983.333984375
2096.12255859375, 2044.449951171875, 1983.333984375
2096.818359375, 2052.71044921875, 1983.333984375
2097.445556640625, 2060.970703125, 1983.333984375
2098.004150390625, 2069.230712890625, 1983.333984375
2098.493896484375, 2077.490966796875, 1983.333984375
2098.9150390625, 2085.751220703125, 1983.333984375
2099.26708984375, 2094.01123046875, 1567.21142578125
2099.550537109375, 2102.271484375, 259.00103759765625
2099.764892578125, 2110.53173828125, -464.6887512207031
2099.910400390625, 2118.792236328125, -2080.90283203125
2099.987060546875, 2126.048095703125, -1611.6666259765625
2099.994873046875, 2125.515625, -1103.974609375
2099.93359375, 2118.1201171875, -2608.5361328125
2099.8037109375, 2088.94970703125, -714.322509765625
2099.604736328125, 2062.796142578125, 1983.333984375
2099.3369140625, 2058.416015625, 1983.333984375
2099.000244140625, 2055.5751953125, 1983.333984375
2098.5947265625, 2063.8349609375, 1983.333984375
2098.120361328125, 2072.094970703125, 1983.333984375
2097.577392578125, 2080.35498046875, 1983.333984375
2096.965576171875, 2088.615234375, 1921.365966796875
2096.284912109375, 2096.875244140625, 839.2625732421875
2095.535888671875, 2105.135498046875, -277.68145751953125
2094.718017578125, 2113.395751953125, -1879.886962890625
2093.831787109375, 2121.65576171875, -1622.4923095703125
2092.876953125, 2129.916015625, -2432.551513671875
2091.853759765625, 2138.17626953125, -4264.54345703125
2090.76220703125, 2146.4365234375, -7000.0
2089.6025390625, 2153.68798828125, -7000.0
2088.37451171875, 2150.12451171875, -7000.0
2087.078369140625, 2120.953857421875, -7000.0
2085.71435546875, 2091.783447265625, -3996.76171875
2084.2822265625, 2062.612548828125, -795.4545288085938
2082.782470703125, 2033.442138671875, 1983.333984375
2081.21484375, 2007.303955078125, 1983.333984375
2079.579833984375, 2004.47021484375, 1983.333984375
2077.877197265625, 2012.730224609375, 1983.333984375
2076.107177734375, 2020.9903564453125, 1983.333984375
2074.269775390625, 2029.25048828125, 1983.333984375
2072.365478515625, 2037.5106201171875, 1983.333984375
2070.39404296875, 2045.770751953125, 1983.333984375
2068.355712890625, 2054.031005859375, 1983.333984375
2066.250732421875, 2062.291015625, 1418.732177734375
2064.0791015625, 2070.55126953125, 630.573486328125
2061.841064453125, 2078.8115234375, -821.8199462890625
2059.536865234375, 2087.071533203125, -3410.6083984375
2057.16650390625, 2095.331787109375, -4260.322265625
2054.730224609375, 2102.578369140625, -6175.69775390625
2052.22802734375, 2098.997802734375, -7000.0
2049.66015625, 2069.8271484375, -5610.3642578125
2047.027099609375, 2040.6566162109375, -1253.1724853515625
2044.32861328125, 2011.486083984375, 1649.576171875
2041.565185546875, 1982.3155517578125, 1983.333984375
2038.73681640625, 1957.745361328125, 1983.333984375
2035.84375, 1966.00537109375, 1983.333984375
2032.88623046875, 1974.265380859375, 1983.333984375
2029.8643798828125, 1982.5255126953125, 1983.333984375
2026.778564453125, 1990.78564453125, 1983.333984375
2023.6287841796875, 1999.045654296875, 1983.333984375
2020.4154052734375, 2007.3057861328125, 1983.333984375
2017.138671875, 2015.566162109375, 1145.3416748046875
2013.7987060546875, 2023.8262939453125, -36.23649215698242
2010.395751953125, 2032.08642578125, -1995.713623046875
2006.9300537109375, 2040.3465576171875, -2372.925537109375
2003.40185546875, 2048.606689453125, -4080.375244140625
1999.8114013671875, 2055.8486328125, -6942.13232421875
1996.1590576171875, 2052.251953125, -7000.0
1992.44482421875, 2023.0814208984375, -6808.7890625
1988.669189453125, 1993.910888671875, -3720.851806640625
1984.8323974609375, 1964.740234375, -714.2870483398438
1980.9344482421875, 1935.5697021484375, 1983.333984375
1976.9759521484375, 1909.4598388671875, 1983.333984375
1972.9569091796875, 1906.6407470703125, 1983.333984375
1968.8778076171875, 1914.9007568359375, 1983.333984375
1964.7388916015625, 1923.1607666015625, 1983.333984375
1960.540283203125, 1931.4208984375, 1983.333984375
1956.2823486328125, 1939.680908203125, 1983.333984375
1951.965576171875, 1947.94091796875, 1425.6614990234375
1947.5899658203125, 1956.201171875, 391.874755859375
1943.156005859375, 1964.4613037109375, -1545.196044921875
1938.6639404296875, 1972.7215576171875, -2018.586669921875
1934.114013671875, 1980.981689453125, -3934.353515625
1929.5067138671875, 1989.241943359375, -7000.0
1924.84228515625, 1997.502197265625, -7000.0
1920.1209716796875, 2004.7392578125, -7000.0
1915.3431396484375, 2001.1253662109375, -7000.0
1910.5091552734375, 1971.954833984375, -7000.0
1905.6192626953125, 1942.7843017578125, -7000.0
1900.673828125, 1913.6126708984375, -4783.73876953125
1895.67333984375, 1884.442138671875, -2738.462158203125
1890.6180419921875, 1855.271484375, 524.4730224609375
1885.5081787109375, 1829.1778564453125, 1983.333984375
1880.34423828125, 1826.366943359375, 1983.333984375
1875.12646484375, 1834.626953125, 1983.333984375
1869.8553466796875, 1842.886962890625, 1983.333984375
1864.53125, 1851.1470947265625, 1983.333984375
1859.154296875, 1859.4071044921875, 935.7689208984375
1853.7252197265625, 1867.667236328125, -186.19593811035156
1848.244140625, 1875.927490234375, -2824.67578125
1842.71142578125, 1884.1875, -4083.50439453125
1837.127685546875, 1892.44775390625, -6863.75341796875
1831.4930419921875, 1900.7078857421875, -7000.0
1825.8079833984375, 1908.9681396484375, -7000.0
1820.072998046875, 1917.228271484375, -7000.0
1814.288330078125, 1924.4599609375, -7000.0
1808.4544677734375, 1920.826904296875, -7000.0
1802.57177734375, 1891.6563720703125, -7000.0
1796.6407470703125, 1862.486083984375, -7000.0
1790.66162109375, 1833.3154296875, -7000.0
1784.635009765625, 1804.1451416015625, -5536.2509765625
1778.5611572265625, 1774.9744873046875, -1502.4398193359375
1772.4405517578125, 1745.803955078125, 701.6970825195312
1766.2735595703125, 1716.6334228515625, 1983.333984375
1760.060791015625, 1692.13427734375, 1983.333984375
1753.802490234375, 1700.3941650390625, 1983.333984375
1747.4991455078125, 1708.654296875, 1983.333984375
1741.151123046875, 1716.914306640625, 1983.333984375
1734.7589111328125, 1725.174560546875, 1983.333984375
1728.3231201171875, 1733.4346923828125, 379.4461364746094
1721.8438720703125, 1741.69482421875, -1391.21435546875
1715.3218994140625, 1749.9549560546875, -1939.097900390625
1708.7574462890625, 1758.2152099609375, -4156.189453125
1702.1510009765625, 1766.4754638671875, -7000.0
1695.503173828125, 1774.73583984375, -7000.0
1688.8143310546875, 1782.99609375, -7000.0
1682.0848388671875, 1790.222412109375, -7000.0
1675.315185546875, 1786.5706787109375, -7000.0
1668.5059814453125, 1757.400146484375, -7000.0
1661.6575927734375, 1728.2298583984375, -7000.0
1654.7705078125, 1699.059326171875, -7000.0
1647.84521484375, 1669.8890380859375, -5826.7412109375
1640.8822021484375, 1640.718505859375, -2170.68603515625
1633.8818359375, 1611.5479736328125, 515.9805908203125
1626.8447265625, 1582.3775634765625, 1983.333984375
1619.7713623046875, 1556.866455078125, 1983.333984375
1612.662109375, 1557.9029541015625, 1983.333984375
1605.517578125, 1566.1629638671875, 1983.333984375
1598.338134765625, 1574.423095703125, 1983.333984375
1591.1243896484375, 1582.683349609375, 1929.9439697265625
1583.8768310546875, 1590.9434814453125, 1046.4974365234375
1576.595947265625, 1599.2037353515625, -1073.586181640625
1569.2822265625, 1607.464111328125, -2044.04833984375
1561.9361572265625, 1615.7242431640625, -4752.0576171875
1554.5582275390625, 1623.9847412109375, -7000.0
1547.1490478515625, 1632.2452392578125, -7000.0
1539.708984375, 1640.505615234375, -7000.0
1532.2386474609375, 1648.76611328125, -7000.0
1524.738525390625, 1655.9871826171875, -7000.0
1517.209228515625, 1652.3157958984375, -7000.0
