1985.50439453125, 1998.4913330078125, -976.2926635742188
1981.6170654296875, 1994.7315673828125, -1918.3839111328125
1977.6690673828125, 2002.9666748046875, -1384.6541748046875
1973.66064453125, 1990.9085693359375, -2779.217529296875
1969.5919189453125, 1999.146240234375, -2689.30712890625
1965.46337890625, 2007.3931884765625, -4022.661865234375
1961.275146484375, 2015.64306640625, -6714.6416015625
1957.027587890625, 1999.2918701171875, -5471.19091796875
1948.35546875, 1970.115234375, -4360.20654296875
1943.931640625, 1940.9376220703125, -3297.129150390625
1939.44970703125, 1911.765625, 42.138389587402344
1934.909912109375, 1882.5965576171875, 1983.333984375
1930.3125, 1872.591552734375, 1983.333984375
1925.657958984375, 1878.01904296875, 1983.333984375
1920.946533203125, 1886.28125, 1983.333984375
1916.178466796875, 1894.54345703125, 1983.333984375
1911.354248046875, 1902.8050537109375, 1939.7933349609375
1906.47412109375, 1911.066162109375, 396.2001037597656
1901.538330078125, 1919.3265380859375, -1139.251220703125
1896.54736328125, 1927.5860595703125, -1286.9716796875
1891.5015869140625, 1935.8450927734375, -2949.3037109375
1886.4012451171875, 1944.1031494140625, -6056.87353515625
1881.2467041015625, 1952.36083984375, -7000.0
1876.0382080078125, 1960.618408203125, -7000.0
1870.7763671875, 1968.875732421875, -7000.0
1865.46142578125, 1971.7010498046875, -7000.0
1860.09375, 1952.5152587890625, -7000.0
1854.673583984375, 1923.34130859375, -7000.0
1849.2015380859375, 1894.1666259765625, -7000.0
1843.6778564453125, 1864.992919921875, -5741.53466796875
1838.1029052734375, 1835.8194580078125, -1845.5057373046875
1832.47705078125, 1806.6463623046875, 284.2071228027344
1826.80078125, 1777.4736328125, 1983.333984375
1821.074462890625, 1772.9251708984375, 1983.333984375
1815.2984619140625, 1781.1834716796875, 1983.333984375
1809.47314453125, 1789.442138671875, 1983.333984375
1803.598876953125, 1797.7010498046875, 1639.746826171875
1797.67626953125, 1805.960205078125, 632.3895874023438
1791.7054443359375, 1814.2198486328125, -1455.7283935546875
1785.68701171875, 1822.47900390625, -2247.218505859375
1779.621337890625, 1830.738525390625, -4638.58251953125
1773.5089111328125, 1838.9981689453125, -7000.0
1767.3499755859375, 1847.2578125, -7000.0
1761.1451416015625, 1855.5177001953125, -7000.0
1754.8946533203125, 1863.777587890625, -7000.0
1748.59912109375, 1866.600341796875, -7000.0
1742.2589111328125, 1847.3973388671875, -7000.0
1735.8743896484375, 1818.2266845703125, -7000.0
1729.446044921875, 1789.0560302734375, -7000.0
1722.974365234375, 1759.8853759765625, -7000.0
1716.459716796875, 1730.71484375, -4935.4873046875
1709.9027099609375, 1701.544189453125, -3212.2451171875
1703.3035888671875, 1672.373779296875, 510.1407165527344
1696.662841796875, 1643.2032470703125, 1983.333984375
1689.9810791015625, 1633.24267578125, 1983.333984375
1683.2586669921875, 1638.682373046875, 1983.333984375
1676.49609375, 1646.9422607421875, 1983.333984375
1669.6937255859375, 1655.202392578125, 1983.333984375
1662.85205078125, 1663.4625244140625, 893.94091796875
1655.9716796875, 1671.7227783203125, -433.8988037109375
1649.052978515625, 1679.98291015625, -3432.491455078125
1642.096435546875, 1688.2430419921875, -5196.61767578125
1635.1026611328125, 1696.5032958984375, -7000.0
1628.0718994140625, 1704.763427734375, -7000.0
1621.0047607421875, 1713.023681640625, -7000.0
1613.9017333984375, 1721.2838134765625, -7000.0
1606.7633056640625, 1729.5440673828125, -7000.0
1599.58984375, 1732.361083984375, -7000.0
1592.382080078125, 1713.137451171875, -7000.0
1585.140380859375, 1683.9669189453125, -7000.0
1577.865234375, 1654.7965087890625, -7000.0
1570.5572509765625, 1625.6260986328125, -7000.0
1563.2166748046875, 1596.45556640625, -7000.0
1555.8443603515625, 1567.2850341796875, -4614.03857421875
1548.4405517578125, 1538.1146240234375, -2682.34765625
1541.005859375, 1508.9442138671875, 1142.449951171875
1533.540771484375, 1479.773681640625, 1983.333984375
1526.0457763671875, 1469.8350830078125, 1983.333984375
1518.521484375, 1475.281005859375, 1983.333984375
1510.96826171875, 1491.80078125, 1983.333984375
1495.7774658203125, 1500.0609130859375, 472.9372863769531
1488.1409912109375, 1508.321044921875, -1341.3616943359375
1480.4776611328125, 1516.5810546875, -2061.28466796875
1472.7882080078125, 1524.8411865234375, -4570.56689453125
1465.072998046875, 1533.1015625, -7000.0
1457.3326416015625, 1541.3616943359375, -7000.0
1449.5677490234375, 1549.6217041015625, -7000.0
1441.7786865234375, 1557.8817138671875, -7000.0
1433.966064453125, 1566.1419677734375, -7000.0
1426.1304931640625, 1568.953125, -7000.0
1418.2723388671875, 1549.708984375, -7000.0
1410.392333984375, 1520.53857421875, -7000.0
1402.490966796875, 1491.3681640625, -7000.0
1394.5687255859375, 1462.1978759765625, -7000.0
1386.626220703125, 1433.0274658203125, -7000.0
1378.6639404296875, 1403.85693359375, -6188.5234375
1370.682373046875, 1374.6866455078125, -2992.494384765625
1362.6822509765625, 1345.516357421875, -359.7373352050781
1354.6640625, 1316.3448486328125, 1983.333984375
1346.6282958984375, 1303.537109375, 1983.333984375
1338.575439453125, 1308.8863525390625, 1983.333984375
1330.5062255859375, 1319.187255859375, 1983.333984375
1322.421142578125, 1329.404296875, 883.3617553710938
1314.32080078125, 1339.5352783203125, -1528.22021484375
1306.20556640625, 1349.575927734375, -3070.8466796875
1298.076171875, 1359.5333251953125, -6606.50390625
1289.93310546875, 1369.4039306640625, -7000.0
1281.7769775390625, 1379.1912841796875, -7000.0
1273.6083984375, 1388.8919677734375, -7000.0
1265.427734375, 1398.4827880859375, -7000.0
1257.2357177734375, 1407.1876220703125, -7000.0
1249.0328369140625, 1415.4510498046875, -7000.0
1240.8197021484375, 1418.25537109375, -7000.0
1232.596923828125, 1398.9873046875, -7000.0
1224.364990234375, 1369.8170166015625, -7000.0
1216.1243896484375, 1340.6468505859375, -7000.0
1207.8758544921875, 1311.4765625, -7000.0
1199.619873046875, 1282.3062744140625, -7000.0
1191.3570556640625, 1253.135009765625, -7000.0
1183.0880126953125, 1223.9647216796875, -7000.0
1174.8131103515625, 1194.7945556640625, -5592.48193359375
1166.5330810546875, 1165.6243896484375, -1864.5953369140625
1158.24853515625, 1136.4544677734375, 332.4251708984375
1149.9599609375, 1107.2843017578125, 1983.333984375
1141.66796875, 1099.984130859375, 1983.333984375
1133.373046875, 1109.2972412109375, 1983.333984375
1125.0758056640625, 1121.3109130859375, 967.5108642578125
1116.77685546875, 1133.2244873046875, -445.51171875
1108.476806640625, 1145.0318603515625, -1262.854248046875
1100.176025390625, 1156.7357177734375, -4328.7880859375
1091.8753662109375, 1168.339599609375, -7000.0
1083.5751953125, 1179.8436279296875, -7000.0
1075.2762451171875, 1191.254150390625, -7000.0
1066.97900390625, 1202.568115234375, -7000.0
1058.6839599609375, 1213.7821044921875, -7000.0
1050.3917236328125, 1224.9027099609375, -7000.0
1042.10302734375, 1235.9266357421875, -7000.0
1033.8182373046875, 1241.4345703125, -7000.0
1025.5379638671875, 1223.0572509765625, -7000.0
1017.262939453125, 1193.88720703125, -7000.0
1008.9935913085938, 1164.7171630859375, -7000.0
1000.73046875, 1135.5472412109375, -7000.0
992.4741821289062, 1106.377197265625, -7000.0
984.225341796875, 1077.2071533203125, -7000.0
975.9844360351562, 1048.037109375, -7000.0
967.7521362304688, 1018.8671264648438, -7000.0
959.5289306640625, 989.697265625, -6758.75439453125
951.3153686523438, 960.5275268554688, -4131.232421875
943.112060546875, 931.3577270507812, -2061.811767578125
934.9195556640625, 902.1880493164062, 1167.5484619140625
926.7384643554688, 889.422119140625, 1983.333984375
918.5692749023438, 891.7262573242188, 1983.333984375
910.41259765625, 902.8329467773438, 1190.538330078125
902.2689819335938, 916.613037109375, -1116.4285888671875
894.1390380859375, 930.2799072265625, -1853.1656494140625
886.023193359375, 943.8302612304688, -5032.7119140625
877.922119140625, 957.2606201171875, -7000.0
869.8363647460938, 970.5776977539062, -7000.0
861.7664794921875, 983.7847900390625, -7000.0
853.7130126953125, 996.8753662109375, -7000.0
845.676513671875, 1009.8524780273438, -7000.0
837.657470703125, 1022.7196044921875, -7000.0
829.6565551757812, 1035.476806640625, -7000.0
821.67431640625, 1048.1239013671875, -7000.0
813.711181640625, 1055.2379150390625, -7000.0
805.767822265625, 1037.3770751953125, -7000.0
797.8446655273438, 1008.2073974609375, -7000.0
789.9423828125, 979.03759765625, -7000.0
782.0614624023438, 949.8678588867188, -7000.0
774.2024536132812, 920.6981811523438, -7000.0
766.3659057617188, 891.5285034179688, -7000.0
758.5523071289062, 833.1895141601562, -7000.0
742.9962158203125, 804.0202026367188, -7000.0
735.2548217773438, 774.8508911132812, -7000.0
727.53857421875, 745.6818237304688, -5382.51171875
719.8479614257812, 716.5128173828125, -1387.7027587890625
712.18359375, 687.3440551757812, 695.2010498046875
704.5458984375, 658.1754150390625, 1983.333984375
696.9354248046875, 653.4840698242188, 1983.333984375
689.352783203125, 666.6406860351562, 1983.333984375
681.7984008789062, 682.4466552734375, 975.7312622070312
674.2728881835938, 698.1195678710938, -1284.6903076171875
666.776611328125, 713.656005859375, -3241.93017578125
659.3102416992188, 729.0592651367188, -7000.0
651.874267578125, 744.3330688476562, -7000.0
644.4691162109375, 759.4764404296875, -7000.0
637.0953979492188, 774.4898681640625, -7000.0
629.7535400390625, 789.373291015625, -7000.0
622.444091796875, 804.1267700195312, -7000.0
615.1675415039062, 818.7569580078125, -7000.0
607.9244384765625, 833.2609252929688, -7000.0
600.7152099609375, 842.2105102539062, -7000.0
593.5403442382812, 824.9383544921875, -7000.0
586.4004516601562, 795.7692260742188, -7000.0
579.2958984375, 766.6001586914062, -7000.0
572.2272338867188, 737.4312744140625, -7000.0
565.1949462890625, 708.2623901367188, -7000.0
558.199462890625, 679.0936279296875, -7000.0
551.2413330078125, 649.9249877929688, -7000.0
544.321044921875, 620.7567138671875, -7000.0
537.4390258789062, 591.5875244140625, -7000.0
530.5957641601562, 562.4197387695312, -6947.46875
523.791748046875, 533.2522583007812, -4337.90087890625
517.0274047851562, 504.085205078125, -2120.85791015625
510.3032531738281, 474.91864013671875, 999.4236450195312
503.6197204589844, 462.200927734375, 1983.333984375
496.977294921875, 466.9518127441406, 1983.333984375
490.37640380859375, 481.711669921875, 904.7576293945312
483.8175354003906, 499.0994873046875, -370.6569519042969
477.3011169433594, 516.3377075195312, -1474.943603515625
470.8276062011719, 533.4329833984375, -5221.5830078125
464.3974304199219, 550.3817749023438, -7000.0
458.0110778808594, 567.1875, -7000.0
451.6689453125, 583.8466796875, -7000.0
445.3714599609375, 600.3632202148438, -7000.0
439.1191101074219, 616.7398681640625, -7000.0
432.91229248046875, 632.9765625, -7000.0
426.7514343261719, 649.07275390625, -7000.0
420.636962890625, 665.0289916992188, -7000.0
414.5693054199219, 675.4066162109375, -7000.0
408.54888916015625, 658.5795288085938, -7000.0
402.57611083984375, 629.411376953125, -7000.0
396.6513671875, 600.243408203125, -7000.0
390.77508544921875, 571.07568359375, -7000.0
384.94769287109375, 541.9081420898438, -7000.0
379.1695556640625, 512.740966796875, -7000.0
373.44110107421875, 483.5742492675781, -7000.0
367.7626953125, 454.4080505371094, -7000.0
362.1347351074219, 425.24249267578125, -7000.0
356.5576171875, 396.07769775390625, -7000.0
351.03173828125, 366.9139099121094, -5120.21337890625
345.5574645996094, 337.7513427734375, -3448.814453125
340.1351623535156, 308.59033203125, -860.6089477539062
334.7652282714844, 295.899658203125, 1482.152099609375
329.447998046875, 296.5238952636719, 1983.333984375
324.1838684082031, 310.1833801269531, 1351.4337158203125
318.97320556640625, 329.04022216796875, -1043.7208251953125
313.8163757324219, 347.7381896972656, -1526.1893310546875
308.71368408203125, 366.2770690917969, -4690.76611328125
303.66552734375, 384.65655517578125, -7000.0
298.6722412109375, 402.8766174316406, -7000.0
293.7341613769531, 420.94378662109375, -7000.0
288.8516540527344, 438.8546142578125, -7000.0
284.0250244140625, 456.6123962402344, -7000.0
279.2546081542969, 474.22039794921875, -7000.0
274.5407409667969, 491.6786193847656, -7000.0
269.8837585449219, 508.98699951171875, -7000.0
265.2839660644531, 520.6998901367188, -7000.0
260.74169921875, 504.28948974609375, -7000.0
256.25726318359375, 475.123291015625, -7000.0
251.83096313476562, 445.95745849609375, -7000.0
247.4630889892578, 416.79229736328125, -7000.0
243.15396118164062, 387.62786865234375, -7000.0
238.9038848876953, 358.4643859863281, -7000.0
234.713134765625, 329.30224609375, -7000.0
230.58200073242188, 300.1417541503906, -7000.0
226.51077270507812, 270.9835205078125, -7000.0
222.49972534179688, 241.8284149169922, -5509.6298828125
218.5491485595703, 212.6775665283203, -1207.5455322265625
214.6593017578125, 183.5331268310547, 1106.6787109375
210.83045959472656, 154.39865112304688, 1983.333984375
207.06288146972656, 152.68870544433594, 1983.333984375
203.35682678222656, 170.13772583007812, 1983.333984375
199.71255493164062, 190.18182373046875, 729.7338256835938
196.1303253173828, 210.06103515625, -373.0195617675781
192.61036682128906, 229.77386474609375, -1254.8914794921875
189.15292358398438, 249.3192138671875, -4726.67578125
185.75823974609375, 268.69659423828125, -7000.0
182.4265594482422, 287.90545654296875, -7000.0
179.15809631347656, 306.95281982421875, -7000.0
175.9530792236328, 325.84039306640625, -7000.0
172.81173706054688, 344.5686950683594, -7000.0
169.73428344726562, 363.1376037597656, -7000.0
166.72091674804688, 381.5470886230469, -7000.0
163.77186584472656, 394.34490966796875, -7000.0
160.88731384277344, 378.2672424316406, -7000.0
158.06747436523438, 349.1045837402344, -7000.0
155.3125457763672, 319.9432067871094, -7000.0
152.62269592285156, 290.7836608886719, -7000.0
149.9981231689453, 261.62640380859375, -7000.0
147.4390106201172, 232.47251892089844, -7000.0
144.94554138183594, 203.32342529296875, -7000.0
142.5178680419922, 174.1816864013672, -6915.31689453125
140.15615844726562, 145.05165100097656, -3766.687744140625
137.860595703125, 115.94216918945312, -526.094970703125
135.63133239746094, 86.87390899658203, 1983.333984375
133.468505859375, 74.2902603149414, 1983.333984375
131.37228393554688, 86.6832046508789, 1983.333984375
129.34278869628906, 107.38256072998047, 1983.333984375
127.38018798828125, 127.93614196777344, 466.1864013671875
125.48460388183594, 148.3288116455078, -1636.0948486328125
123.65615844726562, 168.551025390625, -3333.908935546875
121.89498901367188, 188.60646057128906, -7000.0
120.20121765136719, 208.49636840820312, -7000.0
118.574951171875, 228.2194061279297, -7000.0
117.01631164550781, 247.77479553222656, -7000.0
115.52539825439453, 267.1619873046875, -7000.0
114.1023178100586, 286.3872985839844, -7000.0
112.7471694946289, 305.4470520019531, -7000.0
111.46004486083984, 318.8867492675781, -7000.0
110.24103546142578, 302.9976806640625, -7000.0
109.09022521972656, 273.83978271484375, -7000.0
108.00768280029297, 244.68463134765625, -7000.0
106.99349975585938, 215.5336456298828, -7000.0
106.04773712158203, 186.38856506347656, -7000.0
105.17045593261719, 157.2528839111328, -7000.0
104.3617172241211, 128.13323974609375, -6003.9462890625
103.62158966064453, 99.04376220703125, -1804.030517578125
102.95011138916016, 70.0220718383789, 670.3491821289062
102.34732818603516, 41.21161651611328, 1983.333984375
101.81329345703125, 40.23818588256836, 1983.333984375
101.34803009033203, 58.413551330566406, 1983.333984375
100.95157623291016, 79.28023529052734, 1983.333984375
100.62396240234375, 100.03719329833984, 578.1463012695312
100.3652114868164, 120.64749145507812, -1230.6612548828125
100.17533111572266, 141.0959014892578, -2489.49267578125
100.0543441772461, 161.3829803466797, -6024.45751953125
100.00225830078125, 181.4998321533203, -7000.0
100.01907348632812, 201.4482421875, -7000.0
100.10478973388672, 221.23086547851562, -7000.0
100.2593994140625, 240.8453369140625, -7000.0
100.48289489746094, 260.2917785644531, -7000.0
100.77526092529297, 279.5765075683594, -7000.0
101.136474609375, 293.2318115234375, -7000.0
101.56651306152344, 277.3845520019531, -7000.0
102.06534576416016, 248.22926330566406, -7000.0
102.6329345703125, 219.07772827148438, -7000.0
103.26924896240234, 189.93199157714844, -7000.0
103.9742431640625, 160.7950439453125, -7000.0
104.74786376953125, 131.67291259765625, -6365.68994140625
105.59005737304688, 102.57852172851562, -2328.34228515625
106.50077819824219, 73.54475402832031, 176.04466247558594
107.47994232177734, 44.68994903564453, 1983.333984375
108.52749633789062, 43.72607421875, 1983.333984375
109.64337158203125, 61.91561508178711, 1983.333984375
110.82747650146484, 82.76800537109375, 1983.333984375
112.07974243164062, 103.50181579589844, 552.711181640625
113.40007781982422, 124.08567810058594, -157.40415954589844
114.78839111328125, 144.50611877441406, -3014.65869140625
116.24459075927734, 164.76368713378906, -5057.83349609375
117.76856994628906, 184.85134887695312, -7000.0
119.3602294921875, 204.77029418945312, -7000.0
121.01945495605469, 224.52255249023438, -7000.0
122.74613952636719, 244.10728454589844, -7000.0
124.5401611328125, 263.53057861328125, -7000.0
126.4013900756836, 282.7887268066406, -7000.0
128.32969665527344, 296.40826416015625, -7000.0
130.32496643066406, 280.5224304199219, -7000.0
132.3870391845703, 251.3667755126953, -7000.0
134.5157928466797, 222.21473693847656, -7000.0
136.7110595703125, 193.06825256347656, -7000.0
138.9727020263672, 163.93011474609375, -6146.498046875
141.30056762695312, 134.80593872070312, -1730.7774658203125
143.69448852539062, 105.70755767822266, 392.2955017089844
146.154296875, 76.6642837524414, 1983.333984375
148.67982482910156, 80.97080993652344, 1983.333984375
151.2709197998047, 101.70915985107422, 1983.333984375
153.9273681640625, 122.30003356933594, 1983.333984375
156.6490020751953, 142.7363739013672, 1191.1339111328125
159.43563842773438, 163.00604248046875, -603.8239135742188
162.28709411621094, 183.109619140625, -2426.296875
165.20314025878906, 203.04811096191406, -3281.56982421875
168.18360900878906, 222.8199920654297, -6017.53759765625
171.22828674316406, 242.42442321777344, -7000.0
174.33694458007812, 261.86151123046875, -7000.0
177.50938415527344, 281.1294250488281, -7000.0
180.74539184570312, 300.23516845703125, -7000.0
184.04473876953125, 313.69927978515625, -7000.0
187.40721130371094, 297.7341613769531, -7000.0
190.83255004882812, 268.5767517089844, -7000.0
194.32052612304688, 239.42225646972656, -7000.0
197.87091064453125, 210.27218627929688, -4714.7119140625
201.48345947265625, 181.1285400390625, -1618.12109375
205.1579132080078, 151.99513244628906, 1983.333984375
208.89402770996094, 139.4339599609375, 1983.333984375
212.6915283203125, 151.57423400878906, 1983.333984375
216.55018615722656, 171.77203369140625, 1983.333984375
220.46971130371094, 191.8000030517578, 1983.333984375
224.4498291015625, 211.65936279296875, 1121.4796142578125
228.4902801513672, 231.35195922851562, -528.81982421875
232.5907745361328, 250.87709045410156, -2070.224609375
236.7510528564453, 270.2407531738281, -2449.3115234375
240.97079467773438, 289.4391174316406, -4524.6923828125
245.24972534179688, 308.4752502441406, -7000.0
249.5875701904297, 327.352294921875, -7000.0
253.98399353027344, 346.0633850097656, -7000.0
258.438720703125, 364.6117858886719, -7000.0
262.951416015625, 377.5189514160156, -7000.0
267.52178955078125, 361.345458984375, -7000.0
272.1495361328125, 332.1825866699219, -7000.0
276.8343200683594, 303.0222473144531, -6298.00439453125
281.5758056640625, 273.86407470703125, -1750.0789794921875
286.37371826171875, 244.70864868164062, 909.736328125
291.2276611328125, 215.55731201171875, 1983.333984375
296.1373291015625, 219.1569061279297, 1983.333984375
301.1023864746094, 238.7891845703125, 1983.333984375
306.12249755859375, 258.254150390625, 1983.333984375
311.19732666015625, 277.5511779785156, 1983.333984375
316.32647705078125, 296.6863098144531, 1983.333984375
321.5096435546875, 315.66259765625, 422.8571472167969
326.7464599609375, 334.47314453125, -1653.2005615234375
332.0365295410156, 353.12109375, -3462.762451171875
337.3795166015625, 371.609619140625, -3860.521728515625
342.7750549316406, 389.9453125, -5719.75439453125
348.2227783203125, 408.1247253417969, -7000.0
353.7222900390625, 426.1445007324219, -7000.0
359.2732238769531, 438.5243835449219, -7000.0
364.87518310546875, 422.15228271484375, -7000.0
370.52783203125, 392.988037109375, -5874.0
376.230712890625, 363.8245544433594, -3639.48486328125
381.98345947265625, 334.66241455078125, 788.1323852539062
387.78570556640625, 305.5016784667969, 1983.333984375
393.6369934082031, 303.12152099609375, 1983.333984375
399.5369873046875, 319.3356628417969, 1983.333984375
405.4851989746094, 338.1119689941406, 1983.333984375
411.4812927246094, 356.7293395996094, 1983.333984375
417.52484130859375, 375.1875915527344, 1983.333984375
423.6153869628906, 393.4930419921875, 1983.333984375
429.7525634765625, 411.64239501953125, 1917.6181640625
435.9358825683594, 429.6321716308594, 521.24755859375
442.1650085449219, 447.46893310546875, -1174.521728515625
448.4394226074219, 465.15594482421875, -2510.2001953125
454.75872802734375, 482.6932067871094, -2236.919677734375
461.1225280761719, 500.0806579589844, -3239.11962890625
467.5303039550781, 517.3189086914062, -5430.9033203125
473.981689453125, 528.91357421875, -7000.0
480.4761962890625, 512.259521484375, -6942.83740234375
487.0133972167969, 483.0931396484375, -2801.964599609375
493.59283447265625, 453.9271545410156, 821.6221923828125
500.21405029296875, 424.76177978515625, 1983.333984375
506.8765869140625, 421.72064208984375, 1983.333984375
513.5800170898438, 436.9295349121094, 1983.333984375
520.3238525390625, 454.7292785644531, 1983.333984375
527.1076049804688, 472.355712890625, 1983.333984375
533.9308471679688, 489.8258361816406, 1983.333984375
540.7930297851562, 507.14959716796875, 1983.333984375
547.69384765625, 524.3270263671875, 1983.333984375
554.6326293945312, 541.3545532226562, 1489.746826171875
561.6090698242188, 558.2322387695312, 846.1143798828125
568.62255859375, 574.9668579101562, -861.6567993164062
575.6726684570312, 591.5615234375, -2119.396484375
582.7589111328125, 608.0162963867188, -1560.2974853515625
589.8807373046875, 624.3311157226562, -2081.34130859375
597.0377807617188, 634.990478515625, -2977.121337890625
604.2294921875, 617.962646484375, -1056.0892333984375
611.455322265625, 588.794921875, 664.4376220703125
618.71484375, 559.6273193359375, 1983.333984375
626.0075073242188, 555.8847045898438, 1983.333984375
633.3328247070312, 569.960205078125, 1983.333984375
640.6903076171875, 586.600341796875, 1983.333984375
648.0794067382812, 603.0946655273438, 1983.333984375
655.4996948242188, 619.44921875, 1983.333984375
662.9505615234375, 635.6639404296875, 1983.333984375
670.4315795898438, 651.7387084960938, 1983.333984375
677.942138671875, 667.67431640625, 1267.9580078125
685.4818725585938, 683.4760131835938, 600.26220703125
693.0501098632812, 699.14111328125, -945.4453735351562
700.6463623046875, 714.6729125976562, -1986.36328125
708.2702026367188, 730.068115234375, -1038.4298095703125
715.9209594726562, 745.3300170898438, -1008.994140625
723.5982055664062, 754.9453125, -1202.7640380859375
731.3014526367188, 737.5463256835938, -1340.10009765625
739.030029296875, 708.3775634765625, 483.534912109375
746.7835083007812, 695.9105834960938, 1983.333984375
754.561279296875, 704.9718017578125, 1983.333984375
762.3629150390625, 720.4532470703125, 1983.333984375
770.1878051757812, 735.7981567382812, 1983.333984375
778.035400390625, 751.0098876953125, 1983.333984375
785.9051513671875, 766.091796875, 1983.333984375
793.7965698242188, 781.0437622070312, 1662.8858642578125
801.7091064453125, 795.8724365234375, 581.3977661132812
809.6421508789062, 810.5745849609375, -264.2771911621094
817.5952758789062, 825.1466064453125, -598.337158203125
825.5678100585938, 839.595458984375, -1656.8897705078125
833.5592651367188, 853.92431640625, -3387.818603515625
841.5690307617188, 868.1264038085938, -2914.65087890625
849.5966796875, 876.6843872070312, -2525.753173828125
857.6415405273438, 858.9251708984375, -2029.2728271484375
865.7030639648438, 829.7559204101562, 553.205078125
873.7808227539062, 817.3008422851562, 1983.333984375
881.8740844726562, 825.6709594726562, 1983.333984375
889.982421875, 840.1127319335938, 1983.333984375
898.105224609375, 854.4313354492188, 1983.333984375
906.241943359375, 868.6300048828125, 1983.333984375
914.3919677734375, 882.7088012695312, 1983.333984375
922.5548095703125, 896.667724609375, 1983.333984375
930.7299194335938, 910.506591796875, 1983.333984375
938.9166259765625, 924.2255249023438, 1983.333984375
947.1144409179688, 937.8244018554688, 1419.7587890625
955.3228149414062, 951.3101196289062, 293.5702819824219
963.5411987304688, 964.6790771484375, -410.6159973144531
971.7689208984375, 977.9347534179688, -578.737060546875
980.0054931640625, 985.5487670898438, -667.1112670898438
988.2503662109375, 984.1913452148438, -709.2542114257812
996.5028686523438, 979.8115844726562, 692.2041625976562
1004.7625732421875, 978.4612426757812, 1983.333984375
1013.02880859375, 981.8303833007812, 1983.333984375
1021.301025390625, 986.7434692382812, 1983.333984375
1029.57861328125, 997.1430053710938, 1983.333984375
1037.8612060546875, 1010.118408203125, 1983.333984375
1046.14794921875, 1022.9840087890625, 1983.333984375
1054.4384765625, 1035.739990234375, 1983.333984375
1062.7320556640625, 1048.3856201171875, 1983.333984375
1071.0283203125, 1060.92138671875, 1633.6925048828125
1079.3265380859375, 1073.34716796875, 841.3151245117188
1087.6260986328125, 1085.6697998046875, 582.2664184570312
1095.9266357421875, 1097.885498046875, -99.94441986083984
1104.2274169921875, 1109.9979248046875, -238.1457061767578
1112.52783203125, 1122.010986328125, -794.3104858398438
1120.827392578125, 1133.916748046875, -1735.358154296875
1129.1256103515625, 1140.1888427734375, -2397.3857421875
1137.4217529296875, 1138.393798828125, -1871.3355712890625
1145.71533203125, 1134.0137939453125, -831.9218139648438
1154.0057373046875, 1129.6339111328125, 659.2626342773438
1162.29248046875, 1128.266357421875, 1983.333984375
1170.574951171875, 1136.2958984375, 1983.333984375
1178.8524169921875, 1148.0787353515625, 1983.333984375
1187.1246337890625, 1159.7608642578125, 1983.333984375
1195.3907470703125, 1171.3433837890625, 1983.333984375
1203.6502685546875, 1182.8258056640625, 1983.333984375
1211.9027099609375, 1194.2083740234375, 1983.333984375
1220.1473388671875, 1205.49755859375, 1983.333984375
1228.3837890625, 1216.690185546875, 1967.8370361328125
1236.611328125, 1227.78271484375, 1636.091796875
1244.8294677734375, 1238.7818603515625, 1013.431396484375
1253.0377197265625, 1249.6844482421875, 1066.309814453125
1261.2353515625, 1260.49365234375, 828.2473754882812
1269.421875, 1265.677978515625, 950.815673828125
1277.5966796875, 1268.157958984375, 779.4342651367188
1285.75927734375, 1270.6146240234375, 1272.10498046875
1293.9090576171875, 1278.59423828125, 1767.4005126953125
1302.0455322265625, 1289.1563720703125, 1970.614990234375
1310.1680908203125, 1299.62548828125, 1905.3280029296875
1318.276123046875, 1310.0047607421875, 1593.5244140625
1326.369140625, 1320.30078125, 1055.258544921875
1334.446533203125, 1330.510009765625, 309.92718505859375
1342.5078125, 1340.629150390625, 318.3313903808594
1350.5523681640625, 1350.6585693359375, 108.99537658691406
1358.5797119140625, 1360.6044921875, -299.7032775878906
1366.589111328125, 1370.4637451171875, -210.2269287109375
1374.5802001953125, 1380.23974609375, -329.4884033203125
1382.552490234375, 1389.935791015625, -640.0234985351562
1390.505126953125, 1394.0059814453125, -490.62744140625
1398.4378662109375, 1391.493408203125, 187.5762939453125
1406.3499755859375, 1387.113525390625, 1292.31640625
1414.240966796875, 1386.6773681640625, 1983.333984375
1422.1103515625, 1393.66064453125, 1983.333984375
1429.95751953125, 1402.8170166015625, 1983.333984375
1437.781982421875, 1411.293701171875, 1983.333984375
1445.5831298828125, 1419.5537109375, 1983.333984375
1453.360595703125, 1427.8138427734375, 1983.333984375
1461.113525390625, 1436.0738525390625, 1983.333984375
1468.8416748046875, 1444.333984375, 1983.333984375
1476.54443359375, 1452.5941162109375, 1983.333984375
1484.22119140625, 1460.8544921875, 1983.333984375
1491.8714599609375, 1469.114501953125, 1983.333984375
1499.4947509765625, 1477.374755859375, 1983.333984375
1507.090576171875, 1485.634765625, 1983.333984375
1514.658203125, 1493.894775390625, 1983.333984375
1522.1973876953125, 1502.1549072265625, 1983.333984375
1529.70751953125, 1510.4150390625, 1983.333984375
1537.1878662109375, 1518.6751708984375, 1983.333984375
1544.63818359375, 1526.935302734375, 1983.333984375
1552.0579833984375, 1535.1954345703125, 1983.333984375
1559.446533203125, 1543.45556640625, 1983.333984375
1566.8033447265625, 1551.7158203125, 1983.333984375
1574.1280517578125, 1559.9759521484375, 1983.333984375
1581.420166015625, 1568.236083984375, 1983.333984375
1588.6790771484375, 1576.4962158203125, 1983.333984375
1595.9041748046875, 1584.75634765625, 1983.333984375
1603.09521484375, 1593.016357421875, 1983.333984375
1610.2515869140625, 1601.2764892578125, 1983.333984375
1617.3729248046875, 1609.53662109375, 1859.8814697265625
1624.45849609375, 1617.7967529296875, 1608.204345703125
1631.5078125, 1626.0570068359375, 1230.56494140625
1638.5206298828125, 1634.317138671875, 729.0839233398438
1645.496337890625, 1642.5772705078125, 1047.7900390625
1652.4345703125, 1650.8375244140625, 257.20367431640625
1659.3345947265625, 1653.501953125, 933.0515747070312
1666.196044921875, 1659.09814453125, 777.8565673828125
1673.0185546875, 1667.3582763671875, 465.9176025390625
1679.8016357421875, 1675.6182861328125, 942.6290893554688
1686.544677734375, 1683.87841796875, 279.8088684082031
1693.247314453125, 1692.138427734375, 414.00445556640625
1699.9091796875, 1700.3985595703125, 358.6012878417969
1706.529541015625, 1708.6588134765625, 118.32931518554688
1713.1082763671875, 1716.9189453125, -302.3320007324219
1719.6446533203125, 1725.1790771484375, -401.41094970703125
1726.1383056640625, 1733.4393310546875, -697.6903076171875
1732.5889892578125, 1741.6995849609375, -1186.1998291015625
1738.9959716796875, 1749.9595947265625, -1862.343505859375
1745.35888671875, 1752.6207275390625, -2080.951904296875
1751.6773681640625, 1749.65185546875, -1225.6497802734375
1757.950927734375, 1745.271728515625, 308.3702087402344
1764.17919921875, 1740.891845703125, 1983.333984375
1770.3616943359375, 1739.4813232421875, 1983.333984375
1776.498046875, 1745.08154296875, 1983.333984375
1782.587646484375, 1753.341552734375, 1983.333984375
1788.63037109375, 1761.6015625, 1983.333984375
1794.62548828125, 1769.86181640625, 1983.333984375
1800.5728759765625, 1778.1219482421875, 1983.333984375
1806.471923828125, 1786.382080078125, 1983.333984375
1812.3223876953125, 1794.6422119140625, 1983.333984375
1818.1236572265625, 1802.90234375, 1983.333984375
1823.87548828125, 1811.1624755859375, 1983.333984375
1829.5775146484375, 1819.4232177734375, 1983.333984375
1835.2291259765625, 1827.6834716796875, 1827.483642578125
1840.8302001953125, 1835.943603515625, 1375.1324462890625
1846.380126953125, 1844.2037353515625, 635.251708984375
1851.8787841796875, 1852.4639892578125, 558.4339599609375
1857.325439453125, 1860.7242431640625, 163.4769744873047
1862.7200927734375, 1863.379638671875, 101.83768463134766
1868.0621337890625, 1863.3797607421875, 654.7031860351562
1873.3511962890625, 1863.3798828125, 843.1873779296875
1878.5870361328125, 1863.3798828125, 1621.4876708984375
1883.7691650390625, 1869.001953125, 1983.333984375
1888.8973388671875, 1877.261962890625, 1983.333984375
1893.9710693359375, 1885.5220947265625, 1931.1453857421875
1898.990234375, 1893.7822265625, 1510.660888671875
1903.9542236328125, 1902.042236328125, 733.994873046875
1908.8629150390625, 1910.3023681640625, 554.7113037109375
1913.7158203125, 1918.5626220703125, -5.5411834716796875
1918.5126953125, 1926.8228759765625, -436.3126525878906
1923.2530517578125, 1935.0830078125, -1248.3455810546875
1927.936767578125, 1943.3431396484375, -2429.045166015625
1932.5634765625, 1951.6033935546875, -1140.2662353515625
1937.1328125, 1959.863525390625, -3164.54931640625
1941.6444091796875, 1962.4986572265625, -2046.5421142578125
1946.09814453125, 1959.515869140625, -2959.541259765625
1950.493408203125, 1938.2518310546875, -890.3148803710938
1954.8302001953125, 1925.9659423828125, 1537.94140625
1959.1080322265625, 1921.5860595703125, 1983.333984375
1963.32666015625, 1917.2059326171875, 1983.333984375
1967.48583984375, 1921.43603515625, 1983.333984375
1971.585205078125, 1929.696044921875, 1983.333984375
1975.62451171875, 1937.9561767578125, 1983.333984375
1979.603515625, 1946.21630859375, 1983.333984375
1983.52197265625, 1954.4764404296875, 1983.333984375
1987.37939453125, 1962.736572265625, 1983.333984375
1991.17578125, 1970.9971923828125, 1983.333984375
1994.9107666015625, 1979.25732421875, 1983.333984375
1998.5841064453125, 1987.5174560546875, 1983.333984375
2002.195556640625, 1995.7777099609375, 1699.10791015625
2005.7447509765625, 2004.0377197265625, 889.9820556640625
2009.2315673828125, 2012.2978515625, 517.1461791992188
2012.65576171875, 2020.55810546875, -390.478759765625
2016.0169677734375, 2028.8182373046875, -1315.5621337890625
2019.315185546875, 2031.447998046875, -2117.818603515625
2022.550048828125, 2028.46240234375, -2167.9931640625
2025.7213134765625, 2024.0823974609375, -1351.4244384765625
2028.8287353515625, 2019.7021484375, -216.55616760253906
2031.872314453125, 2015.3221435546875, 769.0923461914062
2034.8515625, 2013.928466796875, 1983.333984375
2037.766357421875, 2019.560546875, 1983.333984375
2040.6165771484375, 2027.820556640625, 1983.333984375
2043.402099609375, 2036.0806884765625, 1802.74169921875
2046.12255859375, 2044.3408203125, 997.1937255859375
2048.77783203125, 2052.60107421875, 532.5472412109375
2051.36767578125, 2060.861328125, -60.000755310058594
2053.891845703125, 2069.121337890625, -1279.3433837890625
2056.3505859375, 2077.381591796875, -3101.62890625
2058.7431640625, 2085.641845703125, -2678.060546875
2061.06982421875, 2093.902099609375, -2954.697021484375
2063.330322265625, 2102.162109375, -3904.1279296875
2065.5244140625, 2110.42236328125, -5500.28662109375
2067.65185546875, 2113.047607421875, -7000.0
2069.712646484375, 2093.14599609375, -5984.7763671875
2071.706787109375, 2063.9755859375, -1453.3992919921875
2073.6337890625, 2034.8048095703125, 1983.333984375
2075.49365234375, 2005.63427734375, 1983.333984375
2077.286376953125, 2002.0050048828125, 1983.333984375
2079.011962890625, 2010.2650146484375, 1983.333984375
2080.669921875, 2018.5252685546875, 1983.333984375
2082.26025390625, 2026.785400390625, 1983.333984375
2083.782958984375, 2035.04541015625, 1983.333984375
2085.238037109375, 2043.3055419921875, 1983.333984375
2086.625, 2051.565673828125, 1983.333984375
2087.944091796875, 2059.826171875, 1983.333984375
2089.195068359375, 2068.086669921875, 1983.333984375
2090.3779296875, 2076.3466796875, 1983.333984375
2091.492431640625, 2084.60693359375, 1753.3277587890625
2092.538818359375, 2092.866943359375, 709.2718505859375
2093.516845703125, 2101.127197265625, -173.89910888671875
2094.42626953125, 2109.387451171875, -1356.3365478515625
2095.26708984375, 2112.007568359375, -2683.2314453125
2096.03955078125, 2109.016357421875, -3512.984375
2096.7431640625, 2104.636474609375, -893.180908203125
2097.378173828125, 2100.25634765625, -656.677734375
2097.944580078125, 2078.9443359375, 631.953369140625
2098.442138671875, 2066.70654296875, 1983.333984375
2098.870849609375, 2070.96044921875, 1983.333984375
2099.230712890625, 2079.220458984375, 1983.333984375
2099.52197265625, 2087.48046875, 1983.333984375
2099.744140625, 2095.74072265625, 1423.5380859375
2099.8974609375, 2104.0009765625, 906.0567626953125
2099.98193359375, 2112.260986328125, -23.416711807250977
2099.997314453125, 2120.521240234375, -1849.962158203125
2099.944091796875, 2128.78125, -1710.3275146484375
2099.82177734375, 2137.04150390625, -2537.007080078125
2099.630615234375, 2145.3017578125, -4289.53564453125
2099.37060546875, 2153.56201171875, -6929.52978515625
2099.041748046875, 2161.822265625, -7000.0
2098.64404296875, 2164.43701171875, -7000.0
2098.177490234375, 2144.4990234375, -7000.0
2097.64208984375, 2115.32861328125, -5326.59423828125
2097.0380859375, 2086.15771484375, -3293.879150390625
2096.365234375, 2056.9873046875, 458.6943664550781
2095.6240234375, 2044.7640380859375, 1983.333984375
2094.81396484375, 2049.025390625, 1983.333984375
2093.935302734375, 2057.285400390625, 1983.333984375
2092.98828125, 2065.545654296875, 1983.333984375
2091.972900390625, 2073.8056640625, 1983.333984375
2090.88916015625, 2082.06591796875, 1975.1246337890625
2089.737060546875, 2090.325927734375, 890.1376953125
2088.5166015625, 2098.586181640625, -283.52801513671875
2087.228271484375, 2106.8466796875, -1993.4898681640625
2085.871826171875, 2115.10693359375, -1892.2784423828125
2084.447509765625, 2123.366943359375, -2904.442138671875
2082.955322265625, 2131.627197265625, -4982.10791015625
2081.3955078125, 2139.887451171875, -7000.0
2079.76806640625, 2142.49755859375, -7000.0
2078.072998046875, 2122.54248046875, -7000.0
2076.310546875, 2093.371826171875, -5255.12060546875
2074.48095703125, 2064.201171875, -3294.7705078125
2072.583984375, 2035.0306396484375, 248.94544982910156
2070.6201171875, 2005.8599853515625, 1983.333984375
2068.58935546875, 2002.301025390625, 1983.333984375
2066.491943359375, 2010.56103515625, 1983.333984375
2064.327880859375, 2018.8211669921875, 1983.333984375
2062.097412109375, 2027.0811767578125, 1983.333984375
2059.800537109375, 2035.3414306640625, 1983.333984375
2057.437744140625, 2043.6015625, 1983.333984375
2055.0087890625, 2051.86181640625, 1325.324951171875
2052.51416015625, 2060.121826171875, 411.463134765625
2049.953857421875, 2068.382080078125, -1197.23046875
2047.3280029296875, 2076.642333984375, -1145.0667724609375
2044.636962890625, 2084.902587890625, -2348.82666015625
2041.880859375, 2093.16259765625, -4753.1318359375
2039.059814453125, 2095.76806640625, -7000.0
2036.174072265625, 2075.796875, -7000.0
2033.2237548828125, 2046.626220703125, -4836.6318359375
2030.209228515625, 2017.455810546875, -2614.329345703125
2027.130615234375, 1988.2852783203125, 1043.01953125
2023.988037109375, 1976.0904541015625, 1983.333984375
2020.7818603515625, 1980.3662109375, 1983.333984375
2017.51220703125, 1988.6263427734375, 1983.333984375
2014.1793212890625, 1996.886474609375, 1983.333984375
2010.7835693359375, 2005.146728515625, 1610.101318359375
2007.324951171875, 2013.406982421875, 856.4373779296875
2003.8038330078125, 2021.667236328125, -710.0448608398438
2000.220458984375, 2029.9278564453125, -3553.68505859375
1996.574951171875, 2038.1883544921875, -4791.47314453125
1992.8677978515625, 2046.4486083984375, -7000.0
1989.09912109375, 2054.708740234375, -7000.0
1985.2691650390625, 2062.968994140625, -7000.0
1981.378173828125, 2071.229248046875, -7000.0
1977.4263916015625, 2073.82958984375, -7000.0
1973.414306640625, 2053.840087890625, -7000.0
1969.3419189453125, 2024.6693115234375, -7000.0
1965.209716796875, 1995.498779296875, -6769.44873046875
1961.017822265625, 1966.3282470703125, -3691.790771484375
1956.7666015625, 1937.1575927734375, -742.4498291015625
1952.4564208984375, 1907.98681640625, 1983.333984375
1948.0875244140625, 1895.80908203125, 1983.333984375
1943.6600341796875, 1900.09375, 1983.333984375
1939.174560546875, 1908.353759765625, 1983.333984375
1934.6312255859375, 1916.6138916015625, 1983.333984375
1930.0303955078125, 1924.8740234375, 1555.0433349609375
1925.372314453125, 1933.13427734375, 611.5198364257812
1920.657470703125, 1941.39453125, -1271.96142578125
1915.885986328125, 1949.65478515625, -1726.434814453125
1911.058349609375, 1957.9151611328125, -3656.026611328125
1906.1748046875, 1966.1754150390625, -6993.38037109375
1901.235595703125, 1974.43603515625, -7000.0
1896.2413330078125, 1982.6961669921875, -7000.0
1891.192138671875, 1990.9569091796875, -7000.0
1886.0885009765625, 1993.5518798828125, -7000.0
1880.9306640625, 1973.543212890625, -7000.0
1875.718994140625, 1944.372802734375, -7000.0
1870.453857421875, 1915.2022705078125, -7000.0
1865.1356201171875, 1886.0318603515625, -5694.9140625
1859.7647705078125, 1856.8612060546875, -1731.4051513671875
1854.3414306640625, 1827.69091796875, 485.4512634277344
1848.8662109375, 1798.5205078125, 1983.333984375
1843.33935546875, 1795.03271484375, 1983.333984375
1837.7613525390625, 1803.29296875, 1983.333984375
1832.1324462890625, 1811.55322265625, 1983.333984375
1826.453125, 1819.8134765625, 1724.32470703125
1820.7237548828125, 1828.0738525390625, 819.3062744140625
1814.9447021484375, 1836.334228515625, -1149.68408203125
1809.1163330078125, 1844.5948486328125, -1806.39013671875
1803.2391357421875, 1852.8553466796875, -4048.236572265625
1797.3135986328125, 1861.1158447265625, -7000.0
1791.33984375, 1869.3763427734375, -7000.0
1785.318603515625, 1877.6368408203125, -7000.0
1779.25, 1885.8974609375, -7000.0
1773.134765625, 1888.487548828125, -7000.0
1766.9730224609375, 1868.4609375, -7000.0
1760.765380859375, 1839.290771484375, -7000.0
1754.5120849609375, 1810.12060546875, -7000.0
1748.2138671875, 1780.9503173828125, -7000.0
1741.870849609375, 1751.7802734375, -4438.05078125
1735.483642578125, 1722.6099853515625, -2222.8525390625
1729.052734375, 1693.4398193359375, 1044.0174560546875
