260.35089111328125, 270.6436767578125, -677.3638916015625
255.87147521972656, 266.04669189453125, -1307.4356689453125
251.45022583007812, 261.51971435546875, -1893.9105224609375
247.08743286132812, 280.8084716796875, -2331.036865234375
242.78341674804688, 299.9308776855469, -5426.57421875
238.53846740722656, 318.8883056640625, -7000.0
234.3528594970703, 337.6791076660156, -7000.0
230.22691345214844, 356.3053894042969, -7000.0
226.160888671875, 374.7698059082031, -7000.0
222.1550750732422, 393.0747375488281, -7000.0
218.20973205566406, 411.2225036621094, -7000.0
214.32516479492188, 429.2225036621094, -7000.0
210.50161743164062, 446.56756591796875, -7000.0
206.73936462402344, 453.7267150878906, -7000.0
203.0386505126953, 424.5651550292969, -7000.0
199.39974975585938, 395.4077453613281, -7000.0
195.82289123535156, 366.2540283203125, -7000.0
192.308349609375, 337.10382080078125, -7000.0
188.85633850097656, 307.9568176269531, -7000.0
185.46710205078125, 278.81219482421875, -7000.0
182.14088439941406, 249.66932678222656, -7000.0
178.87791442871094, 220.52964782714844, -7000.0
175.67840576171875, 191.3947296142578, -5086.95654296875
172.54258728027344, 162.2669677734375, -3116.24853515625
169.47067260742188, 133.15342712402344, -146.322265625
166.46287536621094, 105.58161926269531, 1983.333984375
163.5194091796875, 102.16395568847656, 1983.333984375
160.6404571533203, 113.88038635253906, 1983.333984375
157.82623291015625, 134.36538696289062, 1983.333984375
155.07691955566406, 154.68963623046875, 598.5357055664062
152.39273071289062, 174.85499572753906, -1468.2679443359375
149.77381896972656, 194.8592987060547, -3197.49853515625
147.2203826904297, 214.6902618408203, -7000.0
144.73260498046875, 234.35525512695312, -7000.0
142.31063842773438, 253.85360717773438, -7000.0
139.9546661376953, 273.1935119628906, -7000.0
137.6648406982422, 292.3653869628906, -7000.0
135.44131469726562, 311.3780822753906, -7000.0
133.2842559814453, 330.2222595214844, -7000.0
131.19381713867188, 348.40185546875, -7000.0
129.1701202392578, 356.31048583984375, -7000.0
127.21331024169922, 327.1492614746094, -7000.0
125.32353210449219, 297.98968505859375, -7000.0
123.50091552734375, 268.832275390625, -7000.0
121.7455825805664, 239.67811584472656, -7000.0
120.05764770507812, 210.5281982421875, -7000.0
118.43724060058594, 181.38510131835938, -7000.0
116.88446044921875, 152.25262451171875, -7000.0
115.39942169189453, 123.13838195800781, -4166.61865234375
113.98222351074219, 94.05927276611328, -1124.9869384765625
112.63296508789062, 65.06243133544922, 1983.333984375
111.35174560546875, 37.84331512451172, 1983.333984375
110.13863372802734, 35.131492614746094, 1983.333984375
108.99373626708984, 55.95630645751953, 1983.333984375
107.9171142578125, 76.82566833496094, 1983.333984375
106.90885162353516, 97.59381103515625, 634.806884765625
105.9690170288086, 118.21868896484375, -255.6819610595703
105.09767150878906, 138.68377685546875, -3548.6865234375
104.29488372802734, 158.99050903320312, -6270.34033203125
103.56069946289062, 179.12547302246094, -7000.0
102.8951644897461, 199.0956573486328, -7000.0
102.29833984375, 218.8995819091797, -7000.0
101.770263671875, 238.5362548828125, -7000.0
101.31095886230469, 258.0050048828125, -7000.0
100.92047119140625, 276.79388427734375, -7000.0
100.59882354736328, 285.24261474609375, -7000.0
100.34603118896484, 256.0870056152344, -7000.0
100.16212463378906, 226.93492126464844, -7000.0
100.04710388183594, 197.78797912597656, -7000.0
100.00098419189453, 168.6493377685547, -7000.0
100.02377319335938, 139.52359008789062, -7000.0
100.1154556274414, 110.42166137695312, -4456.693359375
100.27603912353516, 81.36917114257812, -1510.0577392578125
100.50550079345703, 52.44828796386719, 1743.5247802734375
100.8038330078125, 24.137290954589844, 1983.333984375
101.17100524902344, 9.179251670837402, 1983.333984375
101.60700988769531, 20.03756332397461, 1983.333984375
102.11180114746094, 40.41697311401367, 1983.333984375
102.68534851074219, 61.2857780456543, 1983.333984375
103.3276138305664, 82.13526153564453, 1983.333984375
104.0385513305664, 102.86626434326172, 647.7188720703125
104.818115234375, 123.4486083984375, -975.3084716796875
105.66625213623047, 143.87709045410156, -1936.4061279296875
106.58290100097656, 164.1365966796875, -5066.66455078125
107.5679931640625, 184.23294067382812, -7000.0
108.62146759033203, 204.16343688964844, -7000.0
109.74325561523438, 223.91799926757812, -7000.0
110.93327331542969, 242.98788452148438, -7000.0
112.19143676757812, 251.67872619628906, -7000.0
113.51766967773438, 222.52757263183594, -7000.0
114.911865234375, 193.38197326660156, -7000.0
116.37393951416016, 164.24488830566406, -7000.0
117.90379333496094, 135.122314453125, -5254.689453125
119.50130462646484, 106.0256118774414, -2901.58740234375
121.1663818359375, 76.98506927490234, 918.719482421875
122.8989028930664, 49.651451110839844, 1983.333984375
124.6987533569336, 46.4237174987793, 1983.333984375
126.5657958984375, 59.70888137817383, 1983.333984375
128.4999237060547, 80.56343078613281, 1983.333984375
130.5009765625, 101.30817413330078, 1983.333984375
132.56883239746094, 121.90623474121094, 804.5328369140625
134.70335388183594, 142.34349060058594, -1452.7030029296875
136.9043731689453, 162.6210479736328, -963.1608276367188
139.17176818847656, 182.72686767578125, -2542.2880859375
141.50535583496094, 202.66758728027344, -6059.73193359375
143.90499877929688, 222.44183349609375, -7000.0
146.37049865722656, 242.04869079589844, -7000.0
148.90171813964844, 261.48760986328125, -7000.0
151.49847412109375, 280.7586669921875, -7000.0
154.16058349609375, 299.3474426269531, -7000.0
156.8878631591797, 307.5630798339844, -7000.0
159.68011474609375, 278.4052429199219, -7000.0
162.53717041015625, 249.2501678466797, -7000.0
165.4588165283203, 220.09889221191406, -7000.0
168.44485473632812, 190.95361328125, -5868.87841796875
171.4950714111328, 161.8170928955078, -1106.7412109375
174.60926818847656, 132.69564819335938, 1454.292236328125
177.7872314453125, 103.60206604003906, 1983.333984375
181.0287322998047, 77.75917053222656, 1983.333984375
184.33355712890625, 98.5147933959961, 1983.333984375
187.70147705078125, 119.12834930419922, 1983.333984375
191.1322479248047, 139.58285522460938, 1983.333984375
194.6256561279297, 159.87899780273438, 1983.333984375
198.18142700195312, 180.00340270996094, 1710.9027099609375
201.79934692382812, 199.96347045898438, 541.2491455078125
205.47915649414062, 219.75718688964844, -592.2139892578125
209.22059631347656, 239.38363647460938, -3488.52099609375
213.02342224121094, 258.8428039550781, -5206.7548828125
216.88735961914062, 278.1429443359375, -7000.0
220.8121337890625, 297.2750549316406, -7000.0
224.79750061035156, 315.71923828125, -7000.0
228.84315490722656, 323.7783508300781, -7000.0
232.9488525390625, 294.6192321777344, -7000.0
237.11428833007812, 265.4623718261719, -6542.99853515625
241.33917236328125, 236.3086700439453, -2286.9404296875
245.6232147216797, 207.1597900390625, 942.1566772460938
249.9661407470703, 178.01768493652344, 1983.333984375
254.3676300048828, 151.55093383789062, 1983.333984375
258.827392578125, 164.09683227539062, 1983.333984375
263.3450927734375, 184.1899871826172, 1983.333984375
267.92047119140625, 204.11929321289062, 1983.333984375
272.55316162109375, 223.8826904296875, 1983.333984375
277.24285888671875, 243.47914123535156, 1983.333984375
281.9892578125, 262.90765380859375, 1888.727783203125
286.7920227050781, 282.16864013671875, 1103.9888916015625
291.65081787109375, 301.2702331542969, -1253.69775390625
296.5653076171875, 320.2034912109375, -3374.025634765625
301.53515625, 338.9775390625, -4142.54443359375
306.5600280761719, 357.5922546386719, -6428.4716796875
311.6395568847656, 376.0475769042969, -7000.0
316.7734069824219, 393.8099670410156, -7000.0
321.9612121582031, 401.2190246582031, -7000.0
327.2026672363281, 372.0557556152344, -7000.0
332.4973449707031, 342.8935546875, -4491.5859375
337.84490966796875, 313.7327575683594, -984.4458618164062
343.2449645996094, 284.5740051269531, 1983.333984375
348.6971740722656, 257.0364990234375, 1983.333984375
354.201171875, 254.2096710205078, 1983.333984375
359.75653076171875, 273.54754638671875, 1983.333984375
365.3629150390625, 292.7175598144531, 1983.333984375
371.0199279785156, 311.7197265625, 1983.333984375
376.7271423339844, 330.56304931640625, 1983.333984375
382.48419189453125, 349.2472229003906, 1983.333984375
388.29071044921875, 367.7721862792969, 1983.333984375
394.146240234375, 386.1376953125, 737.5059204101562
400.0504150390625, 404.3442687988281, -894.5040893554688
406.0028076171875, 422.4006042480469, -2206.67578125
412.0030212402344, 440.2979431152344, -1988.8731689453125
418.0506591796875, 458.0455017089844, -3121.247802734375
424.145263671875, 475.1043701171875, -5452.19091796875
430.28643798828125, 481.83697509765625, -7000.0
436.4737548828125, 452.67138671875, -5158.0947265625
442.706787109375, 423.50640869140625, -2182.655517578125
448.9851379394531, 394.3420104980469, 1983.333984375
455.3083190917969, 366.8117370605469, 1983.333984375
461.6759338378906, 363.9346923828125, 1983.333984375
468.0875244140625, 382.3294982910156, 1983.333984375
474.54266357421875, 400.5745849609375, 1983.333984375
481.0408935546875, 418.66033935546875, 1983.333984375
487.5817565917969, 436.58734130859375, 1983.333984375
494.1648254394531, 454.3646240234375, 1983.333984375
500.7896423339844, 471.9923400878906, 1983.333984375
507.45574951171875, 489.4703369140625, 1978.648193359375
514.1626586914062, 506.7984619140625, 775.367431640625
520.9099731445312, 523.9767456054688, -602.8396606445312
527.6971435546875, 541.005859375, -1577.5391845703125
534.5238037109375, 557.8950805664062, -3655.266845703125
541.389404296875, 574.0906372070312, -3870.755859375
548.29345703125, 581.652099609375, -4150.63232421875
555.235595703125, 575.6270751953125, -2932.33544921875
562.2152099609375, 546.4598388671875, -464.00946044921875
569.2318725585938, 517.2928466796875, 1983.333984375
576.28515625, 489.7742614746094, 1983.333984375
583.37451171875, 486.840576171875, 1983.333984375
590.4994506835938, 504.1877746582031, 1983.333984375
597.6594848632812, 521.3854370117188, 1983.333984375
604.8541259765625, 538.4341430664062, 1983.333984375
612.0829467773438, 555.342529296875, 1983.333984375
619.3453369140625, 572.1017456054688, 1983.333984375
626.6408081054688, 588.72119140625, 1983.333984375
633.9689331054688, 605.2000122070312, 1983.333984375
641.3292236328125, 621.5296630859375, 1983.333984375
648.7210693359375, 637.7200317382812, 1323.0390625
656.1439819335938, 653.77978515625, 664.9910888671875
663.5974731445312, 669.6996459960938, -913.6118774414062
671.0811157226562, 684.931884765625, -1935.60546875
678.59423828125, 691.904296875, -2844.52587890625
686.1364135742188, 691.7701416015625, -2829.389892578125
693.7070922851562, 687.3905029296875, -1447.269287109375
701.3057861328125, 683.0108642578125, -114.84127807617188
708.9319458007812, 678.6311645507812, 1578.6722412109375
716.5850830078125, 674.9837646484375, 1983.333984375
724.2645874023438, 682.1366577148438, 1983.333984375
731.9700317382812, 697.806640625, 1983.333984375
739.7008056640625, 713.3469848632812, 1983.333984375
747.4563598632812, 728.7573852539062, 1983.333984375
755.2362670898438, 744.037353515625, 1449.2471923828125
763.0399169921875, 759.1780395507812, 1058.9853515625
770.8667602539062, 774.1895141601562, -119.38277435302734
778.71630859375, 789.0803833007812, -782.29052734375
786.5880126953125, 803.84130859375, -2200.51806640625
794.4812622070312, 818.4728393554688, -1492.7811279296875
802.3955688476562, 832.9837036132812, -1575.4019775390625
810.3303833007812, 847.3654174804688, -2391.720458984375
818.2852172851562, 861.0739135742188, -3825.70556640625
826.2593994140625, 864.6535034179688, -4684.9453125
834.25244140625, 835.484375, -1248.038330078125
842.2638549804688, 806.3152465820312, 1272.9384765625
850.29296875, 777.1461791992188, 1983.333984375
858.3392944335938, 750.9700927734375, 1983.333984375
866.4022827148438, 766.0509643554688, 1983.333984375
874.4813842773438, 781.0114135742188, 1983.333984375
882.5759887695312, 795.842041015625, 1983.333984375
890.6856079101562, 810.5427856445312, 1983.333984375
898.8096313476562, 825.1142578125, 1983.333984375
906.947509765625, 839.5651245117188, 1983.333984375
915.0986938476562, 853.88671875, 1983.333984375
923.2626342773438, 868.0883178710938, 1983.333984375
931.438720703125, 882.1700439453125, 1983.333984375
939.6264038085938, 896.1316528320312, 1983.333984375
947.8251953125, 909.9733276367188, 1983.333984375
956.0344848632812, 923.6950073242188, 1983.333984375
964.253662109375, 937.2974243164062, 1983.333984375
972.482177734375, 950.7891235351562, 1983.333984375
980.719482421875, 964.1614990234375, 1983.333984375
988.9650268554688, 977.4232788085938, 1716.43798828125
997.2182006835938, 990.5657348632812, 916.1856689453125
1005.4784545898438, 1003.59814453125, 564.6047973632812
1013.7452392578125, 1016.5205688476562, -289.580322265625
1022.0179443359375, 1028.7734375, -530.916748046875
1030.2960205078125, 1033.1131591796875, -309.34149169921875
1038.5789794921875, 1034.68701171875, -338.8108215332031
1046.8660888671875, 1030.30712890625, 1078.6273193359375
1055.1568603515625, 1026.3292236328125, 1983.333984375
1063.4508056640625, 1028.035888671875, 1983.333984375
1071.7471923828125, 1033.113525390625, 1983.333984375
1080.0455322265625, 1045.7763671875, 1983.333984375
1088.34521484375, 1058.33837890625, 1983.333984375
1096.645751953125, 1070.7908935546875, 1983.333984375
1104.946533203125, 1083.1339111328125, 1983.333984375
1113.2469482421875, 1095.3763427734375, 1983.333984375
1121.54638671875, 1107.509521484375, 1983.333984375
1129.844482421875, 1119.5418701171875, 1713.714111328125
1138.140380859375, 1131.465087890625, 1054.10400390625
1146.4337158203125, 1143.2882080078125, 977.1788940429688
1154.723876953125, 1155.0113525390625, 522.6741333007812
1163.01025390625, 1166.6346435546875, -279.606201171875
1171.292236328125, 1177.5943603515625, -469.2611999511719
1179.5693359375, 1180.6708984375, -54.146636962890625
1187.8409423828125, 1181.1702880859375, 365.0349426269531
1196.1065673828125, 1176.7904052734375, 1264.149169921875
1204.365478515625, 1172.9383544921875, 1983.333984375
1212.6173095703125, 1176.7811279296875, 1983.333984375
1220.8612060546875, 1188.2139892578125, 1983.333984375
1229.096923828125, 1199.547607421875, 1983.333984375
1237.32373046875, 1210.7906494140625, 1983.333984375
1245.541015625, 1221.9344482421875, 1983.333984375
1253.748291015625, 1232.987548828125, 1983.333984375
1261.945068359375, 1243.94140625, 1983.333984375
1270.1304931640625, 1254.8046875, 1983.333984375
1278.3043212890625, 1265.5684814453125, 1983.333984375
1286.4659423828125, 1276.2423095703125, 1858.16796875
1294.6146240234375, 1286.826171875, 1470.9306640625
1302.7498779296875, 1297.3199462890625, 843.4109497070312
1310.87109375, 1307.723876953125, 938.2948608398438
1318.9779052734375, 1318.0377197265625, 785.9659423828125
1327.069580078125, 1327.693359375, 471.7249755859375
1335.1456298828125, 1329.642333984375, 876.4232177734375
1343.2054443359375, 1331.57177734375, 1022.3465576171875
1351.24853515625, 1333.490478515625, 1863.7945556640625
1359.2742919921875, 1335.959228515625, 1983.333984375
1367.2822265625, 1346.0328369140625, 1983.333984375
1375.271728515625, 1356.01708984375, 1983.333984375
1383.2421875, 1365.9208984375, 1983.333984375
1391.1932373046875, 1375.7354736328125, 1983.333984375
1399.1241455078125, 1385.46923828125, 1983.333984375
1407.034423828125, 1395.0908203125, 1983.333984375
1414.9237060546875, 1404.262451171875, 1983.333984375
1422.7911376953125, 1412.522705078125, 1983.333984375
1430.6363525390625, 1420.78271484375, 1983.333984375
1438.458740234375, 1429.0428466796875, 1983.333984375
1446.2579345703125, 1437.3031005859375, 1983.333984375
1454.033203125, 1445.563232421875, 1932.025390625
1461.7840576171875, 1453.8233642578125, 1825.0390625
1469.510009765625, 1462.08349609375, 1662.29443359375
1477.2105712890625, 1470.343505859375, 1443.673828125
1484.885009765625, 1478.6036376953125, 1168.9814453125
1492.532958984375, 1486.86376953125, 837.9891967773438
1500.1539306640625, 1495.1239013671875, 450.4245300292969
1507.747314453125, 1503.384033203125, 948.0562744140625
1515.3125, 1511.6441650390625, 399.2300720214844
1522.8492431640625, 1519.32470703125, 803.4715576171875
1530.356689453125, 1519.9046630859375, 1038.3319091796875
1537.8345947265625, 1528.1649169921875, 1171.9256591796875
1545.2822265625, 1536.4249267578125, 1205.8514404296875
1552.6993408203125, 1544.68505859375, 1141.628173828125
1560.0850830078125, 1552.945068359375, 980.5726318359375
1567.439208984375, 1561.2052001953125, 723.9080810546875
1574.7611083984375, 1569.46533203125, 372.7267761230469
1582.05029296875, 1577.7254638671875, 870.1080322265625
1589.3062744140625, 1585.985595703125, 285.6285400390625
1596.528564453125, 1594.2457275390625, 553.7066650390625
1603.7166748046875, 1602.5059814453125, 685.7190551757812
1610.8699951171875, 1610.7659912109375, 684.50146484375
1617.9881591796875, 1618.443359375, 619.3734130859375
1625.070556640625, 1618.443603515625, 426.0335998535156
1632.116943359375, 1618.4437255859375, 1048.826904296875
1639.12646484375, 1619.0274658203125, 1983.333984375
1646.0989990234375, 1627.2874755859375, 1983.333984375
1653.0338134765625, 1635.54736328125, 1983.333984375
1659.9305419921875, 1643.8074951171875, 1983.333984375
1666.7886962890625, 1652.067626953125, 1983.333984375
1673.6077880859375, 1660.32763671875, 1983.333984375
1680.387451171875, 1668.587890625, 1983.333984375
1687.126953125, 1676.8480224609375, 1983.333984375
1693.826171875, 1685.1082763671875, 1961.265869140625
1700.484375, 1693.368408203125, 1756.9931640625
1707.1011962890625, 1701.6285400390625, 1374.9039306640625
1713.6761474609375, 1709.888671875, 819.0971069335938
1720.208984375, 1718.1488037109375, 1035.5084228515625
1726.698974609375, 1726.408935546875, 1038.53955078125
1733.145751953125, 1734.0819091796875, 901.112548828125
1739.5489501953125, 1734.0821533203125, 561.3562622070312
1745.9080810546875, 1734.082275390625, 966.3995361328125
1752.22265625, 1734.67041015625, 1983.333984375
1758.4923095703125, 1742.9302978515625, 1983.333984375
1764.7166748046875, 1751.1903076171875, 1983.333984375
1770.8951416015625, 1759.450439453125, 1983.333984375
1777.0274658203125, 1767.7105712890625, 1983.333984375
1783.113037109375, 1775.970703125, 1781.296875
1789.151611328125, 1784.23095703125, 1335.138671875
1795.1427001953125, 1792.4910888671875, 651.631103515625
1801.0859375, 1800.751220703125, 679.2488403320312
1806.980712890625, 1809.0113525390625, 434.8194580078125
1812.826904296875, 1817.271484375, -73.6288833618164
1818.6240234375, 1825.5316162109375, -340.69744873046875
1824.3714599609375, 1833.200927734375, -814.337646484375
1830.069091796875, 1832.8875732421875, -576.2861938476562
1835.7164306640625, 1828.5076904296875, 299.69061279296875
1841.3131103515625, 1824.1275634765625, 1331.6011962890625
1846.858642578125, 1820.0615234375, 1983.333984375
1852.3526611328125, 1820.65380859375, 1983.333984375
1857.794921875, 1828.913818359375, 1983.333984375
1863.1849365234375, 1837.173828125, 1983.333984375
1868.5224609375, 1845.433837890625, 1983.333984375
1873.806884765625, 1853.6939697265625, 1983.333984375
1879.0380859375, 1861.9541015625, 1983.333984375
1884.215576171875, 1870.2142333984375, 1983.333984375
1889.3389892578125, 1878.4744873046875, 1983.333984375
1894.4080810546875, 1886.7347412109375, 1842.530029296875
1899.4224853515625, 1894.9949951171875, 1337.3302001953125
1904.3817138671875, 1903.255126953125, 479.62567138671875
1909.2855224609375, 1911.51513671875, 222.81056213378906
1914.133544921875, 1919.775390625, -411.6417541503906
1918.925537109375, 1927.43994140625, -845.2993774414062
1923.6611328125, 1927.440185546875, -715.2431640625
1928.3399658203125, 1927.124267578125, -20.013376235961914
1932.961669921875, 1922.744384765625, 1172.8740234375
1937.5260009765625, 1918.3641357421875, 1983.333984375
1942.0325927734375, 1914.300537109375, 1983.333984375
1946.481201171875, 1914.897705078125, 1983.333984375
1950.8714599609375, 1923.15771484375, 1983.333984375
1955.203125, 1931.41796875, 1983.333984375
1959.475830078125, 1939.6781005859375, 1983.333984375
1963.6893310546875, 1947.938232421875, 1983.333984375
1967.8433837890625, 1956.1983642578125, 1983.333984375
1971.9375, 1964.4586181640625, 1820.5821533203125
1975.9716796875, 1972.71875, 1182.3480224609375
1979.9454345703125, 1980.97900390625, 1027.587890625
1983.8585205078125, 1989.2392578125, 383.087158203125
1987.7108154296875, 1997.4993896484375, -235.8245086669922
1991.5018310546875, 2005.759521484375, -1335.2398681640625
1995.2314453125, 2013.419189453125, -2829.425537109375
1998.8994140625, 2013.100830078125, -966.3447875976562
2002.5054931640625, 2008.7208251953125, -1108.670166015625
2006.04931640625, 2002.53662109375, -130.52120971679688
2009.5306396484375, 1975.1710205078125, 1983.333984375
2012.949462890625, 1970.791015625, 1983.333984375
2016.3052978515625, 1967.3321533203125, 1983.333984375
2019.597900390625, 1975.5921630859375, 1983.333984375
2022.8272705078125, 1983.8521728515625, 1983.333984375
2025.9930419921875, 1992.1123046875, 1983.333984375
2029.094970703125, 2000.37255859375, 1983.333984375
2032.1329345703125, 2008.632568359375, 1983.333984375
2035.1065673828125, 2016.8927001953125, 1983.333984375
2038.015869140625, 2025.15283203125, 1983.333984375
2040.8604736328125, 2033.4129638671875, 1817.2850341796875
2043.640380859375, 2041.6732177734375, 1032.3848876953125
2046.3551025390625, 2049.933349609375, 594.1575317382812
2049.004638671875, 2058.193603515625, -464.2605895996094
2051.5888671875, 2065.8486328125, -1552.2401123046875
2054.107421875, 2065.848876953125, -2297.523681640625
2056.560302734375, 2065.52783203125, -2688.04736328125
2058.947509765625, 2061.14794921875, -2284.54345703125
2061.268310546875, 2056.76806640625, -1134.34130859375
2063.52294921875, 2052.387939453125, 219.88011169433594
2065.711181640625, 2048.0078125, 1316.00830078125
2067.8330078125, 2043.9493408203125, 1983.333984375
2069.887939453125, 2044.5562744140625, 1983.333984375
2071.876220703125, 2052.81640625, 1983.333984375
2073.797607421875, 2061.076416015625, 1983.333984375
2075.651611328125, 2069.33642578125, 1687.8895263671875
2077.438720703125, 2077.5966796875, 666.4407348632812
2079.158203125, 2085.856689453125, -110.4239273071289
2080.810302734375, 2094.11669921875, -1106.8734130859375
2082.39501953125, 2102.376953125, -2817.440185546875
2083.911865234375, 2110.63720703125, -2387.963623046875
2085.36083984375, 2118.897216796875, -2759.464111328125
2086.741943359375, 2127.157470703125, -3899.632080078125
2088.05517578125, 2135.417724609375, -5777.82958984375
2089.30029296875, 2143.06787109375, -7000.0
2090.477294921875, 2140.912109375, -7000.0
2091.5859375, 2111.74169921875, -5609.38623046875
2092.626220703125, 2082.571044921875, -3656.74951171875
2093.59814453125, 2053.400390625, 1150.0455322265625
2094.501708984375, 2026.0648193359375, 1983.333984375
2095.336669921875, 2022.009033203125, 1983.333984375
2096.10302734375, 2022.6209716796875, 1983.333984375
2096.801025390625, 2030.8809814453125, 1983.333984375
2097.429931640625, 2039.14111328125, 1983.333984375
2097.990478515625, 2047.4010009765625, 1983.333984375
2098.48193359375, 2055.661376953125, 1983.333984375
2098.90478515625, 2063.921630859375, 1983.333984375
2099.2587890625, 2072.181640625, 1983.333984375
2099.5439453125, 2080.44189453125, 1983.333984375
2099.760009765625, 2088.7021484375, 1983.333984375
2099.907470703125, 2096.9619140625, 1302.636474609375
2099.98583984375, 2105.22216796875, 661.7208251953125
2099.99560546875, 2113.482421875, -393.5372619628906
2099.936279296875, 2121.127685546875, -2277.772216796875
2099.807861328125, 2120.801513671875, -1218.857421875
2099.61083984375, 2116.421630859375, -2560.393798828125
2099.3447265625, 2110.193603515625, -3152.502197265625
2099.010009765625, 2082.871826171875, -626.527099609375
2098.606201171875, 2078.49169921875, 788.3156127929688
2098.1337890625, 2074.11181640625, 1983.333984375
2097.592529296875, 2070.67529296875, 1983.333984375
2096.982421875, 2078.935302734375, 1983.333984375
2096.3037109375, 2087.195556640625, 1983.333984375
2095.556396484375, 2095.45556640625, 977.0938720703125
2094.740478515625, 2103.7158203125, -75.43582153320312
2093.85595703125, 2111.975830078125, -1624.1036376953125
2092.903076171875, 2120.23583984375, -1323.4483642578125
2091.881591796875, 2128.49609375, -2100.0654296875
2090.7919921875, 2136.75634765625, -3907.859375
2089.634033203125, 2145.0166015625, -6703.09423828125
2088.40771484375, 2153.276611328125, -7000.0
2087.113525390625, 2161.536865234375, -7000.0
2085.751220703125, 2169.177490234375, -7000.0
2084.321044921875, 2166.987548828125, -7000.0
2082.822998046875, 2137.817138671875, -7000.0
2081.257080078125, 2108.646728515625, -6436.9208984375
2079.623779296875, 2079.475830078125, -2750.5380859375
2077.9228515625, 2050.305419921875, 571.1373901367188
2076.15478515625, 2021.1346435546875, 1983.333984375
2074.319091796875, 1994.1593017578125, 1983.333984375
2072.41650390625, 1994.7811279296875, 1983.333984375
2070.44677734375, 2003.0411376953125, 1983.333984375
2068.410400390625, 2011.3011474609375, 1983.333984375
2066.30712890625, 2019.5611572265625, 1983.333984375
2064.13720703125, 2027.8214111328125, 1983.333984375
2061.901123046875, 2036.08154296875, 1983.333984375
2059.5986328125, 2044.3416748046875, 1983.333984375
2057.22998046875, 2052.60205078125, 1495.011474609375
2054.795166015625, 2060.8623046875, 749.1976928710938
2052.294921875, 2069.122314453125, -692.9769897460938
2049.72900390625, 2077.382568359375, -3302.010498046875
2047.097412109375, 2085.642822265625, -4200.8544921875
2044.4007568359375, 2093.278076171875, -6237.15625
2041.638916015625, 2091.070068359375, -7000.0
2038.812255859375, 2061.899658203125, -5944.79296875
2035.9210205078125, 2032.7291259765625, -1934.85546875
2032.965087890625, 2003.55859375, 608.5234375
2029.945068359375, 1974.3880615234375, 1983.333984375
2026.86083984375, 1948.0560302734375, 1983.333984375
2023.7127685546875, 1956.3160400390625, 1983.333984375
2020.5010986328125, 1964.5760498046875, 1983.333984375
2017.2259521484375, 1972.836181640625, 1983.333984375
2013.8876953125, 1981.0963134765625, 1983.333984375
2010.486328125, 1989.3565673828125, 1983.333984375
2007.0223388671875, 1997.6168212890625, 1983.333984375
2003.495849609375, 2005.876953125, 692.6387939453125
1999.906982421875, 2014.13720703125, -449.6931457519531
1996.2562255859375, 2022.3973388671875, -2898.046630859375
1992.543701171875, 2030.657470703125, -3767.940185546875
1988.7696533203125, 2038.9176025390625, -5971.57275390625
1984.9344482421875, 2046.5482177734375, -7000.0
1981.0382080078125, 2044.3243408203125, -7000.0
1977.0811767578125, 2015.1539306640625, -7000.0
1973.0638427734375, 1985.9832763671875, -4781.40576171875
1968.986328125, 1956.8115234375, -2628.141357421875
1964.848876953125, 1927.64111328125, 842.4271240234375
1960.65185546875, 1900.365234375, 1983.333984375
1956.3955078125, 1896.9521484375, 1983.333984375
1952.0802001953125, 1905.2120361328125, 1983.333984375
1947.7061767578125, 1913.4720458984375, 1983.333984375
1943.2738037109375, 1921.732177734375, 1983.333984375
1938.783203125, 1929.9923095703125, 1971.22705078125
1934.23486328125, 1938.25244140625, 493.5541076660156
1929.6290283203125, 1946.5126953125, -942.795654296875
1924.966064453125, 1954.7728271484375, -960.0603637695312
1920.246337890625, 1963.0330810546875, -2461.95458984375
1915.469970703125, 1971.2933349609375, -5380.71435546875
1910.637451171875, 1979.5533447265625, -7000.0
1905.7490234375, 1987.8134765625, -7000.0
1900.80517578125, 1995.438720703125, -7000.0
1895.8060302734375, 1993.195556640625, -7000.0
1890.752197265625, 1964.0250244140625, -7000.0
1885.643798828125, 1934.8546142578125, -7000.0
1880.481201171875, 1905.683837890625, -6187.51806640625
1875.264892578125, 1876.513427734375, -2674.281005859375
1869.9952392578125, 1847.3428955078125, 74.51770782470703
1864.6724853515625, 1818.172119140625, 1983.333984375
1859.2969970703125, 1791.2513427734375, 1983.333984375
1853.869140625, 1791.888671875, 1983.333984375
1848.389404296875, 1800.1485595703125, 1983.333984375
1842.858154296875, 1808.4085693359375, 1983.333984375
1837.275634765625, 1816.668701171875, 1983.333984375
1831.6424560546875, 1824.9288330078125, 1732.7489013671875
1825.958740234375, 1833.1888427734375, 840.9724731445312
1820.2249755859375, 1841.448974609375, -1109.9334716796875
1814.441650390625, 1849.7091064453125, -1744.2486572265625
1808.609130859375, 1857.9693603515625, -3959.6826171875
1802.727783203125, 1866.2294921875, -7000.0
1796.7979736328125, 1874.48974609375, -7000.0
1790.820068359375, 1882.7498779296875, -7000.0
1784.794677734375, 1890.3697509765625, -7000.0
1778.7220458984375, 1888.107666015625, -7000.0
1772.6026611328125, 1858.9371337890625, -7000.0
1766.43701171875, 1829.766845703125, -7000.0
1760.225341796875, 1800.59619140625, -7000.0
1753.96826171875, 1771.425537109375, -5301.6142578125
1747.666015625, 1742.255126953125, -1071.0660400390625
1741.3192138671875, 1713.08447265625, 1293.818359375
1734.92822265625, 1683.9139404296875, 1983.333984375
1728.4935302734375, 1657.655517578125, 1983.333984375
1722.0155029296875, 1665.91552734375, 1983.333984375
1715.4945068359375, 1674.175537109375, 1983.333984375
1708.9312744140625, 1682.435546875, 1983.333984375
1702.325927734375, 1690.695556640625, 1983.333984375
1695.67919921875, 1698.9556884765625, 589.1447143554688
1688.9913330078125, 1707.2158203125, -1006.443359375
1682.262939453125, 1715.4759521484375, -1411.366943359375
1675.4945068359375, 1723.736083984375, -3515.99072265625
1668.686279296875, 1731.9962158203125, -7000.0
1661.8388671875, 1740.2564697265625, -7000.0
1654.952880859375, 1748.5166015625, -7000.0
1648.028564453125, 1756.131103515625, -7000.0
1641.0665283203125, 1753.850341796875, -7000.0
1634.067138671875, 1724.6798095703125, -7000.0
1627.031005859375, 1695.509521484375, -7000.0
1619.95849609375, 1666.3388671875, -7000.0
1612.8502197265625, 1637.16845703125, -6087.3486328125
1605.70654296875, 1607.998046875, -2699.54638671875
1598.528076171875, 1578.827392578125, -288.3690490722656
1591.3153076171875, 1549.656982421875, 1983.333984375
1584.068603515625, 1522.77490234375, 1983.333984375
1576.78857421875, 1523.423583984375, 1983.333984375
1569.4757080078125, 1531.683349609375, 1983.333984375
1562.1304931640625, 1539.943359375, 1983.333984375
1554.75341796875, 1548.203125, 1713.21826171875
1547.3450927734375, 1556.4632568359375, 605.510986328125
1539.90576171875, 1564.723388671875, -1746.005859375
1532.436279296875, 1572.983642578125, -2953.890869140625
1524.9368896484375, 1581.2437744140625, -5904.98486328125
1517.4083251953125, 1589.50390625, -7000.0
1509.8509521484375, 1597.7640380859375, -7000.0
1502.265380859375, 1606.0244140625, -7000.0
1494.6519775390625, 1614.2845458984375, -7000.0
1487.011474609375, 1621.892822265625, -7000.0
1479.3443603515625, 1619.590087890625, -7000.0
1471.6510009765625, 1590.4195556640625, -7000.0
1463.9320068359375, 1561.249267578125, -7000.0
1456.1881103515625, 1532.078857421875, -7000.0
1448.4195556640625, 1502.908447265625, -7000.0
1440.626953125, 1473.7381591796875, -7000.0
1432.8109130859375, 1444.567626953125, -4650.41796875
1424.971923828125, 1415.397216796875, -2803.12060546875
1417.110595703125, 1386.2269287109375, 726.0816650390625
1409.2274169921875, 1359.020751953125, 1983.333984375
1401.3228759765625, 1355.1241455078125, 1983.333984375
1393.3975830078125, 1357.491943359375, 1983.333984375
1385.4521484375, 1367.37548828125, 1983.333984375
1377.4869384765625, 1377.1790771484375, 822.8116455078125
1369.502685546875, 1386.90185546875, -690.9126586914062
1361.4998779296875, 1396.4967041015625, -1316.672607421875
1353.47900390625, 1405.50244140625, -3860.01416015625
1345.440673828125, 1413.762451171875, -7000.0
1337.385498046875, 1422.0225830078125, -7000.0
1329.3138427734375, 1430.28271484375, -7000.0
1321.2264404296875, 1438.5428466796875, -7000.0
1313.123779296875, 1446.802978515625, -7000.0
1305.0064697265625, 1455.063232421875, -7000.0
1296.875, 1462.665283203125, -7000.0
1288.7301025390625, 1460.3409423828125, -7000.0
1280.572021484375, 1431.1705322265625, -7000.0
1272.401611328125, 1402.000244140625, -7000.0
1264.21923828125, 1372.8299560546875, -7000.0
1256.025634765625, 1343.65966796875, -7000.0
1247.8211669921875, 1314.4893798828125, -7000.0
1239.6065673828125, 1285.3179931640625, -7000.0
1231.38232421875, 1256.1478271484375, -6139.5986328125
1223.149169921875, 1226.9776611328125, -2926.135498046875
1214.9073486328125, 1197.807373046875, -304.4640808105469
1206.65771484375, 1168.63720703125, 1983.333984375
1198.4007568359375, 1141.4521484375, 1983.333984375
1190.136962890625, 1138.3658447265625, 1983.333984375
1181.866943359375, 1150.1275634765625, 1983.333984375
1173.59130859375, 1161.789306640625, 1927.1923828125
1165.310546875, 1173.351318359375, 556.2782592773438
1157.025390625, 1184.8140869140625, -2133.784912109375
1148.7362060546875, 1196.18603515625, -4113.240234375
1140.4437255859375, 1207.4581298828125, -7000.0
1132.1484375, 1218.630126953125, -7000.0
1123.8509521484375, 1229.7030029296875, -7000.0
1115.5517578125, 1240.6859130859375, -7000.0
1107.2515869140625, 1251.577880859375, -7000.0
1098.9508056640625, 1262.370849609375, -7000.0
1090.650146484375, 1272.4146728515625, -7000.0
1082.3502197265625, 1272.3011474609375, -7000.0
1074.0513916015625, 1243.131103515625, -7000.0
1065.75439453125, 1213.961181640625, -7000.0
1057.459716796875, 1184.791015625, -7000.0
1049.1680908203125, 1155.620849609375, -7000.0
1040.8798828125, 1126.4508056640625, -7000.0
1032.595703125, 1097.28076171875, -7000.0
1024.3162841796875, 1068.1107177734375, -7000.0
1016.0419311523438, 1038.9407958984375, -5926.47021484375
1007.7734985351562, 1009.7709350585938, -2514.551513671875
999.5113525390625, 980.6011352539062, -767.4137573242188
991.2561645507812, 951.4313354492188, 1983.333984375
983.0084228515625, 924.63037109375, 1983.333984375
974.7687377929688, 925.8409423828125, 1983.333984375
966.5377197265625, 939.4307250976562, 1983.333984375
958.31591796875, 952.9005737304688, 991.970947265625
950.1038208007812, 966.2514038085938, -387.9908142089844
941.902099609375, 979.4923095703125, -1326.757080078125
933.7112426757812, 992.6224975585938, -4658.708984375
925.5318603515625, 1005.6334838867188, -7000.0
917.364501953125, 1018.5345458984375, -7000.0
909.209716796875, 1031.3255615234375, -7000.0
901.068115234375, 1044.006591796875, -7000.0
892.940185546875, 1056.5784912109375, -7000.0
884.8264770507812, 1069.0496826171875, -7000.0
876.7276611328125, 1080.7451171875, -7000.0
868.6442260742188, 1082.1129150390625, -7000.0
860.5767211914062, 1052.943115234375, -7000.0
852.5256958007812, 1023.7733154296875, -7000.0
844.49169921875, 994.603515625, -7000.0
836.475341796875, 965.4337158203125, -7000.0
828.4771728515625, 936.2640380859375, -7000.0
820.4976806640625, 907.0943603515625, -7000.0
812.5374145507812, 877.9247436523438, -7000.0
804.5969848632812, 848.7551879882812, -7000.0
796.6769409179688, 819.5858154296875, -5927.7421875
788.7777709960938, 790.4166259765625, -2474.77734375
780.9000244140625, 761.2473754882812, -858.8121948242188
773.0443115234375, 732.0784301757812, 1983.333984375
765.2110595703125, 705.3067626953125, 1983.333984375
757.4009399414062, 706.72802734375, 1983.333984375
749.6143798828125, 722.1954345703125, 1983.333984375
741.8519897460938, 737.52392578125, 657.1295776367188
734.1142578125, 752.7225341796875, -987.6813354492188
726.4017944335938, 767.7913818359375, -2331.3046875
718.7150268554688, 782.730224609375, -6197.21630859375
711.0545043945312, 797.5399780273438, -7000.0
703.4208374023438, 812.22900390625, -7000.0
695.814453125, 826.788818359375, -7000.0
688.2359008789062, 841.2279052734375, -7000.0
680.685791015625, 855.5377807617188, -7000.0
673.1644897460938, 869.7277221679688, -7000.0
665.6726684570312, 883.1244506835938, -7000.0
658.2107543945312, 886.0157470703125, -7000.0
650.7792358398438, 856.846435546875, -7000.0
643.3787231445312, 827.6771850585938, -7000.0
636.0096435546875, 798.508056640625, -7000.0
628.6725463867188, 769.3389892578125, -7000.0
621.367919921875, 740.1697998046875, -7000.0
614.0963134765625, 711.0009765625, -7000.0
606.858154296875, 681.8311767578125, -7000.0
599.6539306640625, 652.6626586914062, -7000.0
592.4842529296875, 623.4943237304688, -6854.36865234375
585.3494873046875, 594.3263549804688, -4194.21630859375
578.250244140625, 565.1585693359375, -1967.4388427734375
571.1868896484375, 535.9911499023438, 240.86094665527344
564.1600341796875, 508.8710632324219, 1983.333984375
557.1700439453125, 506.27392578125, 1983.333984375
550.2174682617188, 523.4589233398438, 1983.333984375
543.3027954101562, 540.494384765625, 291.5909729003906
536.4264526367188, 557.3810424804688, -1602.647216796875
529.5889282226562, 574.127197265625, -3275.16015625
522.790771484375, 590.7242431640625, -7000.0
516.0323486328125, 607.1815185546875, -7000.0
509.31414794921875, 623.4995727539062, -7000.0
502.63665771484375, 639.677001953125, -7000.0
496.0003356933594, 655.7145385742188, -7000.0
489.4056396484375, 671.613037109375, -7000.0
482.8529968261719, 687.3806762695312, -7000.0
476.3428649902344, 702.3298950195312, -7000.0
469.875732421875, 706.6173095703125, -7000.0
463.4519958496094, 677.4489135742188, -7000.0
457.0721435546875, 648.2806396484375, -7000.0
450.736572265625, 619.1124877929688, -7000.0
444.44573974609375, 589.9435424804688, -7000.0
438.2000732421875, 560.7758178710938, -7000.0
432.0, 531.6084594726562, -7000.0
425.8459777832031, 502.4415588378906, -7000.0
419.7384033203125, 473.2751159667969, -7000.0
413.67767333984375, 444.1092529296875, -6786.447265625
407.66424560546875, 414.944091796875, -3933.4248046875
401.69854736328125, 385.7798156738281, -1393.69384765625
395.78094482421875, 356.6166076660156, 1067.7266845703125
389.9118347167969, 329.5256042480469, 1983.333984375
384.0917053222656, 327.0779724121094, 1983.333984375
378.32086181640625, 345.7879943847656, 1983.333984375
372.5997619628906, 364.3392028808594, 746.0936889648438
366.92877197265625, 382.7320861816406, -578.9498291015625
361.3083190917969, 400.974853515625, -1742.985595703125
355.7387390136719, 419.0580139160156, -5556.17626953125
350.2204284667969, 436.9825744628906, -7000.0
344.7538146972656, 454.7574157714844, -7000.0
339.3392333984375, 472.3824462890625, -7000.0
333.97705078125, 489.8577880859375, -7000.0
328.6676330566406, 507.1832580566406, -7000.0
323.411376953125, 524.3588256835938, -7000.0
318.2086486816406, 540.6971435546875, -7000.0
313.05975341796875, 546.2166748046875, -7000.0
307.9651184082031, 517.0499877929688, -7000.0
302.9250183105469, 487.8835754394531, -7000.0
297.93988037109375, 458.7176208496094, -7000.0
293.0099792480469, 429.5522155761719, -7000.0
288.13568115234375, 400.38751220703125, -7000.0
283.31732177734375, 371.22369384765625, -7000.0
278.55523681640625, 342.0611877441406, -7000.0
273.8497619628906, 312.900146484375, -7000.0
269.2012023925781, 283.7412414550781, -4963.27880859375
264.6098937988281, 254.58497619628906, -3041.740478515625
260.0761413574219, 225.4325714111328, -195.50900268554688
255.60025024414062, 198.37509155273438, 1983.333984375
251.18255615234375, 195.2047882080078, 1983.333984375
246.82333374023438, 205.9468536376953, 1983.333984375
242.5229034423828, 225.6859130859375, 1598.2652587890625
238.28155517578125, 245.25936889648438, -533.3549194335938
234.09959411621094, 264.7015686035156, -3483.9853515625
229.97727966308594, 283.94805908203125, -6136.43212890625
225.9149169921875, 303.0267639160156, -7000.0
221.91278076171875, 321.9473876953125, -7000.0
217.97116088867188, 340.7081298828125, -7000.0
214.09030151367188, 359.3095397949219, -7000.0
210.27047729492188, 377.75152587890625, -7000.0
206.511962890625, 396.03399658203125, -7000.0
202.8150177001953, 414.15771484375, -7000.0
199.1798858642578, 431.4248046875, -7000.0
195.60682678222656, 437.716552734375, -7000.0
192.09608459472656, 408.55206298828125, -7000.0
188.64788818359375, 379.3883972167969, -7000.0
185.2624969482422, 350.22564697265625, -7000.0
181.94012451171875, 321.0644226074219, -7000.0
178.68101501464844, 291.90478515625, -7000.0
175.4853973388672, 262.74774169921875, -7000.0
172.3534698486328, 233.5940704345703, -7000.0
169.28546142578125, 204.4453887939453, -7000.0
166.2815704345703, 175.30410766601562, -4323.326171875
163.34202575683594, 146.17462158203125, -1604.7900390625
160.46702575683594, 117.0657958984375, 1140.3175048828125
157.65675354003906, 90.13615417480469, 1983.333984375
154.91140747070312, 87.94733428955078, 1983.333984375
152.23118591308594, 108.63941192626953, 1983.333984375
149.6162567138672, 129.1797332763672, 1928.6729736328125
147.06683349609375, 149.55679321289062, 210.5548858642578
144.5830535888672, 169.77296447753906, -2149.873046875
142.16510009765625, 189.81637573242188, -4139.2490234375
139.8131561279297, 209.6945343017578, -7000.0
137.52737426757812, 229.40589904785156, -7000.0
135.30789184570312, 248.9496307373047, -7000.0
133.15489196777344, 268.3260498046875, -7000.0
131.06851196289062, 287.5430603027344, -7000.0
129.04888916015625, 306.5920715332031, -7000.0
127.0961685180664, 324.76904296875, -7000.0
125.21048736572266, 331.85809326171875, -7000.0
123.3919677734375, 302.6983947753906, -7000.0
121.64073944091797, 273.540771484375, -7000.0
119.95691680908203, 244.38601684570312, -7000.0
118.34062957763672, 215.235595703125, -7000.0
116.79197692871094, 186.0911865234375, -7000.0
115.31107330322266, 156.95660400390625, -7000.0
113.89801788330078, 127.8386459350586, -4877.7119140625
112.55290222167969, 98.7519302368164, -2503.25732421875
111.27582550048828, 69.73560333251953, 993.4791870117188
110.06687927246094, 43.06160354614258, 1983.333984375
108.92613983154297, 40.262081146240234, 1983.333984375
107.85368347167969, 53.736751556396484, 1983.333984375
106.84959411621094, 74.60419464111328, 1983.333984375
105.91393280029297, 95.3807373046875, 773.2167358398438
105.04676818847656, 116.01821899414062, -1882.9466552734375
104.24815368652344, 136.50636291503906, -2115.84375
103.51815032958984, 156.82699584960938, -4750.09619140625
102.8568115234375, 176.97702026367188, -7000.0
102.26417541503906, 196.96241760253906, -7000.0
101.74028778076172, 216.7816925048828, -7000.0
101.2851791381836, 236.43382263183594, -7000.0
100.89888763427734, 255.91810607910156, -7000.0
100.58143615722656, 275.2349548339844, -7000.0
100.33284759521484, 293.6728515625, -7000.0
100.15313720703125, 300.9755554199219, -7000.0
100.04232025146484, 271.8183288574219, -7000.0
100.00040435791016, 242.66403198242188, -7000.0
100.02738952636719, 213.513916015625, -7000.0
100.12327575683594, 184.3703155517578, -7000.0
100.28805541992188, 155.2364959716797, -7000.0
100.52171325683594, 126.11984252929688, -6211.4423828125
100.82424926757812, 97.0357666015625, -2089.31201171875
101.19561767578125, 68.0261459350586, 428.4488220214844
101.63581848144531, 39.25640106201172, 1983.333984375
102.1447982788086, 15.456233978271484, 1983.333984375
102.72254180908203, 28.154075622558594, 1983.333984375
103.3689956665039, 48.867740631103516, 1983.333984375
104.08412170410156, 69.75421142578125, 1983.333984375
104.86786651611328, 90.55941009521484, 1202.598876953125
105.72017669677734, 111.23101806640625, -853.481201171875
106.64099884033203, 131.75616455078125, -3145.623291015625
107.63026428222656, 152.11581420898438, -4717.80126953125
108.68791198730469, 172.31326293945312, -7000.0
109.81385803222656, 192.33750915527344, -7000.0
111.0080337524414, 212.19590759277344, -7000.0
112.27034759521484, 231.88719177246094, -7000.0
113.60072326660156, 251.4108123779297, -7000.0
114.99906921386719, 270.04022216796875, -7000.0
116.46527862548828, 277.49212646484375, -7000.0
117.99925231933594, 248.33734130859375, -7000.0
119.60089111328125, 219.18646240234375, -7000.0
121.27008819580078, 190.04132080078125, -7000.0
123.0067138671875, 160.90548706054688, -7000.0
124.81066131591797, 131.78355407714844, -4081.340576171875
126.68180084228516, 102.69116973876953, -582.237060546875
128.62001037597656, 73.66090393066406, 1983.333984375
130.62513732910156, 46.98216247558594, 1983.333984375
132.6970672607422, 44.912193298339844, 1983.333984375
134.8356475830078, 65.78864288330078, 1983.333984375
137.0407257080078, 86.61776733398438, 1983.333984375
139.31214904785156, 107.3209228515625, 1983.333984375
141.6497802734375, 127.87147521972656, 1165.341064453125
144.05343627929688, 148.25820922851562, -712.1553344726562
146.52294921875, 168.48500061035156, -2657.021484375
149.05816650390625, 188.54722595214844, -3686.7607421875
151.65892028808594, 208.4347686767578, -6645.494140625
154.3249969482422, 228.15553283691406, -7000.0
157.05624389648438, 247.70960998535156, -7000.0
159.8524627685547, 267.10467529296875, -7000.0
162.7134552001953, 285.5992736816406, -7000.0
165.6390380859375, 292.9044189453125, -7000.0
168.6289825439453, 263.7479248046875, -7000.0
171.68312072753906, 234.59466552734375, -7000.0
174.80120849609375, 205.44606018066406, -6801.54736328125
177.98304748535156, 176.3037567138672, -2910.35791015625
181.22842407226562, 147.17373657226562, -205.33648681640625
184.53709411621094, 118.06393432617188, 1983.333984375
187.9088592529297, 92.55229949951172, 1983.333984375
191.3434600830078, 104.07408142089844, 1983.333984375
194.84066772460938, 124.64741516113281, 1983.333984375
198.40023803710938, 145.06040954589844, 1983.333984375
202.02194213867188, 165.313720703125, 1983.333984375
205.7055206298828, 185.3953094482422, 1959.629638671875
209.45069885253906, 205.31173706054688, 1045.8519287109375
213.25726318359375, 225.0619659423828, -1629.2554931640625
217.12490844726562, 244.64471435546875, -1345.1666259765625
221.0533905029297, 264.0594177246094, -2848.870849609375
225.0424346923828, 283.3064880371094, -6024.56591796875
229.09176635742188, 302.3948669433594, -7000.0
233.20111083984375, 321.3239440917969, -7000.0
237.37017822265625, 339.3460998535156, -7000.0
241.5986785888672, 346.2045593261719, -7000.0
245.88632202148438, 317.0439147949219, -7000.0
250.23281860351562, 287.88507080078125, -7000.0
254.63787841796875, 258.7286682128906, -3766.400634765625
259.1011657714844, 229.57586669921875, -1466.202392578125
263.6224060058594, 200.42800903320312, 1983.333984375
268.2012634277344, 173.9458770751953, 1983.333984375
272.83746337890625, 176.0084686279297, 1983.333984375
277.5306396484375, 196.00054931640625, 1983.333984375
282.2804870605469, 215.82781982421875, 1983.333984375
287.086669921875, 235.48855590820312, 1983.333984375
291.9488525390625, 254.9821014404297, 1983.333984375
296.8667297363281, 274.30828857421875, 1983.333984375
301.8399353027344, 293.4752197265625, 690.6569213867188
306.8681640625, 312.4741516113281, -1176.370849609375
311.9510192871094, 331.31390380859375, -2811.62939453125
317.0881652832031, 349.9942321777344, -3089.407470703125
322.2792663574219, 368.5151672363281, -4879.34912109375
327.5239562988281, 386.8766784667969, -7000.0
332.8218688964844, 404.33587646484375, -7000.0
338.1726379394531, 410.6597900390625, -7000.0
343.5758972167969, 381.49609375, -7000.0
349.0312805175781, 352.33343505859375, -3679.96142578125
354.5384216308594, 323.1719665527344, -1086.6766357421875
360.096923828125, 294.0124206542969, 1983.333984375
365.7063903808594, 267.6023254394531, 1983.333984375
371.366455078125, 270.2955017089844, 1983.333984375
377.07672119140625, 289.4912414550781, 1983.333984375
382.8368225097656, 308.5279541015625, 1983.333984375
388.64630126953125, 327.3968200683594, 1983.333984375
394.50482177734375, 346.10675048828125, 1983.333984375
400.4119567871094, 364.6573791503906, 1983.333984375
406.3672790527344, 383.0487060546875, 1983.333984375
412.3703918457031, 401.28143310546875, 1104.5394287109375
418.4208984375, 419.3636474609375, -147.8957061767578
424.5183410644531, 437.287109375, -1082.3106689453125
430.662353515625, 455.06085205078125, -3301.265625
436.85247802734375, 472.68389892578125, -3891.728271484375
443.0882873535156, 489.39984130859375, -5652.41650390625
449.369384765625, 495.0379943847656, -7000.0
455.6952819824219, 465.8720703125, -4469.21923828125
462.0655822753906, 436.7066345214844, -823.6207885742188
468.4798583984375, 407.54180908203125, 1983.333984375
474.9376220703125, 380.6466064453125, 1983.333984375
481.4384765625, 378.3428649902344, 1983.333984375
487.98193359375, 396.6142578125, 1983.333984375
494.56756591796875, 414.73565673828125, 1983.333984375
501.19488525390625, 432.6985778808594, 1983.333984375
507.8634948730469, 450.511962890625, 1983.333984375
514.5729370117188, 468.1747741699219, 1983.333984375
521.3226318359375, 485.6788330078125, 1983.333984375
528.1122436523438, 503.03314208984375, 1983.333984375
534.9412841796875, 520.238525390625, 1632.697021484375
541.8092651367188, 537.3031616210938, 1091.220947265625
548.7156372070312, 554.2188720703125, -552.3370971679688
555.6600341796875, 570.9937744140625, -1761.5504150390625
562.6419677734375, 586.8668212890625, -1101.71240234375
569.660888671875, 594.0098876953125, -3315.24755859375
576.7163696289062, 587.35009765625, -1022.0580444335938
583.8079223632812, 560.4639282226562, 747.8661499023438
590.9349975585938, 553.8023681640625, 1983.333984375
598.09716796875, 528.132568359375, 1983.333984375
605.2938842773438, 537.6896362304688, 1983.333984375
612.5247802734375, 554.6035766601562, 1983.333984375
619.7891845703125, 571.3688354492188, 1983.333984375
627.086669921875, 587.9945068359375, 1983.333984375
634.4168090820312, 604.4794311523438, 1983.333984375
641.7789916992188, 620.8154296875, 1983.333984375
649.1727294921875, 637.0125122070312, 1455.0054931640625
656.5975341796875, 653.0787963867188, 921.8219604492188
664.0529174804688, 669.0050659179688, -538.6844482421875
671.538330078125, 684.7924194335938, -1511.1502685546875
679.0532836914062, 700.4488525390625, -3366.817138671875
686.59716796875, 715.9662475585938, -3216.030029296875
694.1696166992188, 730.5952758789062, -3880.4150390625
701.7699584960938, 734.3126220703125, -4067.0859375
709.3978271484375, 705.1439819335938, -2859.267333984375
717.0525512695312, 675.9755249023438, 1144.2242431640625
724.733642578125, 649.1029663085938, 1983.333984375
732.4406127929688, 645.8516845703125, 1983.333984375
740.1729125976562, 654.4049682617188, 1983.333984375
747.9300537109375, 670.32080078125, 1983.333984375
755.7113647460938, 686.0969848632812, 1983.333984375
763.5164794921875, 701.7342529296875, 1983.333984375
771.3447265625, 717.2417602539062, 1983.333984375
779.1956176757812, 732.6192016601562, 1983.333984375
787.068603515625, 747.8656005859375, 1983.333984375
794.9631958007812, 762.9730224609375, 1983.333984375
802.8787841796875, 777.9520263671875, 1983.333984375
810.8148803710938, 792.8096923828125, 1983.333984375
818.7708129882812, 807.537353515625, 1515.1246337890625
826.7462158203125, 822.135986328125, 326.5746765136719
834.7404174804688, 836.6137084960938, -588.3441772460938
842.7528686523438, 850.9623413085938, -981.264892578125
850.7830810546875, 864.4281616210938, -1976.6148681640625
858.8304443359375, 869.3980102539062, -2569.886962890625
866.8944091796875, 865.0184326171875, -1709.298828125
874.9744262695312, 860.6387329101562, -643.6558227539062
883.0700073242188, 856.2588500976562, 850.1423950195312
891.1804809570312, 852.3185424804688, 1983.333984375
899.3053588867188, 853.9439697265625, 1983.333984375
907.444091796875, 868.1421508789062, 1983.333984375
915.5960693359375, 882.2205200195312, 1983.333984375
923.7607421875, 896.1790161132812, 1983.333984375
931.9376220703125, 910.0176391601562, 1983.333984375
940.1259765625, 923.7371826171875, 1983.333984375
948.325439453125, 937.345947265625, 1612.893310546875
956.5352783203125, 950.8346557617188, 670.0178833007812
964.7550659179688, 964.2044067382812, 140.0428924560547
972.984130859375, 977.4635009765625, -926.1355590820312
981.2219848632812, 990.603515625, -1436.2423095703125
989.468017578125, 1003.633544921875, -2468.343994140625
997.7216186523438, 1015.7860717773438, -1068.7833251953125
1005.9822998046875, 1019.572265625, -2053.254150390625
1014.2494506835938, 1012.8682861328125, -1275.0506591796875
1022.5225219726562, 986.0238037109375, 1485.8360595703125
1030.8009033203125, 981.644287109375, 1983.333984375
1039.0841064453125, 978.9095458984375, 1983.333984375
