1374.0816650390625, 1382.64697265625, -472.4014587402344
1366.0894775390625, 1374.6959228515625, -925.9468383789062
1358.078857421875, 1372.9727783203125, -2076.39794921875
1350.0504150390625, 1368.576904296875, -3587.200927734375
1342.0048828125, 1364.1859130859375, -2616.18359375
1333.9425048828125, 1359.802001953125, -2116.117431640625
1325.8641357421875, 1349.16845703125, -1349.7681884765625
1317.7701416015625, 1319.9901123046875, -1035.726806640625
1309.6612548828125, 1290.81298828125, 916.1866455078125
1301.5377197265625, 1267.8931884765625, 1983.333984375
1293.4005126953125, 1265.246337890625, 1983.333984375
1285.2498779296875, 1269.7982177734375, 1983.333984375
1277.08642578125, 1280.437744140625, 295.85577392578125
1268.910888671875, 1290.9876708984375, -1738.4134521484375
1260.7236328125, 1301.4478759765625, -2976.715087890625
1252.5252685546875, 1311.818603515625, -6276.11376953125
1244.3165283203125, 1322.09912109375, -7000.0
1236.0977783203125, 1332.2916259765625, -7000.0
1227.86962890625, 1342.401123046875, -7000.0
1219.6326904296875, 1352.419921875, -7000.0
1211.387451171875, 1362.3505859375, -7000.0
1203.134521484375, 1372.1982421875, -7000.0
1194.8746337890625, 1381.957763671875, -7000.0
1186.6080322265625, 1389.5655517578125, -7000.0
1178.3355712890625, 1383.2574462890625, -7000.0
1170.0577392578125, 1354.085205078125, -7000.0
1161.7750244140625, 1324.9130859375, -7000.0
1153.488037109375, 1295.74072265625, -7000.0
1145.1973876953125, 1266.56884765625, -7000.0
1136.9036865234375, 1237.396728515625, -7000.0
1128.6072998046875, 1208.2247314453125, -7000.0
1120.30908203125, 1179.0531005859375, -7000.0
1112.0093994140625, 1149.8812255859375, -7000.0
1103.7088623046875, 1120.7099609375, -5250.87353515625
1095.408203125, 1091.5391845703125, -1200.8194580078125
1087.107666015625, 1062.3682861328125, 285.9923095703125
1078.80810546875, 1033.1978759765625, 1983.333984375
1070.510009765625, 1014.6580810546875, 1983.333984375
1062.2139892578125, 1027.4796142578125, 1983.333984375
1053.9205322265625, 1040.191162109375, 1983.333984375
1045.6302490234375, 1052.7955322265625, 591.74658203125
1037.34375, 1065.2974853515625, -2119.271728515625
1029.0615234375, 1077.689453125, -4234.78564453125
1020.7841796875, 1089.9739990234375, -7000.0
1012.5123291015625, 1102.1561279296875, -7000.0
1004.2464599609375, 1114.2308349609375, -7000.0
995.9872436523438, 1126.2054443359375, -7000.0
987.7351684570312, 1138.0775146484375, -7000.0
979.4907836914062, 1149.8424072265625, -7000.0
971.2547607421875, 1159.43212890625, -7000.0
963.027587890625, 1154.578369140625, -7000.0
954.8098754882812, 1125.408447265625, -7000.0
946.6021118164062, 1096.238525390625, -7000.0
938.4049682617188, 1067.068603515625, -7000.0
930.2189331054688, 1037.898681640625, -7000.0
922.0446166992188, 1008.7288208007812, -7000.0
913.882568359375, 979.5589599609375, -7000.0
905.7333374023438, 950.38916015625, -7000.0
897.5974731445312, 921.2194213867188, -6009.6162109375
889.4755249023438, 892.0498046875, -2659.91455078125
881.3681640625, 862.8802490234375, -1069.2025146484375
873.2758178710938, 833.7107543945312, 1883.6051025390625
865.1990966796875, 811.9826049804688, 1983.333984375
857.1385498046875, 815.7900390625, 1983.333984375
849.0947265625, 830.3187866210938, 1983.333984375
841.0682373046875, 844.7252807617188, 789.7044677734375
833.0595703125, 859.00439453125, -1701.7445068359375
825.0692749023438, 873.1636352539062, -3777.33447265625
817.0979614257812, 887.2029418945312, -7000.0
809.1460571289062, 901.1222534179688, -7000.0
801.2142944335938, 914.921630859375, -7000.0
793.3030395507812, 928.6010131835938, -7000.0
785.4129638671875, 942.1629028320312, -7000.0
777.5445556640625, 955.6123657226562, -7000.0
769.6983642578125, 968.9442749023438, -7000.0
761.8749389648438, 980.0819091796875, -7000.0
754.0748291015625, 976.3505249023438, -7000.0
746.2985229492188, 947.1809692382812, -7000.0
738.5465698242188, 918.0114135742188, -7000.0
730.8195190429688, 888.8418579101562, -7000.0
723.1179809570312, 859.6724243164062, -7000.0
715.4423217773438, 830.5029296875, -7000.0
707.793212890625, 801.33349609375, -7000.0
700.171142578125, 772.164306640625, -7000.0
692.5765380859375, 742.9952392578125, -7000.0
685.0100708007812, 713.8262939453125, -6603.93896484375
677.4722290039062, 684.657470703125, -3751.994873046875
669.9634399414062, 655.4888916015625, -1389.9010009765625
662.4843139648438, 626.320556640625, 987.6525268554688
655.0352783203125, 603.4642944335938, 1983.333984375
647.616943359375, 604.370849609375, 1983.333984375
640.2297973632812, 620.7135009765625, 1983.333984375
632.8743286132812, 636.9166259765625, 542.9284057617188
625.551025390625, 652.98046875, -2105.770751953125
618.2604370117188, 668.9039306640625, -4452.63525390625
611.0029907226562, 684.6905517578125, -7000.0
603.779296875, 700.3441772460938, -7000.0
596.5897216796875, 715.8605346679688, -7000.0
589.4348754882812, 731.2467651367188, -7000.0
582.3152465820312, 746.5031127929688, -7000.0
575.2312622070312, 761.6295166015625, -7000.0
568.1834106445312, 776.6259765625, -7000.0
561.1722412109375, 789.4033203125, -7000.0
554.1981201171875, 786.8626098632812, -7000.0
547.26171875, 757.6937255859375, -7000.0
540.3633422851562, 728.52490234375, -7000.0
533.5034790039062, 699.3561401367188, -7000.0
526.6827392578125, 670.1875, -7000.0
519.9014282226562, 641.0189819335938, -7000.0
513.16015625, 611.8507690429688, -7000.0
506.4592590332031, 582.6828002929688, -7000.0
499.7992858886719, 553.5150146484375, -7000.0
493.1806640625, 524.3477783203125, -6871.9716796875
486.6038513183594, 495.1808166503906, -4164.68212890625
480.0693054199219, 466.0143737792969, -1828.50390625
473.5774841308594, 436.84857177734375, 452.108154296875
467.1288146972656, 414.01715087890625, 1983.333984375
460.7237548828125, 415.3562927246094, 1983.333984375
454.36273193359375, 433.31414794921875, 1983.333984375
448.04620361328125, 451.1201171875, 473.5820617675781
441.77459716796875, 468.76910400390625, -2120.500244140625
435.54833984375, 486.2684631347656, -4474.19287109375
429.3678894042969, 503.6180419921875, -7000.0
423.2336120605469, 520.820556640625, -7000.0
417.14599609375, 537.8805541992188, -7000.0
411.10540771484375, 554.790771484375, -7000.0
405.1122741699219, 571.5536499023438, -7000.0
399.16705322265625, 588.1766357421875, -7000.0
393.2701110839844, 604.6597900390625, -7000.0
387.4218444824219, 618.9044799804688, -7000.0
381.6227111816406, 617.42041015625, -7000.0
375.873046875, 588.2527465820312, -7000.0
370.17327880859375, 559.085205078125, -7000.0
364.5238037109375, 529.9180297851562, -7000.0
358.9250183105469, 500.7511291503906, -7000.0
353.3772888183594, 471.5845642089844, -7000.0
347.8809814453125, 442.4186096191406, -7000.0
342.4365234375, 413.25335693359375, -7000.0
337.04425048828125, 384.0889892578125, -7000.0
331.7045593261719, 354.924560546875, -5959.69873046875
326.41778564453125, 325.7626037597656, -2238.105712890625
321.184326171875, 296.6023864746094, -518.5715942382812
316.0045471191406, 267.4444885253906, 1983.333984375
310.8787536621094, 247.4179229736328, 1983.333984375
305.8073425292969, 257.1730041503906, 1983.333984375
300.7906799316406, 276.48162841796875, 1983.333984375
295.82904052734375, 295.62969970703125, 700.00341796875
290.9228515625, 314.6116638183594, -1523.7862548828125
286.0723876953125, 333.43475341796875, -3520.151123046875
281.27801513671875, 352.0986022949219, -7000.0
276.5400390625, 370.6032409667969, -7000.0
271.85882568359375, 388.9483947753906, -7000.0
267.2346496582031, 407.1339111328125, -7000.0
262.6678771972656, 425.1623840332031, -7000.0
258.1587829589844, 443.0386047363281, -7000.0
253.7076873779297, 460.7576599121094, -7000.0
249.31491088867188, 476.2240905761719, -7000.0
244.98074340820312, 475.6219482421875, -7000.0
240.70550537109375, 446.45635986328125, -7000.0
236.4894561767578, 417.2912902832031, -7000.0
232.33291625976562, 388.1269836425781, -7000.0
228.2361602783203, 358.963623046875, -7000.0
224.199462890625, 329.80145263671875, -7000.0
220.22311401367188, 300.6409606933594, -7000.0
216.30738830566406, 271.4826965332031, -7000.0
212.4525604248047, 242.32749938964844, -6716.6484375
208.65887451171875, 213.1765899658203, -3543.279541015625
204.92660522460938, 184.03199768066406, -443.60986328125
201.25601196289062, 154.89730834960938, 1983.333984375
197.6473388671875, 132.142333984375, 1983.333984375
194.10084533691406, 134.13723754882812, 1983.333984375
190.61676025390625, 154.4744110107422, 1983.333984375
187.19534301757812, 174.64385986328125, 1061.934326171875
183.83682250976562, 194.64955139160156, -1528.041748046875
180.5414276123047, 214.48960876464844, -1983.0701904296875
177.30938720703125, 234.1626739501953, -5038.36181640625
174.1409149169922, 253.66822814941406, -7000.0
171.03623962402344, 273.00872802734375, -7000.0
167.99557495117188, 292.1872863769531, -7000.0
165.0191192626953, 311.1994934082031, -7000.0
162.1071014404297, 330.0525207519531, -7000.0
159.2596893310547, 348.74371337890625, -7000.0
156.47711181640625, 365.15869140625, -7000.0
153.75953674316406, 365.2296142578125, -7000.0
151.10716247558594, 336.06768798828125, -7000.0
148.52017211914062, 306.9071960449219, -7000.0
145.9987335205078, 277.7486572265625, -7000.0
143.54302978515625, 248.59292602539062, -7000.0
141.15322875976562, 219.44093322753906, -7000.0
138.82949829101562, 190.2947540283203, -7000.0
136.57200622558594, 161.15753173828125, -6103.41796875
134.38087463378906, 132.03515625, -2163.960693359375
132.25628662109375, 102.94027709960938, -71.09808349609375
130.19837951660156, 73.90536499023438, 1983.333984375
128.20730590820312, 55.589595794677734, 1983.333984375
126.28317260742188, 69.978271484375, 1983.333984375
124.42613983154297, 90.78184509277344, 1983.333984375
122.63632202148438, 111.45488739013672, 855.8500366210938
120.91384887695312, 131.9794158935547, -1804.76220703125
119.25883483886719, 152.33799743652344, -2139.43603515625
117.67140197753906, 172.52786254882812, -4952.69970703125
116.15164947509766, 192.55384826660156, -7000.0
114.69969177246094, 212.413818359375, -7000.0
113.31562042236328, 232.10678100585938, -7000.0
111.9995346069336, 251.63197326660156, -7000.0
110.75151824951172, 270.9888610839844, -7000.0
109.57167053222656, 290.17974853515625, -7000.0
108.46006774902344, 307.0936584472656, -7000.0
107.41677856445312, 307.5050048828125, -7000.0
106.44188690185547, 278.3468322753906, -7000.0
105.53545379638672, 249.1912841796875, -7000.0
104.69754028320312, 220.0395050048828, -7000.0
103.9281997680664, 190.8934783935547, -7000.0
103.22750091552734, 161.75601196289062, -7000.0
102.59547424316406, 132.6332244873047, -6722.14794921875
102.03217315673828, 103.53758239746094, -3184.291015625
101.53763580322266, 74.50079345703125, -1314.2088623046875
101.11190032958984, 45.6353874206543, 1983.333984375
100.7549819946289, 25.008712768554688, 1983.333984375
100.4669189453125, 31.140615463256836, 1983.333984375
100.24772644042969, 51.92716979980469, 1983.333984375
100.09741973876953, 72.81253051757812, 1983.333984375
100.01600646972656, 93.60843658447266, 298.5254211425781
100.00349426269531, 114.26473999023438, -805.468505859375
100.05988311767578, 134.76231384277344, -1372.6600341796875
100.18517303466797, 155.0953826904297, -4227.94091796875
100.37935638427734, 175.2664337158203, -7000.0
100.64241027832031, 195.2703094482422, -7000.0
100.97432708740234, 215.1006317138672, -7000.0
101.37507629394531, 234.76376342773438, -7000.0
101.84463500976562, 254.2616729736328, -7000.0
102.38296508789062, 271.4770812988281, -7000.0
102.99003601074219, 272.08709716796875, -7000.0
103.66580963134766, 242.93252563476562, -7000.0
104.41022491455078, 213.7820281982422, -7000.0
105.2232437133789, 184.63763427734375, -7000.0
106.10479736328125, 155.50302124023438, -7000.0
107.05484008789062, 126.38468170166016, -5495.17822265625
108.07330322265625, 97.29780578613281, -3436.9189453125
109.16010284423828, 68.28162384033203, 28.678356170654297
110.31517791748047, 45.80318069458008, 1983.333984375
111.53844451904297, 45.924224853515625, 1983.333984375
112.82982635498047, 60.79884338378906, 1983.333984375
114.18921661376953, 81.64837646484375, 1983.333984375
115.61653137207031, 102.38294219970703, 1084.9400634765625
117.11167907714844, 122.97134399414062, -998.102294921875
118.67454528808594, 143.40452575683594, -3242.255126953125
120.3050308227539, 163.6708221435547, -4684.115234375
122.00302124023438, 183.77169799804688, -7000.0
123.76839447021484, 203.69979858398438, -7000.0
125.60103607177734, 223.4613037109375, -7000.0
127.50081634521484, 243.0552978515625, -7000.0
129.4676055908203, 262.4838562011719, -7000.0
131.50125122070312, 281.75128173828125, -7000.0
133.60165405273438, 298.7217712402344, -7000.0
135.7686309814453, 299.1226501464844, -7000.0
138.00204467773438, 269.9651794433594, -7000.0
140.30174255371094, 240.81065368652344, -7000.0
142.6675567626953, 211.66029357910156, -7000.0
145.09934997558594, 182.51641845703125, -7000.0
147.59693908691406, 153.3824005126953, -3950.681640625
150.16014099121094, 124.26569366455078, -248.25267028808594
152.78878784179688, 95.18216705322266, 1983.333984375
155.4827117919922, 72.58001708984375, 1983.333984375
158.24171447753906, 74.77220916748047, 1983.333984375
161.0655975341797, 95.54872131347656, 1983.333984375
163.9541778564453, 116.18535614013672, 1983.333984375
166.90725708007812, 136.6658172607422, 1983.333984375
169.92462158203125, 156.98626708984375, 1091.09521484375
173.00607299804688, 177.1372833251953, -751.0963134765625
176.1514129638672, 197.1239013671875, -2584.8232421875
179.36038208007812, 216.9442901611328, -3403.460205078125
182.6328125, 236.59744262695312, -6057.40869140625
185.9684295654297, 256.0826721191406, -7000.0
189.36703491210938, 275.40216064453125, -7000.0
192.82838439941406, 294.5603332519531, -7000.0
196.3522491455078, 311.4156799316406, -7000.0
199.93836975097656, 311.7081604003906, -7000.0
203.5865020751953, 282.54962158203125, -7000.0
207.29640197753906, 253.3935546875, -7000.0
211.06781005859375, 224.2411346435547, -4804.22119140625
214.90048217773438, 195.09410095214844, -1767.46337890625
218.79412841796875, 165.955078125, 1983.333984375
222.7484893798828, 143.28538513183594, 1983.333984375
226.76329040527344, 145.34568786621094, 1983.333984375
230.83827209472656, 165.58995056152344, 1983.333984375
234.97314453125, 185.67214965820312, 1983.333984375
239.1676025390625, 205.58958435058594, 1983.333984375
243.42138671875, 225.34071350097656, 1739.212890625
247.73419189453125, 244.92446899414062, 719.4846801757812
252.105712890625, 264.3403625488281, -192.4664306640625
256.5356750488281, 283.59033203125, -2755.83447265625
261.0237121582031, 302.67889404296875, -4036.6650390625
265.5696105957031, 321.60101318359375, -6899.43798828125
270.1729736328125, 340.3638916015625, -7000.0
274.83349609375, 358.9674072265625, -7000.0
279.5509033203125, 375.2723693847656, -7000.0
284.3248291015625, 375.1412353515625, -7000.0
289.15496826171875, 345.97882080078125, -7000.0
294.04095458984375, 316.81768798828125, -5908.126953125
298.9825134277344, 287.65838623046875, -966.9237060546875
303.9792175292969, 258.5015869140625, 1983.333984375
309.0307922363281, 229.3480682373047, 1983.333984375
314.1368713378906, 212.97946166992188, 1983.333984375
319.2970886230469, 232.65997314453125, 1983.333984375
324.5111083984375, 252.17620849609375, 1983.333984375
329.778564453125, 271.53271484375, 1983.333984375
335.0990905761719, 290.7200927734375, 1983.333984375
340.4722900390625, 309.7420654296875, 1983.333984375
345.8978576660156, 328.6044006347656, 1745.0924072265625
351.3753662109375, 347.30743408203125, 964.8312377929688
356.90447998046875, 365.85107421875, -1248.2457275390625
362.4847717285156, 384.2352600097656, -3155.0087890625
368.1158752441406, 402.4598693847656, -3581.840087890625
373.79742431640625, 420.5274353027344, -5405.197265625
379.52899169921875, 436.2977294921875, -7000.0
385.31024169921875, 435.7479248046875, -7000.0
391.14068603515625, 406.58331298828125, -5071.1630859375
397.0199890136719, 377.41949462890625, -2053.758056640625
402.94775390625, 348.25665283203125, 1983.333984375
408.92352294921875, 325.5914611816406, 1983.333984375
414.9469299316406, 327.277099609375, 1983.333984375
421.01751708984375, 345.9888000488281, 1983.333984375
427.1348876953125, 364.5416564941406, 1983.333984375
433.2986145019531, 382.9353332519531, 1983.333984375
439.50830078125, 401.1722412109375, 1983.333984375
445.76348876953125, 419.25701904296875, 1983.333984375
452.0637512207031, 437.184814453125, 1572.3458251953125
458.4086608886719, 454.9603271484375, 832.9080810546875
464.79779052734375, 472.57867431640625, -1137.7215576171875
471.23065185546875, 490.0472412109375, -2715.88671875
477.7068786621094, 507.36602783203125, -2629.974365234375
484.2259521484375, 524.53759765625, -3767.66845703125
490.7874755859375, 539.4169311523438, -5800.51806640625
497.3909606933594, 538.1964721679688, -6836.16455078125
504.0359802246094, 509.02972412109375, -3721.125
510.7220458984375, 479.8633117675781, -1034.522705078125
517.44873046875, 450.6974182128906, 1983.333984375
524.2155151367188, 429.251220703125, 1983.333984375
531.0220336914062, 434.0992736816406, 1983.333984375
537.8677368164062, 451.8963928222656, 1983.333984375
544.7521362304688, 469.54412841796875, 1983.333984375
551.6748657226562, 487.04229736328125, 1983.333984375
558.6353149414062, 504.39080810546875, 1983.333984375
565.633056640625, 521.5895385742188, 1983.333984375
572.6676635742188, 538.6385498046875, 1983.333984375
579.7385864257812, 555.5403442382812, 1983.333984375
586.8453369140625, 572.299560546875, 1664.8404541015625
593.9874877929688, 588.9121704101562, 294.5273742675781
601.1644897460938, 605.3842163085938, -1112.9713134765625
608.3758544921875, 621.7164916992188, -2066.6767578125
615.62109375, 635.7539672851562, -923.8262939453125
622.899658203125, 640.4227294921875, -2365.59326171875
630.211181640625, 629.5192260742188, -1650.489990234375
637.5549926757812, 606.8760375976562, 1035.0345458984375
644.9307250976562, 602.4964599609375, 1983.333984375
652.3378295898438, 601.4260864257812, 1983.333984375
659.7756958007812, 611.7559814453125, 1983.333984375
667.2439575195312, 628.0375366210938, 1983.333984375
674.7420654296875, 644.179443359375, 1983.333984375
682.2694091796875, 660.1814575195312, 1983.333984375
689.8255615234375, 676.043701171875, 1678.29345703125
697.4099731445312, 691.7687377929688, 472.1376953125
705.0221557617188, 707.3612670898438, -629.7592163085938
712.6614990234375, 722.81640625, -1243.3841552734375
720.3275756835938, 738.1416625976562, -2702.92626953125
728.019775390625, 753.3369750976562, -2121.978515625
735.7376098632812, 768.4022216796875, -2410.988525390625
743.4805908203125, 783.3375854492188, -3508.71630859375
751.2481079101562, 795.9834594726562, -5109.8642578125
759.0396118164062, 793.0921630859375, -5408.2275390625
766.8546752929688, 763.9232788085938, -1458.857177734375
774.6926879882812, 734.7543334960938, 1459.1834716796875
782.5531005859375, 705.5855712890625, 1983.333984375
790.4353637695312, 688.2439575195312, 1983.333984375
798.3389892578125, 703.8658447265625, 1983.333984375
806.2633666992188, 719.3506469726562, 1983.333984375
814.2080078125, 734.70556640625, 1983.333984375
822.1723022460938, 749.9307250976562, 1983.333984375
830.15576171875, 765.0264282226562, 1983.333984375
838.1578369140625, 779.99169921875, 1983.333984375
846.1779174804688, 794.8269653320312, 1983.333984375
854.2155151367188, 809.5350341796875, 1983.333984375
862.2700805664062, 824.1204223632812, 1983.333984375
870.3409423828125, 838.5784301757812, 1983.333984375
878.4276733398438, 852.913818359375, 1983.333984375
886.5296630859375, 867.121826171875, 1983.333984375
894.6463623046875, 881.2098999023438, 1838.94970703125
902.7772216796875, 895.1780395507812, 1047.3807373046875
910.9216918945312, 909.0261840820312, 598.2437133789062
919.0791625976562, 922.7542724609375, -452.55609130859375
927.2490844726562, 934.1972045898438, -708.1245727539062
935.4309692382812, 938.4909057617188, -505.8257141113281
943.6241455078125, 938.3699951171875, -464.041748046875
951.8280639648438, 933.9901733398438, 1011.5732421875
960.042236328125, 931.091552734375, 1983.333984375
968.2660522460938, 933.401611328125, 1983.333984375
976.4989624023438, 940.8977661132812, 1983.333984375
984.7403564453125, 954.3555297851562, 1983.333984375
992.9896850585938, 967.6961059570312, 1983.333984375
1001.2463989257812, 980.924072265625, 1983.333984375
1009.5098876953125, 994.0348510742188, 1983.333984375
1017.7796630859375, 1007.0355834960938, 1653.867919921875
1026.0550537109375, 1019.9264526367188, 825.2640380859375
1034.3355712890625, 1032.707275390625, 477.643798828125
1042.62060546875, 1045.378173828125, -342.1495666503906
1050.9095458984375, 1057.93896484375, -612.4170532226562
1059.201904296875, 1070.3929443359375, -1345.428466796875
1067.4970703125, 1082.743896484375, -2505.934326171875
1075.7945556640625, 1092.8145751953125, -985.0595092773438
1084.0936279296875, 1094.5718994140625, -1617.6968994140625
1092.393798828125, 1083.6214599609375, -15.498846054077148
1100.694580078125, 1061.0230712890625, 1983.333984375
1108.9952392578125, 1056.6431884765625, 1983.333984375
1117.2952880859375, 1056.736083984375, 1983.333984375
1125.5941162109375, 1069.19921875, 1983.333984375
1133.89111328125, 1081.5599365234375, 1983.333984375
1142.1859130859375, 1093.8104248046875, 1983.333984375
1150.477783203125, 1105.9539794921875, 1983.333984375
1158.76611328125, 1117.9974365234375, 1983.333984375
1167.0504150390625, 1129.9383544921875, 1983.333984375
1175.330078125, 1141.7718505859375, 1983.333984375
1183.6046142578125, 1153.50537109375, 1983.333984375
1191.8734130859375, 1165.1392822265625, 1983.333984375
1200.1357421875, 1176.6727294921875, 1983.333984375
1208.391357421875, 1188.1063232421875, 1983.333984375
1216.639404296875, 1199.4425048828125, 1983.333984375
1224.87939453125, 1210.6859130859375, 1983.333984375
1233.1107177734375, 1221.832275390625, 1925.3614501953125
1241.3330078125, 1232.8857421875, 1557.0960693359375
1249.5455322265625, 1243.841796875, 903.974365234375
1257.7476806640625, 1254.7054443359375, 931.6486206054688
1265.93896484375, 1265.4720458984375, 673.7499389648438
1274.118896484375, 1273.9713134765625, 400.55950927734375
1282.2867431640625, 1276.3863525390625, 801.8772583007812
1290.442138671875, 1278.778564453125, 903.0039672851562
1298.5843505859375, 1281.143310546875, 1662.6268310546875
1306.712890625, 1285.6685791015625, 1983.333984375
1314.8271484375, 1296.174560546875, 1983.333984375
1322.9266357421875, 1306.5904541015625, 1983.333984375
1331.0107421875, 1316.9166259765625, 1983.333984375
1339.0789794921875, 1327.152587890625, 1983.333984375
1347.1307373046875, 1337.2989501953125, 1872.9417724609375
1355.1654052734375, 1347.357666015625, 1546.279541015625
1363.1824951171875, 1357.333740234375, 1021.5262451171875
1371.1815185546875, 1367.22265625, 316.4222412109375
1379.1617431640625, 1377.02880859375, 389.2809753417969
1387.1229248046875, 1386.7476806640625, 266.8725280761719
1395.064208984375, 1396.3199462890625, -26.6815242767334
1402.985107421875, 1403.4105224609375, -157.4640350341797
1410.8851318359375, 1404.2615966796875, 538.0574340820312
1418.7637939453125, 1404.7486572265625, 1110.1058349609375
1426.6204833984375, 1404.9451904296875, 1983.333984375
1434.4547119140625, 1407.6666259765625, 1983.333984375
1442.265869140625, 1415.926513671875, 1983.333984375
1450.053466796875, 1424.1865234375, 1983.333984375
1457.81689453125, 1432.446533203125, 1983.333984375
1465.5556640625, 1440.7066650390625, 1983.333984375
1473.269287109375, 1448.9666748046875, 1983.333984375
1480.9571533203125, 1457.22705078125, 1983.333984375
1488.6187744140625, 1465.4871826171875, 1983.333984375
1496.2535400390625, 1473.747314453125, 1983.333984375
1503.861083984375, 1482.0074462890625, 1983.333984375
1511.44091796875, 1490.267578125, 1983.333984375
1518.9921875, 1498.5277099609375, 1983.333984375
1526.5147705078125, 1506.787841796875, 1983.333984375
1534.0078125, 1515.0479736328125, 1983.333984375
1541.4710693359375, 1523.3084716796875, 1983.333984375
1548.90380859375, 1531.568603515625, 1983.333984375
1556.3056640625, 1539.8287353515625, 1983.333984375
1563.6761474609375, 1548.0888671875, 1983.333984375
1571.0146484375, 1556.3489990234375, 1983.333984375
1578.3206787109375, 1564.609130859375, 1983.333984375
1585.59375, 1572.8692626953125, 1983.333984375
1592.833251953125, 1581.12939453125, 1983.333984375
1600.0389404296875, 1589.3897705078125, 1983.333984375
1607.2100830078125, 1597.64990234375, 1983.333984375
1614.346435546875, 1605.91015625, 1928.546875
1621.4471435546875, 1614.170166015625, 1743.83447265625
1628.5120849609375, 1622.4307861328125, 1431.5576171875
1635.54052734375, 1630.69091796875, 993.9592895507812
1642.5321044921875, 1638.9510498046875, 433.0864562988281
1649.4862060546875, 1647.211181640625, 692.8975219726562
1656.402587890625, 1655.4713134765625, 785.957763671875
1663.280517578125, 1661.521728515625, 969.113525390625
1670.1197509765625, 1661.52197265625, 983.8139038085938
1676.9195556640625, 1661.5220947265625, 1776.0247802734375
1683.6796875, 1663.732666015625, 1983.333984375
1690.399658203125, 1671.99267578125, 1983.333984375
1697.078857421875, 1680.252685546875, 1983.333984375
1703.7169189453125, 1688.5126953125, 1983.333984375
1710.3134765625, 1696.7728271484375, 1983.333984375
1716.867919921875, 1705.032958984375, 1983.333984375
1723.3798828125, 1713.2930908203125, 1983.333984375
1729.848876953125, 1721.5533447265625, 1912.871826171875
1736.2744140625, 1729.8134765625, 1635.9967041015625
1742.6561279296875, 1738.0736083984375, 1158.0137939453125
1748.99365234375, 1746.3338623046875, 483.92132568359375
1755.286376953125, 1754.5938720703125, 560.4951171875
1761.5340576171875, 1762.8541259765625, 402.9490051269531
1767.736083984375, 1768.9005126953125, 271.1346435546875
1773.89208984375, 1768.9007568359375, 850.5036010742188
1780.0015869140625, 1768.90087890625, 1158.0625
1786.0643310546875, 1768.90087890625, 1983.333984375
1792.079833984375, 1771.1158447265625, 1983.333984375
1798.047607421875, 1779.3758544921875, 1983.333984375
1803.96728515625, 1787.6357421875, 1983.333984375
1809.83837890625, 1795.895751953125, 1983.333984375
1815.66064453125, 1804.1558837890625, 1983.333984375
1821.43359375, 1812.416015625, 1983.333984375
1827.1568603515625, 1820.67626953125, 1705.5482177734375
1832.8299560546875, 1828.9365234375, 1145.6011962890625
1838.45263671875, 1837.1966552734375, 311.83087158203125
1844.0244140625, 1845.4569091796875, 154.18637084960938
1849.5447998046875, 1853.717041015625, -309.1038513183594
1855.013671875, 1861.9771728515625, -570.85302734375
1860.4305419921875, 1868.01953125, -891.044189453125
1865.794921875, 1866.8433837890625, -446.6118469238281
1871.1065673828125, 1862.46337890625, 586.9937744140625
1876.3651123046875, 1858.0833740234375, 1729.9393310546875
1881.5701904296875, 1854.8800048828125, 1983.333984375
1886.7213134765625, 1857.099609375, 1983.333984375
1891.818359375, 1865.3594970703125, 1983.333984375
1896.8607177734375, 1873.6195068359375, 1983.333984375
1901.8482666015625, 1881.879638671875, 1983.333984375
1906.780517578125, 1890.1396484375, 1983.333984375
1911.6572265625, 1898.39990234375, 1983.333984375
1916.4779052734375, 1906.659912109375, 1983.333984375
1921.242431640625, 1914.9202880859375, 1687.8057861328125
1925.9503173828125, 1923.1805419921875, 1000.5377197265625
1930.601318359375, 1931.440673828125, 876.6902465820312
1935.195068359375, 1939.7008056640625, 339.4564514160156
1939.7313232421875, 1947.9609375, -99.27442169189453
1944.209716796875, 1953.99853515625, -694.4592895507812
1948.6298828125, 1952.820068359375, -619.06787109375
1952.9915771484375, 1948.440185546875, -44.75639724731445
1957.2945556640625, 1944.0601806640625, 552.497802734375
1961.5384521484375, 1940.859130859375, 1971.94140625
1965.722900390625, 1943.0830078125, 1983.333984375
1969.8477783203125, 1951.343017578125, 1983.333984375
1973.9127197265625, 1959.6031494140625, 1983.333984375
1977.91748046875, 1967.86328125, 1983.333984375
1981.8616943359375, 1976.123291015625, 1621.2637939453125
1985.7451171875, 1984.383544921875, 776.40966796875
1989.567626953125, 1992.6435546875, 408.0509338378906
1993.3287353515625, 2000.90380859375, -456.7619323730469
1997.0283203125, 2009.1639404296875, -1302.4473876953125
2000.666015625, 2017.4241943359375, -2634.844970703125
2004.2418212890625, 2025.684326171875, -1610.4383544921875
2007.7552490234375, 2033.9444580078125, -1180.4700927734375
2011.2060546875, 2039.9779052734375, -1067.5341796875
2014.5941162109375, 2032.1126708984375, -2498.54638671875
2017.919189453125, 2002.942138671875, -139.06541442871094
2021.1810302734375, 1980.45751953125, 1983.333984375
2024.37939453125, 1976.077392578125, 1983.333984375
2027.5140380859375, 1975.1070556640625, 1983.333984375
2030.584716796875, 1983.3670654296875, 1983.333984375
2033.5914306640625, 1991.6270751953125, 1983.333984375
2036.53369140625, 1999.88720703125, 1983.333984375
2039.4114990234375, 2008.147216796875, 1983.333984375
2042.2244873046875, 2016.407470703125, 1983.333984375
2044.97265625, 2024.6676025390625, 1983.333984375
2047.6556396484375, 2032.927978515625, 1983.333984375
2050.2734375, 2041.1881103515625, 1983.333984375
2052.82568359375, 2049.447998046875, 1351.7012939453125
2055.312255859375, 2057.708251953125, 1032.98095703125
2057.73291015625, 2065.968505859375, 61.927486419677734
2060.087646484375, 2071.99755859375, -783.260009765625
2062.376220703125, 2071.997802734375, -1324.2117919921875
2064.5986328125, 2070.814208984375, -1448.280517578125
2066.75439453125, 2066.43408203125, -818.1046752929688
2068.84375, 2062.05419921875, 23.119661331176758
2070.8662109375, 2057.673828125, 612.984375
2072.82177734375, 2054.47802734375, 1762.9146728515625
2074.710205078125, 2056.71142578125, 1983.333984375
2076.53173828125, 2064.971435546875, 1983.333984375
2078.285888671875, 2073.231689453125, 1543.740966796875
2079.972412109375, 2081.49169921875, 373.8393859863281
2081.591796875, 2089.751953125, -57.68350601196289
2083.143310546875, 2098.011962890625, -1235.3978271484375
2084.626953125, 2106.27197265625, -3129.733642578125
2086.04296875, 2114.5322265625, -2886.3779296875
2087.39111328125, 2122.79248046875, -3446.204833984375
2088.6708984375, 2131.052734375, -4776.90625
2089.8828125, 2139.31298828125, -6847.70654296875
2091.026611328125, 2147.572998046875, -7000.0
2092.101806640625, 2153.596923828125, -7000.0
2093.10888671875, 2145.6982421875, -7000.0
2094.047607421875, 2116.527587890625, -5875.21923828125
2094.91748046875, 2087.357177734375, -1368.7672119140625
2095.71923828125, 2058.1865234375, 1983.333984375
2096.4521484375, 2029.0157470703125, 1983.333984375
2097.116455078125, 2009.9864501953125, 1983.333984375
2097.7119140625, 2018.2464599609375, 1983.333984375
2098.23876953125, 2026.506591796875, 1983.333984375
2098.69677734375, 2034.7669677734375, 1983.333984375
2099.0859375, 2043.027099609375, 1983.333984375
2099.406494140625, 2051.287109375, 1983.333984375
2099.657958984375, 2059.54736328125, 1983.333984375
2099.840576171875, 2067.8076171875, 1983.333984375
2099.954345703125, 2076.06787109375, 1983.333984375
2099.999267578125, 2084.327880859375, 1983.333984375
2099.97509765625, 2092.588134765625, 1810.746826171875
2099.88232421875, 2100.848388671875, 690.8656005859375
2099.720458984375, 2109.108642578125, -394.7967834472656
2099.48974609375, 2117.36865234375, -1900.0865478515625
2099.190185546875, 2123.38720703125, -1226.895263671875
2098.821533203125, 2122.1982421875, -3319.675537109375
2098.38427734375, 2111.088623046875, -1260.146240234375
2097.87841796875, 2088.648681640625, -117.43598175048828
2097.303466796875, 2077.537353515625, 1231.8843994140625
2096.659912109375, 2056.2880859375, 1983.333984375
2095.94775390625, 2058.531494140625, 1983.333984375
2095.1669921875, 2066.79150390625, 1983.333984375
2094.317626953125, 2075.0517578125, 1983.333984375
2093.399658203125, 2083.311767578125, 1983.333984375
2092.413330078125, 2091.57177734375, 1061.64404296875
2091.358642578125, 2099.83203125, 62.08241653442383
2090.235595703125, 2108.091796875, -1463.5084228515625
2089.04443359375, 2116.35205078125, -1168.2008056640625
2087.784912109375, 2124.6123046875, -1977.140625
2086.45751953125, 2132.87255859375, -3842.855712890625
2085.06201171875, 2141.132568359375, -6720.33056640625
2083.5986328125, 2149.392822265625, -7000.0
2082.067626953125, 2155.406982421875, -7000.0
2080.468994140625, 2147.47265625, -7000.0
2078.802490234375, 2118.302490234375, -7000.0
2077.06884765625, 2089.1318359375, -4683.13623046875
2075.267822265625, 2059.9609375, -2176.07666015625
2073.3994140625, 2030.79052734375, 1890.254638671875
2071.464111328125, 2008.366455078125, 1983.333984375
2069.4619140625, 2007.4267578125, 1983.333984375
2067.392822265625, 2015.686767578125, 1983.333984375
2065.257080078125, 2023.94677734375, 1983.333984375
2063.054931640625, 2032.2069091796875, 1983.333984375
2060.7861328125, 2040.467041015625, 1983.333984375
2058.451416015625, 2048.727294921875, 1983.333984375
2056.050537109375, 2056.987548828125, 857.9248046875
2053.583984375, 2065.247802734375, -496.7257995605469
2051.051513671875, 2073.508056640625, -2521.01171875
2048.45361328125, 2081.768310546875, -2860.489013671875
2045.790283203125, 2090.028564453125, -4433.10888671875
2043.061767578125, 2098.288818359375, -7000.0
2040.268310546875, 2104.29736328125, -7000.0
2037.41015625, 2096.34521484375, -7000.0
2034.4873046875, 2067.17431640625, -7000.0
2031.5001220703125, 2038.0040283203125, -4047.1396484375
2028.44873046875, 2008.8333740234375, -1079.011474609375
2025.3333740234375, 1979.662841796875, 1983.333984375
2022.1541748046875, 1957.254150390625, 1983.333984375
2018.9114990234375, 1956.322265625, 1983.333984375
2015.6055908203125, 1964.582275390625, 1983.333984375
2012.2364501953125, 1972.8424072265625, 1983.333984375
2008.8045654296875, 1981.1024169921875, 1983.333984375
2005.31005859375, 1989.362548828125, 1983.333984375
2001.7530517578125, 1997.6231689453125, 1437.5645751953125
1998.134033203125, 2005.88330078125, 501.6613464355469
1994.453125, 2014.1435546875, -1256.235595703125
1990.7105712890625, 2022.4036865234375, -1473.6318359375
1986.9066162109375, 2030.6639404296875, -3060.829345703125
1983.0416259765625, 2038.9239501953125, -5956.2958984375
1979.11572265625, 2047.1842041015625, -7000.0
1975.1292724609375, 2053.187744140625, -7000.0
1971.08251953125, 2045.21630859375, -7000.0
1966.9757080078125, 2016.0457763671875, -7000.0
1962.8092041015625, 1986.875244140625, -6057.283203125
1958.583251953125, 1957.7044677734375, -2306.966796875
1954.298095703125, 1928.533935546875, 779.7301025390625
1949.9541015625, 1899.3634033203125, 1983.333984375
1945.551513671875, 1878.169677734375, 1983.333984375
1941.0906982421875, 1880.4288330078125, 1983.333984375
1936.5718994140625, 1888.688720703125, 1983.333984375
1931.9954833984375, 1896.9488525390625, 1983.333984375
1927.36181640625, 1905.2088623046875, 1983.333984375
1922.6710205078125, 1913.468994140625, 1983.333984375
1917.923583984375, 1921.7291259765625, 529.043212890625
1913.119873046875, 1929.9893798828125, -907.725830078125
1908.260009765625, 1938.24951171875, -947.9232788085938
1903.344482421875, 1946.5096435546875, -2493.99853515625
1898.3736572265625, 1954.7698974609375, -5476.9853515625
1893.3477783203125, 1963.0301513671875, -7000.0
1888.2672119140625, 1971.290283203125, -7000.0
1883.1324462890625, 1977.288330078125, -7000.0
1877.943603515625, 1969.298828125, -7000.0
1872.701171875, 1940.12841796875, -7000.0
1867.405517578125, 1910.9578857421875, -7000.0
1862.0570068359375, 1881.7861328125, -5561.38330078125
1856.656005859375, 1852.6156005859375, -1474.45654296875
1851.202880859375, 1823.445068359375, 856.265625
1845.6978759765625, 1794.2745361328125, 1983.333984375
1840.1416015625, 1775.3653564453125, 1983.333984375
1834.5343017578125, 1783.625244140625, 1983.333984375
1828.8763427734375, 1791.8853759765625, 1983.333984375
1823.168212890625, 1800.1453857421875, 1983.333984375
1817.4102783203125, 1808.405517578125, 1983.333984375
1811.6029052734375, 1816.6656494140625, 384.7270202636719
1805.7464599609375, 1824.92578125, -1309.6387939453125
1799.8414306640625, 1833.1859130859375, -1714.169189453125
1793.88818359375, 1841.4461669921875, -3725.1103515625
1787.8870849609375, 1849.706298828125, -7000.0
1781.838623046875, 1857.966552734375, -7000.0
1775.7431640625, 1866.2266845703125, -7000.0
1769.60107421875, 1872.2193603515625, -7000.0
1763.4129638671875, 1864.209716796875, -7000.0
1757.1790771484375, 1835.039306640625, -7000.0
1750.89990234375, 1805.8687744140625, -7000.0
1744.575927734375, 1776.6982421875, -6980.16650390625
1738.20751953125, 1747.5277099609375, -4351.80078125
1731.7950439453125, 1718.357177734375, -2076.636474609375
1725.339111328125, 1689.1865234375, 1244.6588134765625
1718.8402099609375, 1666.828369140625, 1983.333984375
1712.2984619140625, 1665.922607421875, 1983.333984375
1705.7147216796875, 1674.1826171875, 1983.333984375
1699.089111328125, 1682.4423828125, 1983.333984375
1692.4222412109375, 1690.7025146484375, 1160.7374267578125
1685.714599609375, 1698.962646484375, -391.9148864746094
1678.966552734375, 1707.2227783203125, -3086.74853515625
1672.1785888671875, 1715.48291015625, -4542.77294921875
1665.351318359375, 1723.7430419921875, -7000.0
1658.4849853515625, 1732.00341796875, -7000.0
1651.5802001953125, 1740.2635498046875, -7000.0
1644.637451171875, 1748.523681640625, -7000.0
1637.6571044921875, 1756.7838134765625, -7000.0
1630.6397705078125, 1762.7705078125, -7000.0
1623.5858154296875, 1754.740966796875, -7000.0
1616.495849609375, 1725.570556640625, -7000.0
1609.3702392578125, 1696.400146484375, -7000.0
1602.2095947265625, 1667.2294921875, -7000.0
1595.0142822265625, 1638.05908203125, -7000.0
1587.784912109375, 1608.8885498046875, -5719.7822265625
1580.5218505859375, 1579.7181396484375, -1996.1763916015625
1573.2257080078125, 1550.547607421875, 720.5331420898438
1565.8970947265625, 1521.377197265625, 1983.333984375
1558.5362548828125, 1500.2445068359375, 1983.333984375
1551.143798828125, 1502.520751953125, 1983.333984375
1543.7203369140625, 1510.7806396484375, 1983.333984375
1536.2662353515625, 1519.0406494140625, 1983.333984375
1528.7821044921875, 1527.3006591796875, 1132.823974609375
1521.2684326171875, 1535.5606689453125, -40.5283088684082
1513.7257080078125, 1543.82080078125, -2964.040771484375
1506.154541015625, 1552.0809326171875, -4726.9306640625
1498.5552978515625, 1560.3411865234375, -7000.0
1490.9285888671875, 1568.601318359375, -7000.0
1483.2750244140625, 1576.861572265625, -7000.0
1475.5950927734375, 1585.1217041015625, -7000.0
1467.88916015625, 1593.3819580078125, -7000.0
1460.157958984375, 1599.36279296875, -7000.0
1452.40185546875, 1591.3123779296875, -7000.0
1444.62158203125, 1562.14208984375, -7000.0
1436.8175048828125, 1532.971923828125, -7000.0
1428.990234375, 1503.8013916015625, -7000.0
1421.1402587890625, 1474.631103515625, -7000.0
1413.2681884765625, 1445.460693359375, -6989.45703125
1405.37451171875, 1416.290283203125, -4544.228515625
1397.4598388671875, 1387.1199951171875, -2614.96630859375
1389.524658203125, 1357.94970703125, 956.0220947265625
1381.5694580078125, 1335.6278076171875, 1983.333984375
1373.594970703125, 1332.985595703125, 1983.333984375
1365.6015625, 1337.1558837890625, 1983.333984375
1357.58984375, 1347.2208251953125, 1944.7310791015625
1349.5604248046875, 1357.196044921875, 799.3110961914062
1341.5137939453125, 1367.0838623046875, -1648.653076171875
1333.450439453125, 1376.88916015625, -3192.95556640625
1325.37109375, 1386.6070556640625, -6697.1083984375
1317.2762451171875, 1396.184326171875, -7000.0
1309.166259765625, 1405.240234375, -7000.0
1301.0419921875, 1413.50048828125, -7000.0
1292.9039306640625, 1421.7606201171875, -7000.0
1284.75244140625, 1430.0208740234375, -7000.0
1276.58837890625, 1438.281005859375, -7000.0
1268.4119873046875, 1444.2554931640625, -7000.0
1260.22412109375, 1436.1827392578125, -7000.0
1252.025146484375, 1407.012451171875, -7000.0
1243.815673828125, 1377.8421630859375, -7000.0
1235.5963134765625, 1348.6717529296875, -7000.0
1227.36767578125, 1319.50146484375, -7000.0
1219.130126953125, 1290.331298828125, -7000.0
1210.884521484375, 1261.1607666015625, -7000.0
1202.631103515625, 1231.9906005859375, -6665.6611328125
1194.3707275390625, 1202.8204345703125, -3955.05859375
1186.1038818359375, 1173.650146484375, -1813.9827880859375
1177.8310546875, 1144.480224609375, 768.9169311523438
1169.5528564453125, 1122.17919921875, 1983.333984375
1161.2698974609375, 1122.319091796875, 1983.333984375
1152.982666015625, 1134.2213134765625, 1983.333984375
1144.6917724609375, 1146.0233154296875, 408.4002685546875
1136.39794921875, 1157.7254638671875, -1535.0849609375
1128.1014404296875, 1169.3277587890625, -2832.505615234375
1119.8031005859375, 1180.8302001953125, -6331.18212890625
1111.5032958984375, 1192.232666015625, -7000.0
1103.2027587890625, 1203.5350341796875, -7000.0
1094.902099609375, 1214.740234375, -7000.0
1086.6016845703125, 1225.8526611328125, -7000.0
1078.3021240234375, 1236.867919921875, -7000.0
1070.004150390625, 1247.790283203125, -7000.0
1061.708251953125, 1256.3426513671875, -7000.0
1053.4150390625, 1250.104248046875, -7000.0
1045.1248779296875, 1220.93408203125, -7000.0
1036.838623046875, 1191.76416015625, -7000.0
1028.556640625, 1162.593994140625, -7000.0
1020.2796630859375, 1133.4239501953125, -7000.0
1012.0081787109375, 1104.25390625, -7000.0
1003.74267578125, 1075.0838623046875, -7000.0
995.48388671875, 1045.913818359375, -7000.0
987.2322387695312, 1016.743896484375, -6683.564453125
978.9884033203125, 987.5740356445312, -3988.063232421875
970.7528686523438, 958.4042358398438, -1857.7569580078125
962.5262451171875, 929.2344360351562, 510.0780944824219
954.3091430664062, 906.9539184570312, 1983.333984375
946.10205078125, 907.6209716796875, 1983.333984375
937.905517578125, 921.3670654296875, 1983.333984375
929.72021484375, 934.993408203125, 692.994140625
921.546630859375, 948.5, -1908.9954833984375
913.3853149414062, 961.889404296875, -4021.045166015625
905.2368774414062, 975.1688842773438, -7000.0
897.1018676757812, 988.3356323242188, -7000.0
888.9808349609375, 1001.3857421875, -7000.0
880.8743286132812, 1014.3252563476562, -7000.0
872.7828979492188, 1027.15478515625, -7000.0
864.7071533203125, 1039.87451171875, -7000.0
856.6476440429688, 1052.4840087890625, -7000.0
848.6048583984375, 1062.7039794921875, -7000.0
840.5794067382812, 1057.6368408203125, -7000.0
832.5718383789062, 1028.467041015625, -7000.0
824.5827026367188, 999.2973022460938, -7000.0
816.612548828125, 970.1275024414062, -7000.0
808.6619262695312, 940.9578247070312, -7000.0
800.7313232421875, 911.7881469726562, -7000.0
792.8214111328125, 882.618408203125, -7000.0
784.9326171875, 853.4489135742188, -7000.0
777.0655517578125, 824.2794799804688, -7000.0
769.220703125, 795.1100463867188, -6269.09912109375
761.398681640625, 765.9407958984375, -3131.580322265625
753.5999755859375, 736.7716674804688, -531.3568115234375
745.8251342773438, 707.6026611328125, 1983.333984375
738.07470703125, 685.3442993164062, 1983.333984375
730.3492431640625, 686.5568237304688, 1983.333984375
722.6492309570312, 702.1968383789062, 1983.333984375
714.9752197265625, 717.69970703125, 772.4352416992188
707.3276977539062, 733.0728149414062, -1695.1898193359375
699.707275390625, 748.3132934570312, -3829.588623046875
692.1144409179688, 763.4166259765625, -7000.0
684.5496826171875, 778.392822265625, -7000.0
677.0135498046875, 793.2461547851562, -7000.0
669.506591796875, 807.9696655273438, -7000.0
662.0292358398438, 822.5659790039062, -7000.0
