460.31219482421875, 444.9317932128906, 678.00927734375
453.95404052734375, 438.3909606933594, 394.532958984375
447.6404113769531, 469.4822082519531, -1623.0120849609375
441.3717041015625, 486.796142578125, -3336.989990234375
435.0572204589844, 504.21002197265625, -7000.0
428.8804016113281, 521.4049072265625, -7000.0
422.74981689453125, 538.4563598632812, -7000.0
416.6658935546875, 555.3638916015625, -7000.0
410.5406188964844, 572.2199096679688, -7000.0
404.3765869140625, 589.2203369140625, -7000.0
398.4372863769531, 605.6887817382812, -7000.0
392.5462951660156, 622.0191650390625, -7000.0
386.7041015625, 638.2117309570312, -7000.0
380.8262023925781, 654.4774169921875, -7000.0
374.99932861328125, 670.3037719726562, -7000.0
369.3072204589844, 676.509765625, -7000.0
363.66546630859375, 647.34814453125, -7000.0
358.0744323730469, 618.1869506835938, -7000.0
352.5345458984375, 589.026123046875, -7000.0
347.046142578125, 559.8640747070312, -7000.0
341.609619140625, 530.6773681640625, -7000.0
336.225341796875, 501.48980712890625, -7000.0
330.8157043457031, 472.20806884765625, -7000.0
325.46063232421875, 442.8750305175781, -7000.0
320.0840759277344, 413.0215148925781, -7000.0
314.9156799316406, 383.8565673828125, -7000.0
309.8013610839844, 354.6359558105469, -7000.0
304.74151611328125, 325.47235107421875, -5671.45458984375
299.7364501953125, 296.3102111816406, -1643.89013671875
294.7865295410156, 267.0946960449219, 329.7798767089844
289.8205261230469, 237.77923583984375, 1983.333984375
284.98272705078125, 211.98452758789062, 1983.333984375
280.1311950683594, 224.24868774414062, 1983.333984375
275.4068603515625, 243.89939880371094, 1983.333984375
270.671142578125, 263.56109619140625, 519.3294677734375
266.0616149902344, 282.8153381347656, -900.2694702148438
261.5095520019531, 301.9143981933594, -2063.6318359375
256.9495849609375, 321.1485595703125, -5959.541015625
252.5142364501953, 339.9139099121094, -7000.0
248.0094451904297, 359.0962829589844, -7000.0
243.69290161132812, 377.5380859375, -7000.0
239.4353790283203, 395.8203430175781, -7000.0
235.2371368408203, 413.9444885253906, -7000.0
231.09849548339844, 431.9175109863281, -7000.0
227.01971435546875, 448.49884033203125, -7000.0
223.00108337402344, 452.1702575683594, -7000.0
219.04287719726562, 422.9997863769531, -7000.0
215.08851623535156, 393.6623840332031, -7000.0
211.2528839111328, 364.4990234375, -7000.0
207.47848510742188, 335.28485107421875, -7000.0
203.7655792236328, 306.0806884765625, -7000.0
200.11444091796875, 276.8635559082031, -7000.0
196.4729766845703, 247.20364379882812, -7000.0
192.94700622558594, 218.0519256591797, -6127.78955078125
189.4330596923828, 188.7460479736328, -2385.869873046875
186.0332489013672, 159.6094207763672, -571.1234741210938
182.69639587402344, 130.43734741210938, 1983.333984375
179.37509155273438, 108.16517639160156, 1983.333984375
176.16583251953125, 117.97128295898438, 1983.333984375
173.0202178955078, 138.47976684570312, 1983.333984375
169.89361572265625, 159.04742431640625, 853.6603393554688
166.8769073486328, 179.2362060546875, -72.42491912841797
163.9244842529297, 199.20396423339844, -3519.437744140625
160.99456787109375, 219.17111206054688, -6552.19921875
158.1312713623047, 238.92210388183594, -7000.0
155.3347930908203, 258.5025329589844, -7000.0
152.64442443847656, 277.81634521484375, -7000.0
149.981201171875, 297.0623474121094, -7000.0
147.3853759765625, 316.2016296386719, -7000.0
144.89329528808594, 335.00634765625, -7000.0
142.46702575683594, 351.6416931152344, -7000.0
140.10671997070312, 352.0750427246094, -7000.0
137.77932739257812, 322.7807312011719, -7000.0
135.5201873779297, 293.2825012207031, -7000.0
133.36073303222656, 264.07763671875, -7000.0
131.23760986328125, 234.777587890625, -7000.0
129.18319702148438, 205.49940490722656, -7000.0
127.22595977783203, 176.3558807373047, -7000.0
125.3084487915039, 147.09402465820312, -5710.4775390625
123.43379974365234, 117.26155090332031, -1348.93505859375
121.68099212646484, 88.19060516357422, 1172.98876953125
119.99559783935547, 59.218074798583984, 1983.333984375
118.37772369384766, 43.24628448486328, 1983.333984375
116.82748413085938, 58.512393951416016, 1983.333984375
115.3449935913086, 100.23828887939453, 402.3243103027344
112.56433868408203, 121.05046844482422, -34.1733283996582
111.26839447021484, 141.5696563720703, -2914.083984375
110.04258728027344, 162.0090789794922, -5270.74267578125
108.88700866699219, 202.32400512695312, -7000.0
106.8153076171875, 222.10025024414062, -7000.0
105.86885833740234, 241.93264770507812, -7000.0
105.00511932373047, 261.3714904785156, -7000.0
104.20994567871094, 280.6454772949219, -7000.0
103.48338317871094, 296.811279296875, -7000.0
102.81632232666016, 293.12445068359375, -7000.0
102.22000122070312, 234.56822204589844, -7000.0
101.245849609375, 205.2471466064453, -7000.0
100.86604309082031, 176.05532836914062, -7000.0
100.55101776123047, 146.81951904296875, -7000.0
100.30690002441406, 88.4501953125, -2623.839111328125
100.03241729736328, 59.0080680847168, 748.9620361328125
100.00006866455078, 30.237524032592773, 1983.333984375
100.03759765625, 19.312978744506836, 1983.333984375
100.14402770996094, 56.071136474609375, 1983.333984375
100.56765747070312, 76.94168090820312, 1983.333984375
100.8817367553711, 97.70804595947266, 872.6466674804688
101.26465606689453, 138.97003173828125, -795.12890625
102.24508666992188, 159.27174377441406, -3828.06494140625
102.84455871582031, 179.66159057617188, -7000.0
103.50455474853516, 199.62713623046875, -7000.0
104.23321533203125, 239.076171875, -7000.0
105.92281341552734, 258.9544677734375, -7000.0
106.85914611816406, 274.4065856933594, -7000.0
107.8639144897461, 266.5771484375, -7000.0
108.9370346069336, 208.00875854492188, -7000.0
111.32467651367188, 178.6822052001953, -7000.0
112.6237564086914, 120.16348266601562, -3728.6650390625
115.43195343017578, 90.73141479492188, -162.056640625
116.91851043701172, 61.7453727722168, 1983.333984375
118.47280883789062, 54.084739685058594, 1983.333984375
121.80952453613281, 74.9635238647461, 1983.333984375
123.59371185302734, 116.73873901367188, 891.97412109375
127.31306457519531, 137.217529296875, -1633.75537109375
129.27333068847656, 157.57968139648438, -1431.6341552734375
131.3004913330078, 197.79428100585938, -1797.3818359375
135.58717346191406, 217.61581420898438, -7000.0
137.8151092529297, 237.3236541748047, -7000.0
140.14356994628906, 257.04888916015625, -7000.0
142.50491333007812, 290.92626953125, -7000.0
147.42535400390625, 279.1825866699219, -7000.0
150.02223205566406, 249.90704345703125, -7000.0
152.72561645507812, 190.96363830566406, -5497.40673828125
158.17543029785156, 161.82632446289062, -2280.2587890625
160.99778747558594, 132.70352172851562, -278.1558532714844
163.88482666015625, 97.79605865478516, 1148.4901123046875
169.8970489501953, 107.80045318603516, 1983.333984375
172.97793579101562, 124.18729400634766, 1983.333984375
176.16940307617188, 165.047119140625, 1169.1912841796875
182.7487335205078, 185.22950744628906, -480.9446716308594
186.08657836914062, 205.1934814453125, -2084.12353515625
189.53787231445312, 225.03700256347656, -2631.33154296875
193.0537567138672, 244.93603515625, -5086.09130859375
196.58163452148438, 264.3470153808594, -7000.0
200.2250213623047, 283.88360595703125, -7000.0
203.8780517578125, 302.9654235839844, -7000.0
207.59283447265625, 321.8840637207031, -7000.0
211.36911010742188, 340.64349365234375, -7000.0
215.20660400390625, 353.8563537597656, -7000.0
219.16285705566406, 338.0501708984375, -7000.0
223.1815948486328, 308.72412109375, -7000.0
227.2029571533203, 279.5655212402344, -7000.0
231.34490966796875, 250.2246856689453, -5459.02294921875
235.48715209960938, 221.0238800048828, -3027.733642578125
239.7511749267578, 191.57240295410156, 313.5361633300781
244.07623291015625, 179.42684936523438, 1983.333984375
248.3980255126953, 192.0184783935547, 1983.333984375
252.7784881591797, 211.88722229003906, 1983.333984375
257.2830505371094, 231.69679260253906, 1983.333984375
261.78082275390625, 251.23602294921875, 882.5664672851562
266.40374755859375, 270.7322998046875, -887.4339599609375
271.0175476074219, 289.9335632324219, -2453.859619140625
275.7575988769531, 309.10260009765625, -2798.8251953125
280.48614501953125, 327.9739074707031, -4667.4658203125
285.3419494628906, 346.930419921875, -7000.0
290.1839294433594, 365.48162841796875, -7000.0
295.1541442871094, 383.9570007324219, -7000.0
300.18145751953125, 402.2902526855469, -7000.0
305.2655334472656, 414.417236328125, -7000.0
310.3310852050781, 394.7503967285156, -7000.0
315.4510192871094, 365.58056640625, -7000.0
320.6250305175781, 336.3869934082031, -5105.92529296875
325.8527526855469, 307.201416015625, -2224.55712890625
331.21185302734375, 277.8998718261719, 1733.7889404296875
336.62548828125, 267.6134338378906, 1983.333984375
342.013671875, 281.586669921875, 1983.333984375
347.4540710449219, 300.6911926269531, 1983.333984375
353.0274963378906, 319.71124267578125, 1983.333984375
358.6539001464844, 338.6259765625, 1983.333984375
364.3328857421875, 357.52252197265625, 572.7869262695312
369.98065185546875, 375.98504638671875, -1264.6478271484375
375.76287841796875, 394.3558349609375, -2809.426513671875
381.5115966796875, 412.49853515625, -2869.513427734375
387.3097839355469, 430.4888916015625, -4250.935546875
393.2434387207031, 448.4302978515625, -7000.0
399.1401672363281, 466.12457275390625, -7000.0
405.085205078125, 483.666748046875, -7000.0
411.16656494140625, 494.4461975097656, -7000.0
417.2076416015625, 471.8184509277344, -7000.0
423.3856201171875, 442.3942565917969, -5479.84765625
429.52105712890625, 413.2183837890625, -2820.150146484375
435.7026672363281, 384.0357971191406, 1082.740966796875
442.02197265625, 375.65655517578125, 1983.333984375
448.387939453125, 390.6542663574219, 1983.333984375
454.8934326171875, 409.2802734375, 1983.333984375
461.2581481933594, 427.3025817871094, 1983.333984375
467.6668701171875, 445.1651306152344, 1983.333984375
474.1191711425781, 462.87603759765625, 1180.9893798828125
480.6145935058594, 480.437255859375, 111.33612823486328
487.1526794433594, 497.84857177734375, -582.5159301757812
493.8301086425781, 515.2103271484375, -2482.110107421875
500.45281982421875, 532.3209838867188, -2608.364013671875
507.21514892578125, 549.3809204101562, -3959.548095703125
513.9205932617188, 566.218994140625, -6316.478515625
520.7659912109375, 583.17333984375, -7000.0
527.5523071289062, 592.2001342773438, -7000.0
534.3781127929688, 566.1736450195312, -6892.208984375
541.3441162109375, 536.6373901367188, -2664.396484375
548.2479858398438, 507.4553527832031, 1132.952392578125
555.1898193359375, 478.22503662109375, 1983.333984375
562.169189453125, 484.85699462890625, 1983.333984375
569.2891235351562, 501.78564453125, 1983.333984375
576.3426513671875, 519.0286254882812, 1983.333984375
583.4323120117188, 536.135986328125, 1983.333984375
590.6625366210938, 553.1898193359375, 1983.333984375
597.8234252929688, 569.9876098632812, 1983.333984375
605.0188598632812, 586.6510009765625, 1983.333984375
612.35498046875, 603.2656860351562, 1055.085205078125
619.7257080078125, 619.7391357421875, 104.90785217285156
627.0228881835938, 635.9605712890625, -377.1628723144531
634.5687866210938, 652.3626708984375, -1877.4525146484375
641.931640625, 668.3017578125, -1458.0653076171875
649.3260498046875, 684.1001586914062, -2021.508544921875
656.75146484375, 691.6489868164062, -2513.198974609375
664.3173828125, 662.458984375, -1657.3802490234375
671.8038330078125, 633.276611328125, 1010.2677001953125
679.3197631835938, 604.2006225585938, 1983.333984375
686.86474609375, 599.9179077148438, 1983.333984375
694.4381713867188, 616.3400268554688, 1983.333984375
702.1514892578125, 632.7406616210938, 1983.333984375
709.7807006835938, 648.857177734375, 1983.333984375
717.436767578125, 664.8214721679688, 1983.333984375
725.2323608398438, 680.7614135742188, 1983.333984375
733.0545043945312, 696.638916015625, 1983.333984375
740.788818359375, 712.2322998046875, 1983.333984375
748.5478515625, 727.6548461914062, 1983.333984375
756.3311157226562, 742.9681396484375, 1695.5682373046875
764.1380615234375, 758.1436767578125, 583.4774169921875
772.0834350585938, 773.2684326171875, -327.6255187988281
779.9364624023438, 788.1699829101562, -723.1725463867188
787.927490234375, 802.531494140625, -1841.41748046875
795.8244018554688, 808.3449096679688, -2644.700927734375
803.8588256835938, 803.9152221679688, -2001.7640380859375
811.79736328125, 799.5327758789062, -1218.474609375
819.7557983398438, 795.1502075195312, 892.7073364257812
827.8510131835938, 791.0977172851562, 1983.333984375
835.9654541015625, 791.8512573242188, 1983.333984375
843.980712890625, 799.1751098632812, 1983.333984375
852.0135498046875, 813.8526000976562, 1983.333984375
860.1820068359375, 828.4986572265625, 1983.333984375
868.3674926757812, 843.0008544921875, 1983.333984375
876.4503784179688, 857.3074951171875, 1983.333984375
884.6679077148438, 871.57861328125, 1789.81298828125
892.7813110351562, 885.6748657226562, 922.9717407226562
901.028564453125, 899.6746826171875, 408.92987060546875
909.170166015625, 913.4998779296875, -716.3643798828125
917.3248291015625, 927.218505859375, -1279.7344970703125
925.6123657226562, 940.854736328125, -2418.199951171875
933.9122314453125, 954.3880615234375, -1231.023681640625
942.3444213867188, 966.7775268554688, -3448.745849609375
950.5467529296875, 966.0369262695312, -1705.7491455078125
958.7593383789062, 941.0630493164062, -177.37823486328125
966.981689453125, 932.4435424804688, 1983.333984375
975.2131958007812, 908.9259033203125, 1983.333984375
983.4533081054688, 914.5015869140625, 1983.333984375
991.701416015625, 928.191650390625, 1983.333984375
999.95703125, 941.7694702148438, 1983.333984375
1008.2195434570312, 955.2568359375, 1983.333984375
1016.4883422851562, 968.6165161132812, 1983.333984375
1024.8846435546875, 982.0345458984375, 1983.333984375
1033.1644287109375, 995.1505126953125, 1983.333984375
1041.4488525390625, 1008.147705078125, 1983.333984375
1049.7373046875, 1021.0347900390625, 1983.333984375
1058.1512451171875, 1034.004150390625, 1983.333984375
1066.446044921875, 1046.669189453125, 1983.333984375
1074.7432861328125, 1059.226318359375, 1983.333984375
1083.0421142578125, 1071.6812744140625, 1787.7261962890625
1091.34228515625, 1084.0255126953125, 1138.7540283203125
1099.7650146484375, 1096.301025390625, 1041.7733154296875
1108.187744140625, 1108.6065673828125, 523.3299560546875
1116.4879150390625, 1118.7178955078125, -166.5371551513672
1124.786865234375, 1122.463623046875, -297.05096435546875
1133.0841064453125, 1125.836181640625, 133.6347198486328
1141.5010986328125, 1127.8037109375, 353.0812072753906
1149.793212890625, 1129.513916015625, 1282.6263427734375
1158.2037353515625, 1135.2125244140625, 1983.333984375
1166.610107421875, 1147.1822509765625, 1983.333984375
1174.89013671875, 1158.8837890625, 1983.333984375
1183.1649169921875, 1170.4849853515625, 1983.333984375
1191.5555419921875, 1182.1749267578125, 1669.32666015625
1199.8182373046875, 1193.5743408203125, 1023.1702880859375
1208.073974609375, 1204.8734130859375, 1014.173095703125
1216.3223876953125, 1216.0748291015625, 678.6364135742188
1224.5626220703125, 1227.18310546875, 42.53348922729492
1232.79443359375, 1238.1942138671875, -51.357635498046875
1241.1378173828125, 1249.161865234375, -436.5136413574219
1249.4713134765625, 1260.0162353515625, -1086.709716796875
1257.7940673828125, 1268.3489990234375, -1722.7169189453125
1265.9853515625, 1268.7742919921875, -1425.346435546875
1274.5257568359375, 1264.2386474609375, -442.5563049316406
1282.693115234375, 1259.8560791015625, 981.0582275390625
1290.8477783203125, 1256.959228515625, 1983.333984375
1298.9893798828125, 1260.6011962890625, 1983.333984375
1307.1171875, 1271.3255615234375, 1983.333984375
1315.230712890625, 1281.9595947265625, 1983.333984375
1323.3294677734375, 1292.5001220703125, 1983.333984375
1331.412841796875, 1302.943359375, 1983.333984375
1339.480224609375, 1323.5784912109375, 1634.7137451171875
1355.56494140625, 1333.7799072265625, 1983.333984375
1363.5811767578125, 1343.902587890625, 1983.333984375
1371.6966552734375, 1353.9656982421875, 1983.333984375
1379.79296875, 1373.866455078125, 1113.1173095703125
1395.692138671875, 1383.6171875, 1348.3714599609375
1403.6114501953125, 1393.28173828125, 1364.1844482421875
1411.6258544921875, 1402.553955078125, 1295.6826171875
1419.5025634765625, 1419.3348388671875, 308.75103759765625
1435.419189453125, 1427.69091796875, 256.02105712890625
1443.2274169921875, 1444.2352294921875, 196.20199584960938
1458.7724609375, 1452.5155029296875, 912.2332153320312
1466.6217041015625, 1457.524658203125, 970.7357788085938
1474.445068359375, 1461.0845947265625, 744.1700439453125
1490.0113525390625, 1469.34912109375, 1983.333984375
1497.6412353515625, 1477.613037109375, 1983.333984375
1505.2437744140625, 1494.1927490234375, 1580.525390625
1520.4752197265625, 1502.45654296875, 1983.333984375
1527.9920654296875, 1519.028076171875, 1462.010986328125
1543.0460205078125, 1527.2918701171875, 1983.333984375
1550.4722900390625, 1543.8397216796875, 1329.6142578125
1565.33935546875, 1552.1329345703125, 1853.232177734375
1572.6705322265625, 1560.419189453125, 1983.333984375
1580.076171875, 1577.1417236328125, 1119.6019287109375
1594.6788330078125, 1585.4063720703125, 1203.6160888671875
1601.8756103515625, 1593.6781005859375, 1160.432373046875
1609.0379638671875, 1601.94775390625, 980.6590576171875
1616.269775390625, 1618.5555419921875, 813.5507202148438
1630.6229248046875, 1626.9033203125, 277.5130615234375
1637.640380859375, 1630.982177734375, 1035.3953857421875
1644.72314453125, 1635.2457275390625, 1147.328125
1651.6654052734375, 1651.7763671875, 1094.6627197265625
1665.435546875, 1660.05419921875, 716.730224609375
1672.462646484375, 1668.4859619140625, 1157.2069091796875
1679.2489013671875, 1676.7513427734375, 464.3224792480469
1685.9952392578125, 1693.281982421875, 38.21622085571289
1699.464111328125, 1701.58251953125, -184.8350372314453
1706.0872802734375, 1709.847900390625, -80.89617156982422
1712.7652587890625, 1726.443359375, -344.9385986328125
1725.89501953125, 1730.1009521484375, -289.7894287109375
1732.3472900390625, 1727.626220703125, 278.3985900878906
1738.849853515625, 1718.8187255859375, 471.4581298828125
1751.6258544921875, 1716.9615478515625, 1983.333984375
1757.9918212890625, 1721.8758544921875, 1983.333984375
1764.2197265625, 1730.141845703125, 1983.333984375
1770.4019775390625, 1746.673828125, 1983.333984375
1782.6273193359375, 1754.943359375, 1983.333984375
1788.7581787109375, 1763.330322265625, 1983.333984375
1794.7523193359375, 1771.5970458984375, 1983.333984375
1800.69873046875, 1779.86328125, 1983.333984375
1806.5966796875, 1788.14208984375, 1983.333984375
1812.53173828125, 1796.4449462890625, 1983.333984375
1818.416259765625, 1804.7484130859375, 1983.333984375
1824.249755859375, 1813.045166015625, 1983.333984375
1829.9483642578125, 1821.3243408203125, 1936.265625
1835.679443359375, 1829.7161865234375, 1601.66796875
1841.2763671875, 1837.9835205078125, 972.4567260742188
1846.9034423828125, 1846.2886962890625, 1016.0816650390625
1852.3970947265625, 1854.5557861328125, 740.155517578125
1857.8389892578125, 1857.379638671875, 777.708740234375
1863.228515625, 1857.3798828125, 478.1512756347656
1868.6436767578125, 1857.3798828125, 804.352783203125
1874.0042724609375, 1862.9281005859375, 1111.76025390625
1879.2333984375, 1871.1983642578125, 1055.748291015625
1884.408935546875, 1879.4835205078125, 638.16064453125
1889.605224609375, 1887.833984375, 831.0532836914062
1894.6715087890625, 1896.1014404296875, 650.0158081054688
1899.7562255859375, 1904.4124755859375, 114.16646575927734
1904.7841796875, 1912.7784423828125, -286.4903869628906
1909.6834716796875, 1921.0460205078125, -1052.576904296875
1914.5269775390625, 1929.3131103515625, -2172.150390625
1919.314453125, 1937.5802001953125, -3633.9345703125
1924.0452880859375, 1945.8638916015625, -2602.965576171875
1928.719482421875, 1954.1312255859375, -2034.7135009765625
1933.3365478515625, 1956.498779296875, -1199.2474365234375
1937.9627685546875, 1935.466064453125, -337.8017578125
1942.529541015625, 1906.1158447265625, 1983.333984375
1947.03662109375, 1894.9229736328125, 1983.333984375
1951.4195556640625, 1899.8907470703125, 1983.333984375
1955.7437744140625, 1908.157958984375, 1983.333984375
1960.009033203125, 1916.425048828125, 1983.333984375
1964.2764892578125, 1924.81787109375, 1983.333984375
1968.422119140625, 1933.0853271484375, 1983.333984375
1972.5079345703125, 1941.3526611328125, 1983.333984375
1976.5335693359375, 1949.619873046875, 1983.333984375
1980.556640625, 1957.9228515625, 1983.333984375
1984.4603271484375, 1966.1923828125, 1983.333984375
1988.359130859375, 1974.503662109375, 1983.333984375
1992.139892578125, 1982.7901611328125, 1983.333984375
1995.9132080078125, 1991.097900390625, 1515.995361328125
1999.56982421875, 1999.371826171875, 543.6141967773438
2003.164306640625, 2007.657470703125, 25.087907791137695
2006.6966552734375, 2015.9395751953125, -498.25341796875
2010.217041015625, 2017.67822265625, -794.3994750976562
2013.6729736328125, 2014.114990234375, -284.42950439453125
2017.0152587890625, 2009.730712890625, 586.5103759765625
2020.29443359375, 2005.346435546875, 1348.89306640625
2023.5101318359375, 2004.53857421875, 1983.333984375
2026.6622314453125, 2011.290771484375, 1983.333984375
2029.79541015625, 2019.63134765625, 1983.333984375
2032.8187255859375, 2027.8995361328125, 1528.080078125
2035.7777099609375, 2036.1749267578125, 487.4945983886719
2038.71435546875, 2044.520263671875, -178.29776000976562
2041.543212890625, 2052.788818359375, -935.5299072265625
2044.30712890625, 2061.0576171875, -2257.400390625
2047.0452880859375, 2069.354248046875, -1313.8309326171875
2049.71630859375, 2077.646728515625, -1006.7578735351562
2052.357177734375, 2086.070068359375, -1467.4920654296875
2054.85595703125, 2094.33935546875, -2565.551513671875
2057.288818359375, 2102.60791015625, -4276.5576171875
2059.65576171875, 2103.657470703125, -5751.15869140625
2061.956787109375, 2078.131591796875, -3940.87451171875
2064.2236328125, 2048.439208984375, -1416.330810546875
2066.390869140625, 2019.23828125, 1983.333984375
2068.49169921875, 2012.2257080078125, 1983.333984375
2070.525390625, 2019.1749267578125, 1983.333984375
2072.492431640625, 2027.4439697265625, 1983.333984375
2074.419921875, 2035.7493896484375, 1983.333984375
2076.2783203125, 2044.069091796875, 1983.333984375
2078.0419921875, 2052.352783203125, 1983.333984375
2079.738037109375, 2060.62158203125, 1983.333984375
2081.413818359375, 2069.0322265625, 1983.333984375
2082.972900390625, 2077.30126953125, 1614.3763427734375
2084.46435546875, 2085.570068359375, 488.2473449707031
2085.8876953125, 2093.838623046875, -422.87823486328125
2087.243408203125, 2102.107177734375, -1557.44384765625
2088.549560546875, 2110.41162109375, -3424.55224609375
2089.785400390625, 2110.887451171875, -2320.927490234375
2090.9345703125, 2106.714111328125, -3489.560546875
2092.015625, 2078.6806640625, -1290.219482421875
2093.042724609375, 2073.143310546875, 1075.0518798828125
2093.98583984375, 2068.758544921875, 1983.333984375
2094.873046875, 2068.578369140625, 1983.333984375
2095.67822265625, 2076.58056640625, 1983.333984375
2096.425048828125, 2084.92431640625, 1983.333984375
2097.092041015625, 2093.20703125, 1410.0145263671875
2097.690185546875, 2101.476318359375, 941.2466430664062
2098.234375, 2109.987548828125, -427.6009521484375
2098.69287109375, 2118.256591796875, -2124.044677734375
2099.082763671875, 2126.52490234375, -1811.0775146484375
2099.40380859375, 2134.79296875, -2364.843994140625
2099.6591796875, 2143.148193359375, -3876.270751953125
2099.84130859375, 2151.416015625, -6237.4541015625
2099.954833984375, 2159.68310546875, -7000.0
2099.999267578125, 2167.697021484375, -7000.0
2099.974853515625, 2166.779541015625, -7000.0
2099.881591796875, 2137.587646484375, -7000.0
2099.71337890625, 2107.88427734375, -4237.5869140625
2099.480224609375, 2078.692138671875, -1125.4134521484375
2099.17822265625, 2049.501953125, 1983.333984375
2098.807373046875, 2021.6177978515625, 1983.333984375
2098.367919921875, 2017.9091796875, 1983.333984375
2097.851318359375, 2026.2335205078125, 1983.333984375
2097.273193359375, 2034.498779296875, 1983.333984375
2096.6162109375, 2042.803955078125, 1983.333984375
2095.899658203125, 2051.069580078125, 1983.333984375
2095.1142578125, 2059.334716796875, 1983.333984375
2094.234375, 2067.76513671875, 1983.333984375
2093.31005859375, 2076.030517578125, 1983.333984375
2092.3173828125, 2084.2958984375, 1869.7103271484375
2091.239990234375, 2092.61669921875, 699.8279418945312
2090.109619140625, 2100.882080078125, -46.96487045288086
2088.910888671875, 2109.146728515625, -1806.17822265625
2087.625, 2116.58740234375, -1683.1220703125
2086.2890625, 2116.126708984375, -1666.30419921875
2084.88525390625, 2109.12060546875, -1009.1611328125
2083.41357421875, 2079.933837890625, -45.395084381103516
2081.85107421875, 2050.3291015625, 1983.333984375
2080.242919921875, 2024.164306640625, 1983.333984375
2078.5673828125, 2021.345947265625, 1983.333984375
2076.82421875, 2029.6107177734375, 1983.333984375
2074.98681640625, 2037.903076171875, 1983.333984375
2073.080078125, 2046.2447509765625, 1983.333984375
2071.1044921875, 2054.61474609375, 1983.333984375
2069.090087890625, 2062.88037109375, 1675.9027099609375
2067.0087890625, 2071.145263671875, 1141.83544921875
2064.86083984375, 2079.410400390625, -35.60922622680664
2062.613525390625, 2087.7021484375, -2384.100830078125
2060.331787109375, 2095.96728515625, -2937.165283203125
2057.948974609375, 2104.256591796875, -4666.240234375
2055.498291015625, 2112.566162109375, -7000.0
2052.979736328125, 2119.437255859375, -7000.0
2050.3935546875, 2113.930419921875, -7000.0
2047.77880859375, 2084.741455078125, -7000.0
2045.098876953125, 2055.552490234375, -4499.08837890625
2042.353759765625, 2026.3634033203125, -1976.0567626953125
2039.4600830078125, 1996.6572265625, 1983.333984375
2036.58349609375, 1972.6697998046875, 1983.333984375
2033.6422119140625, 1970.947265625, 1983.333984375
2030.63671875, 1979.2119140625, 1983.333984375
2027.5670166015625, 1987.4764404296875, 1983.333984375
2024.4334716796875, 1995.745849609375, 1983.333984375
2021.188720703125, 2004.0958251953125, 1983.333984375
2017.9271240234375, 2012.360595703125, 1602.0682373046875
2014.6021728515625, 2020.635498046875, 864.0967407226562
2011.1639404296875, 2028.9244384765625, -690.9633178710938
2007.7122802734375, 2037.201416015625, -3461.9443359375
2004.14599609375, 2045.578369140625, -4683.55908203125
2000.568603515625, 2053.843505859375, -7000.0
1996.8751220703125, 2062.15283203125, -7000.0
1993.1729736328125, 2068.327880859375, -7000.0
1989.4093017578125, 2060.92822265625, -7000.0
1985.470947265625, 2031.2154541015625, -7000.0
1981.5831298828125, 2002.0264892578125, -5642.6083984375
1977.634521484375, 1972.8385009765625, -1464.6258544921875
1973.6256103515625, 1943.650634765625, 1069.821044921875
1969.49609375, 1914.35986328125, 1983.333984375
1965.304931640625, 1895.6497802734375, 1983.333984375
1961.1143798828125, 1903.9146728515625, 1983.333984375
1956.8016357421875, 1912.2099609375, 1983.333984375
1952.4281005859375, 1920.5467529296875, 1983.333984375
1948.0587158203125, 1928.8123779296875, 1983.333984375
1943.4998779296875, 1937.3394775390625, 1669.69970703125
1939.01220703125, 1945.6051025390625, 854.2955932617188
1934.466796875, 1953.8702392578125, -888.625732421875
1929.8638916015625, 1970.3997802734375, -2654.16796875
1920.4869384765625, 1978.664306640625, -5832.88037109375
1915.71337890625, 1986.9285888671875, -7000.0
1910.8837890625, 1992.4283447265625, -7000.0
1905.9981689453125, 1982.628662109375, -7000.0
1900.9840087890625, 1953.2926025390625, -7000.0
1895.839111328125, 1923.575439453125, -6477.6025390625
1890.7855224609375, 1865.202880859375, -1364.8001708984375
1880.4390869140625, 1835.763916015625, 1983.333984375
1875.2222900390625, 1806.5771484375, 1983.333984375
1869.874267578125, 1791.3568115234375, 1983.333984375
1864.55029296875, 1799.621337890625, 1983.333984375
1859.173583984375, 1807.8856201171875, 1983.333984375
1853.6644287109375, 1816.2100830078125, 1983.333984375
1848.1827392578125, 1832.842529296875, 1825.09814453125
1836.982666015625, 1841.107177734375, 341.8786926269531
1831.3466796875, 1849.3720703125, -1218.1549072265625
1825.660400390625, 1857.636474609375, -1417.795166015625
1819.83935546875, 1874.224853515625, -1100.7169189453125
1808.130615234375, 1882.6058349609375, -6222.76171875
1802.245361328125, 1887.3592529296875, -7000.0
1796.3115234375, 1874.942138671875, -7000.0
1790.329833984375, 1816.0491943359375, -4764.931640625
1778.044677734375, 1786.8624267578125, -2189.6572265625
1771.920166015625, 1757.6766357421875, -428.04052734375
1765.749267578125, 1712.3416748046875, 1718.974365234375
1753.2705078125, 1712.3416748046875, 1983.333984375
1746.8702392578125, 1716.0810546875, 1983.333984375
1740.424072265625, 1732.6353759765625, 1395.809326171875
1727.490966796875, 1741.0355224609375, -202.3354949951172
1721.00634765625, 1749.3001708984375, -2910.783203125
1714.478759765625, 1757.56689453125, -4350.68212890625
1707.908935546875, 1774.138916015625, -4532.8154296875
1694.44775390625, 1782.4390869140625, -7000.0
1687.7523193359375, 1790.7159423828125, -7000.0
1680.9171142578125, 1799.0244140625, -7000.0
1674.040771484375, 1811.4600830078125, -7000.0
1660.267333984375, 1796.6539306640625, -7000.0
1653.270751953125, 1767.046142578125, -7000.0
1646.3372802734375, 1737.855224609375, -7000.0
1639.2633056640625, 1679.331298828125, -5607.45849609375
1625.2088623046875, 1650.1390380859375, -4793.5849609375
1618.022705078125, 1620.818115234375, -1523.7225341796875
1610.7996826171875, 1562.298583984375, 397.0163879394531
1596.4576416015625, 1533.0523681640625, 1983.333984375
1589.1285400390625, 1524.3157958984375, 1983.333984375
1581.7647705078125, 1540.9930419921875, 1983.333984375
1567.151123046875, 1549.2596435546875, 1983.333984375
1559.7957763671875, 1565.8280029296875, 612.8880004882812
1544.7718505859375, 1574.2235107421875, -2269.279296875
1537.322021484375, 1590.7576904296875, -1878.48486328125
1522.3326416015625, 1599.0242919921875, -7000.0
1514.7939453125, 1607.2908935546875, -7000.0
1507.115234375, 1615.663818359375, -7000.0
1499.51953125, 1618.8824462890625, -7000.0
1491.8963623046875, 1601.0318603515625, -7000.0
1484.24609375, 1571.8387451171875, -7000.0
1476.4564208984375, 1542.5428466796875, -7000.0
1468.75341796875, 1513.33447265625, -7000.0
1460.9111328125, 1484.011474609375, -5910.720703125
1453.043212890625, 1454.610595703125, -2447.333984375
1445.150390625, 1424.953125, 7.56219482421875
1437.347900390625, 1395.7578125, 1983.333984375
1429.5220947265625, 1385.546142578125, 1983.333984375
1421.6737060546875, 1385.5760498046875, 1983.333984375
1413.8031005859375, 1391.8763427734375, 1983.333984375
1405.910888671875, 1401.2213134765625, 1354.4932861328125
1397.881103515625, 1409.82568359375, -46.18714141845703
1389.830078125, 1418.12841796875, -2763.951416015625
1381.875732421875, 1426.3955078125, -4302.73828125
1373.7845458984375, 1434.715087890625, -7000.0
1365.7916259765625, 1442.9892578125, -7000.0
1357.662353515625, 1451.3140869140625, -7000.0
1349.514892578125, 1459.656005859375, -7000.0
1341.349609375, 1468.01416015625, -7000.0
1333.2860107421875, 1476.2818603515625, -7000.0
1325.206298828125, 1484.54931640625, -7000.0
1317.111083984375, 1486.9742431640625, -7000.0
1309.0009765625, 1466.31298828125, -7000.0
1300.7568359375, 1436.947998046875, -7000.0
1292.6181640625, 1407.751708984375, -7000.0
1284.46630859375, 1378.499267578125, -7000.0
1276.1815185546875, 1349.12646484375, -7000.0
1267.88427734375, 1319.7147216796875, -7000.0
1259.6956787109375, 1290.5174560546875, -6832.84716796875
1251.4959716796875, 1261.31787109375, -4254.7529296875
1243.1650390625, 1231.9735107421875, -2261.825439453125
1234.823974609375, 1202.67333984375, 1099.5098876953125
1226.352294921875, 1191.91259765625, 1983.333984375
1218.11376953125, 1193.302978515625, 1983.333984375
1209.8671875, 1202.7237548828125, 1433.989990234375
1201.6129150390625, 1213.946044921875, -363.9140625
1193.3516845703125, 1225.0755615234375, -3458.43505859375
1185.0841064453125, 1236.1072998046875, -5696.365234375
1176.6888427734375, 1247.0845947265625, -7000.0
1168.409912109375, 1257.944580078125, -7000.0
1160.1263427734375, 1268.702392578125, -7000.0
1151.7166748046875, 1279.39208984375, -7000.0
1143.181396484375, 1290.245361328125, -7000.0
1134.886962890625, 1300.7215576171875, -7000.0
1126.5902099609375, 1311.107177734375, -7000.0
1118.16943359375, 1321.45361328125, -7000.0
1109.8695068359375, 1324.923828125, -7000.0
1101.56884765625, 1301.247314453125, -7000.0
1093.2681884765625, 1272.05224609375, -7000.0
1084.9678955078125, 1242.857177734375, -7000.0
1076.668701171875, 1213.6632080078125, -7000.0
1068.2490234375, 1184.2679443359375, -7000.0
1059.8316650390625, 1154.773193359375, -7000.0
1051.5390625, 1125.578125, -7000.0
1043.249755859375, 1096.3572998046875, -7000.0
1034.9644775390625, 1067.148193359375, -6936.18359375
1026.561767578125, 1037.8018798828125, -4531.77197265625
1018.2860717773438, 1008.573486328125, -2692.289794921875
1009.8944091796875, 978.94482421875, 439.9311828613281
1001.6305541992188, 971.4183959960938, 1983.333984375
993.37353515625, 975.2515869140625, 1983.333984375
985.1238403320312, 987.4182739257812, 1085.290283203125
976.882080078125, 1000.5023193359375, -1115.6163330078125
968.5277709960938, 1013.5094604492188, -2789.764404296875
960.1828002929688, 1026.44775390625, -6890.3564453125
951.9684448242188, 1039.181884765625, -7000.0
943.7642822265625, 1051.8052978515625, -7000.0
935.4505004882812, 1064.5218505859375, -7000.0
927.2686767578125, 1076.9337158203125, -7000.0
919.0986938476562, 1089.23486328125, -7000.0
910.941162109375, 1101.4349365234375, -7000.0
902.557373046875, 1113.7340087890625, -7000.0
894.4268798828125, 1125.7225341796875, -7000.0
886.3106079101562, 1129.9571533203125, -7000.0
878.208984375, 1102.9476318359375, -7000.0
870.1226806640625, 1073.751708984375, -7000.0
862.0521850585938, 1044.490966796875, -7000.0
853.8798217773438, 1015.086181640625, -7000.0
845.8429565429688, 985.8893432617188, -7000.0
837.705810546875, 956.6177978515625, -7000.0
829.7047729492188, 927.4209594726562, -7000.0
821.6051025390625, 898.0608520507812, -7000.0
813.5252075195312, 868.537353515625, -7000.0
805.582275390625, 839.3397216796875, -7000.0
797.5433349609375, 809.7656860351562, -4704.95849609375
789.641845703125, 780.567138671875, -2913.338134765625
781.76171875, 751.370849609375, -56.407989501953125
773.903564453125, 746.6787719726562, 1348.665771484375
766.0678100585938, 752.9996948242188, 1069.4654541015625
758.255126953125, 767.99072265625, -833.1188354492188
750.3516235351562, 782.9855346679688, -1128.77490234375
742.472900390625, 797.8485107421875, -3799.2841796875
734.392333984375, 813.2152099609375, -7000.0
726.6788940429688, 827.7823486328125, -7000.0
718.9911499023438, 842.2177734375, -7000.0
711.3297119140625, 856.531982421875, -7000.0
703.695068359375, 870.7249755859375, -7000.0
696.0877075195312, 884.821044921875, -7000.0
688.5081787109375, 898.7635498046875, -7000.0
680.9569702148438, 912.5938720703125, -7000.0
673.4346923828125, 925.8784790039062, -7000.0
665.9417724609375, 929.4711303710938, -7000.0
658.478759765625, 900.2908935546875, -7000.0
651.046142578125, 871.1107177734375, -7000.0
643.64453125, 841.930419921875, -7000.0
636.1661376953125, 812.3380126953125, -7000.0
628.828369140625, 783.1547241210938, -7000.0
621.4158935546875, 753.5104370117188, -7000.0
614.1439819335938, 724.3294677734375, -7000.0
606.9056396484375, 695.1498413085938, -7000.0
599.5955200195312, 665.8427124023438, -7000.0
592.4260864257812, 636.6633911132812, -7000.0
585.2916259765625, 607.4854125976562, -5845.60791015625
578.1926879882812, 578.2827758789062, -2218.911376953125
571.129638671875, 549.1054077148438, -551.037109375
564.10302734375, 519.8483276367188, 1983.333984375
557.0108642578125, 493.8997802734375, 1983.333984375
550.0591430664062, 499.327392578125, 1983.333984375
543.1453247070312, 516.5910034179688, 1983.333984375
536.1690673828125, 533.7576293945312, 1177.08154296875
529.2327880859375, 550.8736572265625, -840.2742919921875
522.4366455078125, 567.6812744140625, -2557.268310546875
515.581298828125, 584.4344482421875, -6851.3173828125
508.767333984375, 601.1197509765625, -7000.0
502.09320068359375, 617.4970092773438, -7000.0
495.4602355957031, 633.7341918945312, -7000.0
488.7723388671875, 649.8876342773438, -7000.0
482.1278076171875, 666.0595703125, -7000.0
475.6224365234375, 681.8847045898438, -7000.0
469.16009521484375, 696.2593994140625, -7000.0
462.7412109375, 697.7135009765625, -7000.0
456.3662414550781, 668.482421875, -7000.0
449.94287109375, 638.9559326171875, -7000.0
443.6576843261719, 609.7716064453125, -7000.0
437.3262939453125, 580.384033203125, -7000.0
431.1326904296875, 551.2001342773438, -7000.0
424.89508056640625, 521.5296020507812, -7000.0
418.79473876953125, 492.3454895019531, -7000.0
412.7413635253906, 463.162841796875, -7000.0
406.73529052734375, 433.98089599609375, -6422.05908203125
400.7770080566406, 404.79962158203125, -3214.70263671875
394.8669128417969, 375.5565185546875, -322.9515075683594
389.0054016113281, 346.2972106933594, 1983.333984375
383.1077575683594, 322.35919189453125, 1983.333984375
377.3453674316406, 322.9956970214844, 1983.333984375
371.5491027832031, 341.8356628417969, 1983.333984375
365.8045349121094, 360.5084228515625, 393.60498046875
360.112060546875, 379.0863952636719, -1277.091552734375
354.5534362792969, 397.36651611328125, -2695.98388671875
348.9655456542969, 415.69219970703125, -6851.8349609375
343.51080322265625, 433.6617126464844, -7000.0
338.108154296875, 451.4737243652344, -7000.0
332.6797180175781, 469.3011169433594, -7000.0
327.38323974609375, 486.81182861328125, -7000.0
322.13995361328125, 504.1719055175781, -7000.0
316.9503173828125, 521.3825073242188, -7000.0
311.8146057128906, 536.3218383789062, -7000.0
306.65887451171875, 534.7317504882812, -7000.0
301.6329345703125, 505.54345703125, -7000.0
296.6620178222656, 476.357666015625, -7000.0
291.674560546875, 447.070556640625, -7000.0
286.74444580078125, 417.7722473144531, -7000.0
281.6614990234375, 387.134033203125, -7000.0
276.91900634765625, 357.9489440917969, -7000.0
272.2331848144531, 328.76947021484375, -7000.0
267.60443115234375, 299.59393310546875, -6961.533203125
263.03302001953125, 270.423828125, -4108.4462890625
258.5192565917969, 241.2601318359375, -1401.501220703125
254.06350708007812, 212.10183715820312, 1245.548828125
249.66603088378906, 191.35890197753906, 1983.333984375
245.3271484375, 195.22543334960938, 1983.333984375
241.04714965820312, 215.0628662109375, 1983.333984375
236.8263397216797, 234.73403930664062, 856.3876342773438
232.604248046875, 254.31336975097656, -1146.005615234375
228.50355529785156, 293.1591796875, -1424.520751953125
220.42449951171875, 312.16815185546875, -7000.0
216.50567626953125, 331.04766845703125, -7000.0
212.64772033691406, 349.72711181640625, -7000.0
208.8509063720703, 368.247802734375, -7000.0
205.11550903320312, 386.63153076171875, -7000.0
201.38819885253906, 404.9913330078125, -7000.0
197.7772674560547, 414.7813720703125, -7000.0
190.6913604736328, 385.61090087890625, -7000.0
187.21871948242188, 356.2974853515625, -7000.0
183.85975646972656, 327.1291198730469, -7000.0
180.51593017578125, 268.2430725097656, -7000.0
174.07029724121094, 239.08070373535156, -7000.0
170.96707153320312, 209.9228057861328, -7000.0
167.8836212158203, 180.57261657714844, -4723.814453125
164.86631774902344, 122.19800567626953, -1525.61767578125
159.1136016845703, 93.06727600097656, 1983.333984375
156.29400634765625, 74.52837371826172, 1983.333984375
153.5807647705078, 81.12861633300781, 1983.333984375
150.894287109375, 122.61389923095703, 1169.041259765625
145.76002502441406, 143.19342041015625, 61.603416442871094
143.31063842773438, 184.1019744873047, -1727.57470703125
138.5426483154297, 204.04190063476562, -5782.82421875
136.29345703125, 243.42271423339844, -7000.0
131.99444580078125, 262.8577880859375, -7000.0
129.94491577148438, 301.2837829589844, -7000.0
126.01883697509766, 316.3202209472656, -7000.0
124.17121887207031, 307.4690856933594, -7000.0
122.36515045166016, 248.9075469970703, -7000.0
119.0085678100586, 219.74502563476562, -7000.0
117.40892028808594, 190.46922302246094, -7000.0
115.87898254394531, 161.1568145751953, -7000.0
114.3982162475586, 102.38948059082031, -2613.080810546875
111.72711944580078, 73.3445053100586, 526.6528930664062
110.49366760253906, 44.48028564453125, 1983.333984375
109.3283920288086, 37.855464935302734, 1983.333984375
108.23138427734375, 75.92160034179688, 1362.0926513671875
106.22882080078125, 96.77464294433594, 1000.9679565429688
105.3380355834961, 117.448486328125, -1777.649658203125
104.50419616699219, 138.11827087402344, -2117.132568359375
103.74098205566406, 178.70726013183594, -2928.832275390625
102.43515014648438, 198.9725799560547, -7000.0
101.88309478759766, 218.85580444335938, -7000.0
101.40830993652344, 257.9862365722656, -7000.0
100.66519165039062, 277.298828125, -7000.0
100.39347839355469, 291.77850341796875, -7000.0
100.19508361816406, 249.8135223388672, -7000.0
100.00496673583984, 220.56332397460938, -7000.0
100.0138931274414, 191.1826171875, -7000.0
100.09376525878906, 161.877685546875, -7000.0
100.24457550048828, 103.5004653930664, -3485.605712890625
100.75421142578125, 74.31217193603516, -1713.4677734375
101.1167221069336, 45.02452087402344, 1983.333984375
101.55009460449219, 34.804134368896484, 1983.333984375
102.04649353027344, 35.09550857543945, 1983.333984375
102.61164855957031, 48.52012252807617, 1983.333984375
103.24552917480469, 69.42268371582031, 1983.333984375
103.95893096923828, 90.40322875976562, 1115.0640869140625
104.73112487792969, 111.09807586669922, -1025.9232177734375
105.58477783203125, 131.8229217529297, -3438.9619140625
106.49507904052734, 152.20062255859375, -5061.720703125
107.48873901367188, 172.479736328125, -7000.0
108.5368881225586, 192.5583038330078, -7000.0
109.67028045654297, 212.7668914794922, -7000.0
110.8559799194336, 232.47177124023438, -7000.0
112.1287841796875, 252.2542266845703, -7000.0
113.45171356201172, 271.6211242675781, -7000.0
114.84261322021484, 285.0754699707031, -7000.0
116.30139923095703, 267.8624572753906, -7000.0
117.85091400146484, 238.54608154296875, -7000.0
119.4461441040039, 209.37460327148438, -7000.0
121.1338882446289, 180.04226684570312, -7000.0
122.86511993408203, 150.88682556152344, -6449.1845703125
124.69062805175781, 121.49356842041016, -2392.498046875
126.55738067626953, 92.39210510253906, 260.7867126464844
128.49119567871094, 63.37543487548828, 1983.333984375
130.49195861816406, 64.80213928222656, 1983.333984375
132.59042358398438, 83.53651428222656, 1983.333984375
134.7575225830078, 104.5589599609375, 1983.333984375
136.96022033691406, 125.14579010009766, 937.684326171875
139.22926330566406, 145.57586669921875, -1176.5123291015625
141.5644989013672, 165.83749389648438, -3363.08154296875
143.96578979492188, 185.9399871826172, -4573.23486328125
146.46971130371094, 206.17388916015625, -7000.0
149.0035400390625, 225.93516540527344, -7000.0
151.60289001464844, 245.52789306640625, -7000.0
154.267578125, 264.95220947265625, -7000.0
156.9974365234375, 284.2333679199219, -7000.0
159.8338623046875, 303.4015197753906, -7000.0
162.7369842529297, 316.0199890136719, -7000.0
165.6630859375, 295.33843994140625, -7000.0
168.74249267578125, 265.6360778808594, -7000.0
171.7990264892578, 236.4581298828125, -7000.0
174.9195098876953, 207.28591918945312, -6999.39404296875
178.10374450683594, 178.120361328125, -3293.41845703125
181.35150146484375, 148.96568298339844, -759.7247924804688
184.6625518798828, 119.7695083618164, 1983.333984375
188.0366668701172, 118.81199645996094, 1983.333984375
191.52462768554688, 136.7696075439453, 1983.333984375
195.0251007080078, 157.102783203125, 1983.333984375
198.5879364013672, 177.27349853515625, 1983.333984375
202.21287536621094, 197.31817626953125, 1138.612548828125
205.954345703125, 217.2850341796875, -1494.5257568359375
209.7036590576172, 236.9462890625, -1097.254150390625
213.62730407714844, 256.8073425292969, -2633.32568359375
217.50083923339844, 276.1386413574219, -5862.7822265625
221.43516540527344, 295.30023193359375, -7000.0
225.43003845214844, 314.30126953125, -7000.0
229.5452423095703, 333.3207092285156, -7000.0
233.66123962402344, 352.001220703125, -7000.0
237.8369140625, 363.3456726074219, -7000.0
242.07200622558594, 339.02203369140625, -7000.0
246.42979431152344, 309.6894226074219, -7000.0
250.78366088867188, 280.50689697265625, -6652.71240234375
255.26138305664062, 251.2156982421875, -2512.493896484375
259.7990417480469, 221.92926025390625, 609.2447509765625
264.3962707519531, 192.2926788330078, 1983.333984375
268.9848937988281, 200.3651885986328, 1983.333984375
273.63079833984375, 219.4669647216797, 1983.333984375
278.3336181640625, 239.1148223876953, 1983.333984375
283.0930480957031, 258.594970703125, 1983.333984375
287.9800109863281, 278.05133056640625, 854.75341796875
292.8525085449219, 297.2277526855469, -894.4633178710938
297.7806396484375, 316.21014404296875, -2406.63525390625
302.8377380371094, 335.102783203125, -2578.15673828125
307.95135498046875, 353.82568359375, -4276.583984375
313.1211853027344, 372.5270080566406, -7000.0
318.2707214355469, 390.8768310546875, -7000.0
323.551025390625, 409.2262878417969, -7000.0
328.8087158203125, 427.2561950683594, -7000.0
334.1980285644531, 437.36077880859375, -7000.0
339.5623779296875, 409.2933654785156, -7000.0
344.9791259765625, 380.1024475097656, -7000.0
350.4479064941406, 350.91241455078125, -3355.592041015625
355.96832275390625, 321.6654357910156, -444.33013916015625
361.5400085449219, 292.4254455566406, 1983.333984375
367.24566650390625, 298.5453796386719, 1983.333984375
372.9194641113281, 317.3305969238281, 1983.333984375
378.7279052734375, 336.3349914550781, 1983.333984375
384.5022277832031, 354.9881591796875, 1983.333984375
390.32586669921875, 373.5242004394531, 1703.3646240234375
396.2851257324219, 392.0124816894531, 983.9880981445312
402.2943115234375, 410.3238830566406, -1069.544677734375
408.3529968261719, 428.5436706542969, -2807.55078125
414.3718566894531, 446.4040222167969, -2987.903076171875
420.43798828125, 464.11431884765625, -4492.11962890625
426.5509338378906, 481.67388916015625, -7000.0
432.7102966308594, 499.093017578125, -7000.0
439.0072021484375, 516.1544189453125, -7000.0
445.2587585449219, 523.167236328125, -7000.0
451.5553894042969, 493.9726257324219, -7000.0
457.896728515625, 464.7784118652344, -4081.1484375
464.3765563964844, 435.5078125, -101.7979736328125
470.9014587402344, 406.077880859375, 1983.333984375
477.3754577636719, 378.5141906738281, 1983.333984375
483.8923645019531, 375.67596435546875, 1983.333984375
490.6452941894531, 394.4201354980469, 1983.333984375
497.2478942871094, 412.58001708984375, 1983.333984375
503.8919982910156, 430.60760498046875, 1983.333984375
510.5771789550781, 448.4577331542969, 1983.333984375
517.302978515625, 466.1480407714844, 1983.333984375
524.1687622070312, 483.7497863769531, 1983.333984375
530.9749755859375, 501.1396179199219, 1983.333984375
537.9213256835938, 518.4318237304688, 1983.333984375
544.8060913085938, 535.5308837890625, 1025.98779296875
551.7290649414062, 552.5159301757812, -75.49536895751953
558.79248046875, 569.384765625, -766.2265014648438
565.7910766601562, 585.0868530273438, -2386.863037109375
572.9302368164062, 591.798583984375, -1082.939697265625
580.00244140625, 587.4093627929688, -1358.63818359375
587.1105346679688, 579.5382080078125, -1358.738525390625
594.2539672851562, 553.8538818359375, 1431.2403564453125
601.4322509765625, 550.1239624023438, 1983.333984375
608.6448974609375, 552.7269287109375, 1983.333984375
615.8914184570312, 569.541015625, 1983.333984375
623.278564453125, 586.3683471679688, 1983.333984375
630.6995239257812, 603.0198364257812, 1983.333984375
638.0455322265625, 619.3934936523438, 1983.333984375
645.5320434570312, 635.7468872070312, 1181.6591796875
652.941650390625, 651.83837890625, 384.1761474609375
660.382080078125, 667.7896118164062, -1331.93798828125
667.852783203125, 683.6019287109375, -2524.731201171875
675.4637451171875, 699.5008544921875, -1806.071533203125
682.993896484375, 715.0414428710938, -1987.2681884765625
690.6641845703125, 730.5000610351562, -3103.68115234375
698.251708984375, 744.1236572265625, -4855.08447265625
705.8668823242188, 743.7508544921875, -5604.6044921875
713.5092163085938, 714.5205078125, -2093.763427734375
721.4041748046875, 684.8151245117188, 424.0458068847656
729.1000366210938, 655.6141967773438, 1983.333984375
736.8214111328125, 636.6461181640625, 1983.333984375
744.5678100585938, 652.7296142578125, 1983.333984375
752.3387451171875, 668.6732177734375, 1983.333984375
760.1336059570312, 684.4905395507812, 1983.333984375
768.0670776367188, 700.2359008789062, 1983.333984375
776.0240478515625, 715.9891357421875, 1983.333984375
783.88818359375, 731.3919067382812, 1983.333984375
791.7741088867188, 746.6644287109375, 1983.333984375
799.6812744140625, 761.8067016601562, 1983.333984375
807.609130859375, 776.8187255859375, 1983.333984375
815.5571899414062, 791.71533203125, 1983.333984375
823.64208984375, 806.508544921875, 1983.333984375
831.6290283203125, 821.1659545898438, 1422.3778076171875
839.7523193359375, 835.7025756835938, 1122.4083251953125
