1596.32421875, 1589.260986328125, 805.517333984375
1603.6187744140625, 1596.576904296875, 638.1181640625
1610.7725830078125, 1596.296142578125, 1306.3067626953125
1617.99560546875, 1603.9903564453125, 1885.6693115234375
1625.181884765625, 1612.2939453125, 1983.333984375
1632.2276611328125, 1620.546630859375, 1983.333984375
1639.2366943359375, 1628.8074951171875, 1983.333984375
1646.4130859375, 1637.2506103515625, 1983.333984375
1653.34619140625, 1645.509521484375, 1829.17724609375
1660.34228515625, 1653.8155517578125, 1546.9169921875
1667.1981201171875, 1662.0833740234375, 1118.611083984375
1674.014892578125, 1670.3505859375, 547.7196655273438
1680.7921142578125, 1678.6180419921875, 779.2366333007812
1687.529296875, 1686.8851318359375, 826.3336181640625
1694.2259521484375, 1695.1651611328125, 692.3220825195312
1700.8817138671875, 1695.37646484375, 362.600341796875
1707.49609375, 1695.3779296875, 768.1880493164062
1714.26123046875, 1703.6182861328125, 1026.52294921875
1720.7901611328125, 1711.883544921875, 1074.5228271484375
1727.2762451171875, 1720.1485595703125, 917.6189575195312
1733.71923828125, 1728.4124755859375, 560.7896728515625
1740.1185302734375, 1736.6861572265625, 932.1917114257812
1746.7530517578125, 1745.3309326171875, 1072.74609375
1753.0616455078125, 1753.5938720703125, 982.3660888671875
1759.3253173828125, 1761.85546875, 667.8485107421875
1765.5435791015625, 1770.11669921875, 135.17518615722656
1771.7159423828125, 1778.3768310546875, -112.1012191772461
1777.842041015625, 1786.6368408203125, -591.6387939453125
1783.92138671875, 1794.47705078125, -1248.864990234375
1789.95361328125, 1794.251220703125, -1157.139404296875
1795.9383544921875, 1789.868408203125, -381.6971130371094
1801.8751220703125, 1785.4857177734375, 566.2671508789062
1807.8497314453125, 1781.3294677734375, 1983.333984375
1813.6885986328125, 1781.7919921875, 1983.333984375
1819.4783935546875, 1790.0640869140625, 1983.333984375
1825.3026123046875, 1798.4384765625, 1983.333984375
1830.9920654296875, 1806.69921875, 1983.333984375
1836.713623046875, 1815.011474609375, 1983.333984375
1842.30126953125, 1823.272216796875, 1983.333984375
1847.837646484375, 1831.533203125, 1983.333984375
1853.40283203125, 1839.8338623046875, 1983.333984375
1858.8350830078125, 1848.1136474609375, 1983.333984375
1864.2938232421875, 1856.4146728515625, 1852.7205810546875
1869.6982421875, 1864.7247314453125, 1409.501708984375
1874.970947265625, 1872.99560546875, 645.3400268554688
1880.1903076171875, 1881.2821044921875, 511.98748779296875
1885.431396484375, 1889.63525390625, 27.663850784301758
1890.5419921875, 1896.959228515625, -177.5975799560547
1895.672119140625, 1896.9593505859375, -293.5309143066406
1900.672607421875, 1896.3931884765625, 233.4470977783203
1905.6180419921875, 1892.57958984375, 772.512939453125
1910.579345703125, 1892.5794677734375, 1844.2166748046875
1915.4832763671875, 1893.7552490234375, 1983.333984375
1920.2593994140625, 1902.02001953125, 1983.333984375
1924.9791259765625, 1910.2841796875, 1983.333984375
1929.7100830078125, 1918.59619140625, 1983.333984375
1934.3822021484375, 1926.90771484375, 1807.3546142578125
1938.9951171875, 1935.2298583984375, 1228.388427734375
1943.48291015625, 1943.4932861328125, 246.30223083496094
1947.91259765625, 1951.775390625, -179.37301635742188
1952.3477783203125, 1960.0994873046875, -524.5478515625
1956.722412109375, 1968.48828125, -1305.17333984375
1961.0362548828125, 1976.8544921875, -2529.707275390625
1965.2279052734375, 1985.1180419921875, -1332.7535400390625
1969.35986328125, 1991.6982421875, -3302.0634765625
1973.431884765625, 1985.740966796875, -1198.7645263671875
1977.44384765625, 1961.632568359375, 666.9996948242188
1981.452880859375, 1951.79248046875, 1983.333984375
1985.3427734375, 1928.979248046875, 1983.333984375
1989.1715087890625, 1930.7855224609375, 1983.333984375
1992.9390869140625, 1939.04833984375, 1983.333984375
1996.6990966796875, 1947.358642578125, 1983.333984375
2000.342529296875, 1955.6295166015625, 1983.333984375
2003.9237060546875, 1963.90625, 1983.333984375
2007.4940185546875, 1972.2122802734375, 1983.333984375
2011.0, 1980.6158447265625, 1983.333984375
2014.391845703125, 1988.87939453125, 1983.333984375
2017.7691650390625, 1997.1790771484375, 1983.333984375
2021.033935546875, 2005.4423828125, 1983.333984375
2024.235107421875, 2013.70556640625, 1983.333984375
2027.3726806640625, 2021.9688720703125, 1574.2054443359375
2030.4910888671875, 2030.275634765625, 600.3745727539062
2033.54345703125, 2038.634033203125, 10.7778959274292
2036.48681640625, 2046.8974609375, -660.3631591796875
2039.3656005859375, 2052.877685546875, -1630.7928466796875
2042.2205810546875, 2051.642578125, -2106.609619140625
2044.96875, 2047.2486572265625, -1741.2166748046875
2047.65185546875, 2042.8658447265625, -593.666748046875
2050.3076171875, 2038.419189453125, 819.8033447265625
2052.859130859375, 2034.0372314453125, 1983.333984375
2055.3447265625, 2030.9783935546875, 1983.333984375
2057.7646484375, 2033.4927978515625, 1983.333984375
2060.152587890625, 2041.838623046875, 1983.333984375
2062.439453125, 2050.102783203125, 1983.333984375
2064.659912109375, 2058.36669921875, 1685.4586181640625
2066.81396484375, 2066.650146484375, 700.420166015625
2068.931396484375, 2074.9384765625, 10.711504936218262
2070.980224609375, 2083.269775390625, -875.307861328125
2072.931884765625, 2091.546630859375, -2440.8984375
2074.816650390625, 2099.8330078125, -1793.406982421875
2076.660400390625, 2108.130615234375, -1855.7637939453125
2078.460205078125, 2124.82861328125, -1080.1212158203125
2081.752197265625, 2130.09716796875, -3211.534423828125
2083.296875, 2119.49853515625, -3846.6103515625
2084.77392578125, 2090.311767578125, -931.8001708984375
2086.203125, 2031.8450927734375, 1295.3282470703125
2088.8154296875, 2002.6517333984375, 1983.333984375
2090.036376953125, 1987.3607177734375, 1983.333984375
2091.1875, 1995.6834716796875, 1983.333984375
2092.2529296875, 2012.3409423828125, 1983.333984375
2094.191650390625, 2020.60595703125, 1983.333984375
2095.062744140625, 2028.932861328125, 1983.333984375
2095.852294921875, 2037.197998046875, 1983.333984375
2096.5732421875, 2053.7744140625, 1983.333984375
2097.817138671875, 2062.0390625, 1983.333984375
2098.337890625, 2070.349609375, 1983.333984375
2098.7880859375, 2078.66357421875, 1983.333984375
2099.167236328125, 2095.37060546875, 1169.785400390625
2099.709716796875, 2103.636474609375, 685.1931762695312
2099.875244140625, 2120.20947265625, -492.0828857421875
2099.99951171875, 2124.667236328125, -2728.795166015625
2099.956298828125, 2122.578125, -3376.831787109375
2099.6630859375, 2118.195068359375, -1981.3167724609375
2099.413330078125, 2097.547607421875, -1266.3250732421875
2098.70068359375, 2068.030517578125, 1388.348876953125
2098.243408203125, 2051.03369140625, 1983.333984375
2097.71728515625, 2061.159423828125, 1983.333984375
2096.448486328125, 2069.510986328125, 1983.333984375
2095.715087890625, 2077.777099609375, 1983.333984375
2094.90087890625, 2086.07275390625, 1975.65576171875
2094.029541015625, 2102.695068359375, 454.58172607421875
2092.065673828125, 2110.96142578125, -1178.5623779296875
2090.9716796875, 2119.29736328125, -1013.9885864257812
2089.82470703125, 2135.830322265625, -3085.896484375
2087.326171875, 2144.1015625, -5988.01318359375
2085.954345703125, 2147.927001953125, -7000.0
2084.5126953125, 2102.70068359375, -4354.53466796875
2081.466552734375, 2073.462890625, -2699.681396484375
2079.842041015625, 2044.2412109375, 531.489990234375
2078.124755859375, 2028.7764892578125, 1983.333984375
2076.337890625, 2039.9171142578125, 1983.333984375
2072.5849609375, 2048.18408203125, 1983.333984375
2070.621337890625, 2056.451171875, 1983.333984375
2068.560302734375, 2064.75, 1394.6553955078125
2066.430419921875, 2081.34814453125, 489.4981689453125
2061.998779296875, 2089.615478515625, -2129.09619140625
2059.664794921875, 2097.9267578125, -3054.28564453125
2057.2978515625, 2106.194091796875, -5069.470703125
2054.828857421875, 2114.591064453125, -7000.0
2052.32958984375, 2122.858642578125, -7000.0
2049.764404296875, 2125.9873046875, -7000.0
2047.1337890625, 2107.812255859375, -7000.0
2044.3577880859375, 2078.06494140625, -7000.0
2041.594970703125, 2048.8681640625, -4135.12646484375
2038.7672119140625, 2019.6727294921875, -1222.141357421875
2035.8748779296875, 1990.4771728515625, 1983.333984375
2032.9180908203125, 1977.3076171875, 1983.333984375
2029.89697265625, 1981.118408203125, 1983.333984375
2026.765869140625, 1989.4893798828125, 1983.333984375
2023.6158447265625, 1997.7564697265625, 1983.333984375
2020.4022216796875, 2006.0235595703125, 1983.333984375
2017.125244140625, 2014.2904052734375, 1284.4141845703125
2013.7353515625, 2022.6043701171875, 228.11410522460938
2010.331298828125, 2030.87158203125, -1579.5352783203125
2006.81298828125, 2039.1900634765625, -1805.5496826171875
2003.2303466796875, 2047.568115234375, -3442.484130859375
1999.6368408203125, 2055.835693359375, -6354.99609375
1995.9814453125, 2064.10302734375, -7000.0
1992.209228515625, 2072.46142578125, -7000.0
1988.4296875, 2074.877685546875, -7000.0
1984.5321044921875, 2054.02001953125, -7000.0
1980.6295166015625, 2024.8223876953125, -7000.0
1976.666259765625, 1995.59765625, -5469.59716796875
1972.642578125, 1966.3880615234375, -1144.0504150390625
1968.498291015625, 1937.1016845703125, 1534.6837158203125
1964.2923583984375, 1907.7547607421875, 1983.333984375
1960.0875244140625, 1905.8916015625, 1983.333984375
1955.7601318359375, 1914.2393798828125, 1983.333984375
1951.3079833984375, 1922.763671875, 1983.333984375
1946.923583984375, 1931.0321044921875, 1983.333984375
1942.4808349609375, 1939.299560546875, 1328.761474609375
1937.97998046875, 1947.566650390625, 187.775634765625
1933.4215087890625, 1955.8333740234375, -1866.1109619140625
1928.805419921875, 1964.099609375, -2465.369140625
1924.13232421875, 1972.3656005859375, -4515.47705078125
1919.4024658203125, 1980.63134765625, -7000.0
1914.6162109375, 1988.89697265625, -7000.0
1909.773681640625, 1997.1627197265625, -7000.0
1904.802978515625, 1998.9783935546875, -7000.0
1899.8485107421875, 1975.853515625, -7000.0
1894.8388671875, 1946.66455078125, -7000.0
1889.699462890625, 1917.02978515625, -6431.1640625
1884.579833984375, 1887.8406982421875, -3136.20361328125
1879.40625, 1858.65185546875, -83.87715911865234
1874.1788330078125, 1829.4627685546875, 1983.333984375
1868.8980712890625, 1820.40380859375, 1983.333984375
1863.5643310546875, 1826.300048828125, 1983.333984375
1858.0985107421875, 1834.59814453125, 1983.333984375
1852.5787353515625, 1842.9620361328125, 1983.333984375
1847.0867919921875, 1851.2276611328125, 490.4006042480469
1841.5433349609375, 1859.4932861328125, -1068.397216796875
1835.9488525390625, 1867.7666015625, -1257.62646484375
1830.22021484375, 1876.072509765625, -3020.287109375
1824.4398193359375, 1884.3719482421875, -6282.82861328125
1818.6080322265625, 1892.7652587890625, -7000.0
1812.810791015625, 1901.03125, -7000.0
1806.9644775390625, 1909.2969970703125, -7000.0
1801.0694580078125, 1917.5626220703125, -7000.0
1794.8629150390625, 1918.6990966796875, -7000.0
1788.8695068359375, 1892.4298095703125, -7000.0
1782.8287353515625, 1863.2430419921875, -7000.0
1776.740966796875, 1834.058349609375, -7000.0
1770.5159912109375, 1804.644287109375, -7000.0
1764.3345947265625, 1775.4608154296875, -4577.22607421875
1758.1075439453125, 1746.2781982421875, -2474.76904296875
1751.8350830078125, 1717.096923828125, 704.6815185546875
1745.5177001953125, 1710.518310546875, 1983.333984375
1739.15576171875, 1717.6851806640625, 1983.333984375
1732.7498779296875, 1725.9481201171875, 1742.5704345703125
1726.3004150390625, 1734.21044921875, 772.1793823242188
1719.8077392578125, 1742.4920654296875, -1343.0037841796875
1713.2724609375, 1750.7545166015625, -2157.85302734375
1706.5977783203125, 1759.0755615234375, -4623.26220703125
1699.880126953125, 1767.3951416015625, -7000.0
1693.2181396484375, 1775.657958984375, -7000.0
1686.515380859375, 1783.9210205078125, -7000.0
1679.672607421875, 1792.265625, -7000.0
1672.8887939453125, 1800.5289306640625, -7000.0
1665.8642578125, 1808.96533203125, -7000.0
1659.0008544921875, 1809.250244140625, -7000.0
1652.0989990234375, 1781.060302734375, -7000.0
1645.1590576171875, 1751.879150390625, -7000.0
1638.07861328125, 1722.455322265625, -7000.0
1631.0634765625, 1693.2144775390625, -7000.0
1623.9078369140625, 1663.795166015625, -7000.0
1616.8194580078125, 1634.6126708984375, -5340.8017578125
1609.6954345703125, 1605.4290771484375, -1247.147705078125
1602.4307861328125, 1576.1309814453125, 860.6969604492188
1595.1304931640625, 1546.4886474609375, 1983.333984375
1587.9017333984375, 1517.6248779296875, 1983.333984375
1580.63916015625, 1525.8883056640625, 1983.333984375
1573.3436279296875, 1534.158447265625, 1983.333984375
1565.907470703125, 1542.490234375, 1983.333984375
1558.4381103515625, 1550.8238525390625, 1834.790283203125
1551.0452880859375, 1559.0880126953125, 843.875732421875
1543.6214599609375, 1567.351806640625, -1355.9884033203125
1536.05712890625, 1575.684814453125, -2478.315185546875
1528.5721435546875, 1583.953857421875, -5255.93359375
1520.9468994140625, 1592.350341796875, -7000.0
1513.4029541015625, 1600.6146240234375, -7000.0
1505.83056640625, 1608.878662109375, -7000.0
1498.230224609375, 1616.67236328125, -7000.0
1490.6024169921875, 1614.973388671875, -7000.0
1482.8348388671875, 1585.3355712890625, -7000.0
1475.1533203125, 1556.1510009765625, -7000.0
1467.446044921875, 1526.9666748046875, -7000.0
1459.71337890625, 1497.7745361328125, -7000.0
1451.727294921875, 1467.9417724609375, -5160.73486328125
1443.9449462890625, 1438.7562255859375, -963.9981079101562
1436.1387939453125, 1409.5728759765625, 1193.3660888671875
1428.3095703125, 1380.3905029296875, 1983.333984375
1420.4576416015625, 1355.146484375, 1983.333984375
1412.583740234375, 1365.061279296875, 1983.333984375
1404.688232421875, 1374.9066162109375, 1983.333984375
1396.6551513671875, 1384.68994140625, 1983.333984375
1388.7178955078125, 1394.353759765625, 1101.227783203125
1380.7607421875, 1403.631103515625, -1015.127197265625
1372.666748046875, 1411.9532470703125, -2051.15673828125
1364.553466796875, 1420.3358154296875, -4988.1513671875
1356.5394287109375, 1428.5999755859375, -7000.0
1348.3895263671875, 1436.9278564453125, -7000.0
1340.3404541015625, 1445.191650390625, -7000.0
1332.2747802734375, 1453.4559326171875, -7000.0
1324.193115234375, 1460.5245361328125, -7000.0
1316.095947265625, 1456.2735595703125, -7000.0
1307.864501953125, 1426.713623046875, -7000.0
1299.738037109375, 1397.5281982421875, -7000.0
1291.59765625, 1368.3438720703125, -7000.0
1283.32421875, 1338.8780517578125, -7000.0
1275.1578369140625, 1309.6785888671875, -7000.0
1266.859130859375, 1280.3546142578125, -4850.1552734375
1258.6690673828125, 1251.138916015625, -3227.5908203125
1250.468017578125, 1221.9320068359375, -245.90811157226562
1241.8941650390625, 1197.046630859375, 1983.333984375
1233.672607421875, 1193.784423828125, 1983.333984375
1225.4417724609375, 1196.842041015625, 1983.333984375
1217.202392578125, 1208.1148681640625, 1661.725830078125
1208.954833984375, 1219.28662109375, 86.70124053955078
1200.6998291015625, 1230.3603515625, -2794.2060546875
1192.4378662109375, 1241.341552734375, -4907.12744140625
1184.1695556640625, 1252.224609375, -7000.0
1175.8953857421875, 1263.0172119140625, -7000.0
1167.6160888671875, 1273.723876953125, -7000.0
1159.210205078125, 1284.4910888671875, -7000.0
1150.9219970703125, 1295.002685546875, -7000.0
1142.63037109375, 1305.4237060546875, -7000.0
1134.2137451171875, 1315.8778076171875, -7000.0
1125.916748046875, 1324.0838623046875, -7000.0
1117.617919921875, 1318.287109375, -7000.0
1109.1959228515625, 1288.8863525390625, -7000.0
1100.895263671875, 1259.708740234375, -7000.0
1092.472412109375, 1230.4022216796875, -7000.0
1084.1722412109375, 1201.2244873046875, -7000.0
1075.7510986328125, 1171.59765625, -7000.0
1067.4537353515625, 1142.4188232421875, -7000.0
1059.03662109375, 1113.103759765625, -7000.0
1050.622314453125, 1083.825439453125, -7000.0
1042.33349609375, 1054.645751953125, -4715.07373046875
1034.048583984375, 1025.42919921875, -2989.7060546875
1025.646484375, 995.8296508789062, 44.25843811035156
1017.3713989257812, 974.211181640625, 1983.333984375
1009.1019287109375, 972.7017822265625, 1983.333984375
1000.71728515625, 980.2606201171875, 1983.333984375
992.3396606445312, 993.4367065429688, 286.1042175292969
984.0908813476562, 1006.4470825195312, -1732.473876953125
975.7290649414062, 1019.4226684570312, -3302.70556640625
967.4970092773438, 1032.21240234375, -7000.0
959.1531982421875, 1057.67822265625, -7000.0
942.6167602539062, 1070.1397705078125, -7000.0
934.4249267578125, 1082.497802734375, -7000.0
926.2445068359375, 1094.768310546875, -7000.0
917.8359985351562, 1119.19287109375, -7000.0
901.5380859375, 1128.1405029296875, -7000.0
893.4093627929688, 1119.816650390625, -7000.0
885.2948608398438, 1090.6348876953125, -7000.0
877.1951293945312, 1061.453125, -7000.0
869.1107788085938, 1032.256103515625, -7000.0
860.923828125, 1002.89892578125, -7000.0
852.7537841796875, 944.3191528320312, -7000.0
836.584716796875, 915.111572265625, -7000.0
828.3512573242188, 885.0956420898438, -7000.0
820.3720703125, 855.910888671875, -7000.0
812.4121704101562, 797.4725952148438, -2460.677978515625
796.5523071289062, 768.2849731445312, 147.0933837890625
788.6534423828125, 739.066162109375, 1983.333984375
780.7760620117188, 725.1033325195312, 1983.333984375
772.8053588867188, 750.9889526367188, 1404.447509765625
757.0487060546875, 766.1773681640625, -448.29827880859375
749.14892578125, 781.200439453125, -3576.705078125
741.3880004882812, 810.8936767578125, -4011.982177734375
725.8275756835938, 825.4739379882812, -7000.0
718.1427612304688, 839.9371337890625, -7000.0
710.2593994140625, 868.820556640625, -7000.0
695.0250244140625, 882.9013061523438, -7000.0
687.4494018554688, 906.7747192382812, -7000.0
672.384033203125, 895.6755981445312, -7000.0
664.785400390625, 837.0783081054688, -7000.0
649.7902221679688, 807.8040161132812, -7000.0
642.3938598632812, 778.5623168945312, -7000.0
634.9209594726562, 719.88330078125, -7000.0
620.2888793945312, 690.6798706054688, -7000.0
612.8088989257812, 660.8284301757812, -7000.0
605.5767211914062, 631.6415405273438, -6288.76220703125
598.378662109375, 573.2719116210938, -1202.7431640625
584.0866088867188, 544.0880737304688, 1457.8577880859375
576.8896484375, 485.5019836425781, 1983.333984375
562.7105102539062, 481.84625244140625, 1983.333984375
555.7282104492188, 499.25079345703125, 1983.333984375
548.783447265625, 516.5049438476562, 1983.333984375
541.775390625, 550.7020874023438, 404.679931640625
527.9786987304688, 567.5910034179688, -3565.5986328125
521.0902709960938, 600.9617309570312, -4623.380859375
507.6339111328125, 617.3388671875, -7000.0
500.9667053222656, 649.913330078125, -7000.0
487.66009521484375, 665.8740844726562, -7000.0
481.11871337890625, 676.7847290039062, -7000.0
474.6199645996094, 662.287353515625, -7000.0
468.1643371582031, 633.0325317382812, -7000.0
461.752197265625, 603.7953491210938, -7000.0
455.2907409667969, 574.4026489257812, -7000.0
448.9676818847656, 545.1473999023438, -7000.0
442.5975036621094, 515.880615234375, -7000.0
436.1826477050781, 486.16302490234375, -7000.0
429.9974670410156, 456.9773254394531, -6391.98779296875
423.85845947265625, 427.79217529296875, -3176.372802734375
417.76605224609375, 369.3930969238281, -1397.5284423828125
405.72265625, 340.14495849609375, 1983.333984375
399.7724914550781, 329.9834899902344, 1983.333984375
393.7841796875, 342.4627685546875, 1983.333984375
387.931640625, 361.0616760253906, 1983.333984375
382.128173828125, 379.4936828613281, 1053.443115234375
376.2899169921875, 397.8782653808594, -949.8095703125
370.5865173339844, 416.0033874511719, -2754.124267578125
364.9333801269531, 433.991455078125, -6949.099609375
359.1668701171875, 452.164306640625, -7000.0
353.6169128417969, 469.82135009765625, -7000.0
348.1183776855469, 487.32769775390625, -7000.0
342.5919494628906, 504.9003601074219, -7000.0
337.19818115234375, 522.1047973632812, -7000.0
331.8569641113281, 539.1656494140625, -7000.0
326.5686950683594, 550.2429809570312, -7000.0
321.33367919921875, 531.92724609375, -7000.0
316.15234375, 502.734619140625, -7000.0
310.95001220703125, 473.451416015625, -7000.0
305.80364990234375, 444.1254577636719, -7000.0
300.7136535644531, 414.7870788574219, -7000.0
295.7528991699219, 385.6020812988281, -7000.0
290.7041015625, 355.7537841796875, -7000.0
285.8561706542969, 326.57012939453125, -7000.0
281.0643005371094, 297.3893127441406, -5168.69482421875
276.3288879394531, 268.21185302734375, -3456.568115234375
271.65020751953125, 239.03868103027344, -864.9396362304688
266.9610595703125, 228.6167755126953, 1356.139404296875
262.397705078125, 230.4435272216797, 1983.333984375
257.8920593261719, 246.2791748046875, 998.9205932617188
253.3794708251953, 265.7880859375, -1685.6954345703125
248.9269256591797, 285.1219787597656, -2334.40283203125
244.53477478027344, 304.2640075683594, -5704.58935546875
240.26565551757812, 323.21209716796875, -7000.0
235.9943084716797, 342.0373840332031, -7000.0
231.78424072265625, 360.70751953125, -7000.0
227.6357879638672, 379.4140625, -7000.0
223.54920959472656, 397.80133056640625, -7000.0
219.58270263671875, 415.921630859375, -7000.0
215.67684936523438, 433.89007568359375, -7000.0
211.83192443847656, 451.7337341308594, -7000.0
208.04820251464844, 462.7107238769531, -7000.0
204.32594299316406, 440.538330078125, -7000.0
200.6120147705078, 411.13873291015625, -7000.0
197.01434326171875, 381.8902282714844, -7000.0
193.4273681640625, 352.51947021484375, -7000.0
189.95530700683594, 323.3349304199219, -7000.0
186.4962615966797, 293.82867431640625, -7000.0
183.15077209472656, 264.64727783203125, -7000.0
179.82064819335938, 235.24525451660156, -7000.0
176.60264587402344, 206.07186889648438, -6667.4736328125
173.4482879638672, 176.9065704345703, -3371.614013671875
170.35775756835938, 147.75247192382812, -79.5328140258789
167.33128356933594, 118.5714111328125, 1983.333984375
164.36907958984375, 110.84243774414062, 1983.333984375
161.42919921875, 128.16346740722656, 1983.333984375
158.555908203125, 148.640625, 721.7105102539062
155.74942016601562, 168.96653747558594, -273.20379638671875
153.00990295410156, 189.16258239746094, -1040.9234619140625
150.37583923339844, 209.06240844726562, -4254.32470703125
147.7698974609375, 228.96682739257812, -7000.0
145.26783752441406, 248.52938842773438, -7000.0
142.76089477539062, 268.38165283203125, -7000.0
140.3925018310547, 287.6136474609375, -7000.0
138.09022521972656, 306.68505859375, -7000.0
135.85423278808594, 325.5870666503906, -7000.0
133.68466186523438, 344.3288879394531, -7000.0
131.58168029785156, 355.3086853027344, -7000.0
129.54542541503906, 328.9306640625, -7000.0
127.57603454589844, 299.74688720703125, -7000.0
125.64617156982422, 270.2677001953125, -7000.0
123.8119125366211, 241.08807373046875, -7000.0
122.04490661621094, 211.9125213623047, -7000.0
120.32080078125, 182.50340270996094, -7000.0
118.6896743774414, 153.3445281982422, -7000.0
117.10367584228516, 123.85640716552734, -4055.121337890625
115.60888671875, 94.7487564086914, -948.8572387695312
114.16144561767578, 65.49395751953125, 1983.333984375
112.80340576171875, 60.559268951416016, 1983.333984375
111.51338958740234, 80.84713745117188, 1983.333984375
110.2914810180664, 101.61812591552734, 547.5376586914062
109.12130737304688, 122.29436492919922, -425.1417541503906
108.02143096923828, 142.8451690673828, -1026.7677001953125
107.00634765625, 163.1344451904297, -3947.333984375
106.04627990722656, 183.3075714111328, -7000.0
105.1567153930664, 203.33409118652344, -7000.0
104.33773803710938, 223.17446899414062, -7000.0
103.58939361572266, 243.03466796875, -7000.0
102.91173553466797, 262.7339782714844, -7000.0
102.3131103515625, 282.0190124511719, -7000.0
101.7832260131836, 300.8749084472656, -7000.0
101.3221206665039, 310.3358459472656, -7000.0
100.9298324584961, 281.1526184082031, -7000.0
100.60637664794922, 251.97299194335938, -7000.0
100.3517837524414, 222.7861328125, -7000.0
100.16384887695312, 193.44491577148438, -7000.0
100.0468521118164, 164.10328674316406, -7000.0
100.00079345703125, 134.68199157714844, -7000.0
100.02481079101562, 105.55892181396484, -3910.0634765625
100.11772918701172, 76.49134063720703, -449.02435302734375
100.279541015625, 47.58102798461914, 1983.333984375
100.51414489746094, 19.44521141052246, 1983.333984375
100.8147201538086, 9.053242683410645, 1983.333984375
101.18414306640625, 20.03424835205078, 1983.333984375
101.62238311767578, 40.458187103271484, 1983.333984375
102.1294174194336, 61.38930892944336, 1983.333984375
102.70520782470703, 82.28350830078125, 1862.2587890625
103.35970306396484, 103.14851379394531, 421.6348571777344
104.07389068603516, 123.76350402832031, -1280.390869140625
104.86872863769531, 144.3383331298828, -2371.31494140625
105.72111511230469, 164.61936950683594, -5537.40869140625
106.65605926513672, 184.79649353027344, -7000.0
107.6614761352539, 204.96963500976562, -7000.0
108.72120666503906, 224.74417114257812, -7000.0
109.86632537841797, 243.4489288330078, -7000.0
111.06358337402344, 249.48544311523438, -7000.0
112.3289794921875, 220.30709838867188, -7000.0
113.66242218017578, 191.1353302001953, -7000.0
115.06382751464844, 161.96356201171875, -7000.0
116.55521392822266, 132.67803955078125, -5129.740234375
118.09324645996094, 103.52836608886719, -2683.421630859375
119.72305297851562, 74.24967193603516, 253.02076721191406
121.42240142822266, 48.95962142944336, 1983.333984375
123.16504669189453, 48.711029052734375, 1983.333984375
124.9749984741211, 69.61730194091797, 1983.333984375
126.88024139404297, 90.51396179199219, 1983.333984375
128.85450744628906, 111.49250793457031, 1533.5068359375
130.89768981933594, 132.18458557128906, -41.872825622558594
132.978515625, 152.5585174560547, -1746.0943603515625
135.1259765625, 172.77024841308594, -2609.171630859375
137.33990478515625, 192.8146514892578, -5472.0029296875
139.62017822265625, 212.6846923828125, -7000.0
142.00161743164062, 232.6534881591797, -7000.0
144.4150390625, 252.1885986328125, -7000.0
146.89430236816406, 271.562255859375, -7000.0
149.43923950195312, 289.0286865234375, -7000.0
152.04966735839844, 291.32470703125, -7000.0
154.7652587890625, 261.9364929199219, -7000.0
157.50709533691406, 232.75491333007812, -7000.0
160.35562133789062, 203.4514923095703, -7000.0
163.31356811523438, 173.78033447265625, -4489.44091796875
166.25247192382812, 144.62135314941406, -1252.4873046875
169.2557373046875, 115.48313903808594, 1983.333984375
172.3231201171875, 92.56709289550781, 1983.333984375
175.4544219970703, 94.49506378173828, 1983.333984375
178.69688415527344, 115.22824096679688, 1983.333984375
182.0047149658203, 135.79869079589844, 1983.333984375
185.37767028808594, 156.36666870117188, 1983.333984375
188.7652130126953, 176.5461883544922, 1025.2232666015625
192.21556091308594, 196.56092834472656, -814.5099487304688
195.78057861328125, 216.48838806152344, -2582.5224609375
199.4097442626953, 236.2266387939453, -3195.2548828125
203.1567840576172, 256.1708068847656, -5664.4306640625
206.9143829345703, 275.58038330078125, -7000.0
210.6795196533203, 294.75360107421875, -7000.0
214.5059356689453, 313.7643737792969, -7000.0
218.3933563232422, 328.0590515136719, -7000.0
226.3501739501953, 298.8700866699219, -7000.0
230.4190216064453, 269.6831970214844, -7000.0
234.6089324951172, 240.2959747314453, -3948.554443359375
238.79820251464844, 211.07858276367188, -96.82786560058594
243.10972595214844, 181.6383514404297, 1983.333984375
247.41824340820312, 160.86619567871094, 1983.333984375
251.78550720214844, 184.95545959472656, 1983.333984375
260.76141357421875, 205.19674682617188, 1983.333984375
265.303955078125, 224.97210693359375, 1983.333984375
269.9039611816406, 244.57919311523438, 1983.333984375
274.56121826171875, 283.3478088378906, 157.4351348876953
284.1871337890625, 302.5138854980469, -1395.2603759765625
289.08709716796875, 340.4588317871094, -928.9473876953125
298.9130554199219, 359.08197021484375, -4421.71435546875
303.9090270996094, 377.544677734375, -7000.0
308.9598388671875, 392.6790466308594, -7000.0
314.140625, 358.17755126953125, -5815.48876953125
324.5920104980469, 328.5029602050781, -2624.09521484375
329.86029052734375, 299.3125, -200.21678161621094
335.181640625, 240.80801391601562, 1983.333984375
346.06219482421875, 227.8509979248047, 1983.333984375
351.5412902832031, 241.57769775390625, 1983.333984375
357.1536560058594, 261.1588134765625, 1983.333984375
362.7362365722656, 299.6309509277344, 1983.333984375
374.1373596191406, 318.74041748046875, 1983.333984375
379.8719177246094, 337.5437927246094, 1983.333984375
385.74151611328125, 356.26873779296875, 1983.333984375
391.6617736816406, 374.8270568847656, 1680.7423095703125
397.7192077636719, 411.7818603515625, -315.40771484375
409.63409423828125, 429.7906799316406, -2087.237060546875
415.6630859375, 447.6436462402344, -2297.713134765625
421.7392578125, 452.1222229003906, -3412.574462890625
434.0313415527344, 422.9311828613281, -1451.8870849609375
440.2464294433594, 405.7887268066406, 462.36749267578125
446.599365234375, 397.00439453125, 1192.8746337890625
459.3501281738281, 403.8797607421875, 1983.333984375
465.7457580566406, 421.95220947265625, 1983.333984375
472.18505859375, 439.9050598144531, 1983.333984375
478.85894775390625, 475.6307678222656, 1023.4264526367188
491.95458984375, 493.0904846191406, -176.42225646972656
498.5654602050781, 510.4339599609375, -1007.6735229492188
505.2177734375, 544.615478515625, -2703.42138671875
518.6448974609375, 561.4844360351562, -4056.27392578125
525.5186767578125, 578.4091796875, -6562.68505859375
532.332763671875, 594.98681640625, -7000.0
539.2869873046875, 594.4407348632812, -6448.61376953125
553.2120971679688, 565.1737060546875, -4131.306640625
560.2836303710938, 535.7867431640625, -643.7442016601562
567.3934326171875, 506.28216552734375, 1983.333984375
574.4371948242188, 487.03656005859375, 1983.333984375
588.6328125, 495.2650146484375, 1983.333984375
595.88916015625, 512.7118530273438, 1983.333984375
603.0753173828125, 546.889404296875, 1983.333984375
617.5498657226562, 563.7688598632812, 1983.333984375
624.8372192382812, 580.5006103515625, 1983.333984375
632.2652587890625, 597.1030883789062, 1983.333984375
639.6181030273438, 613.5543212890625, 1983.333984375
647.1114501953125, 629.9135131835938, 1983.333984375
654.5277099609375, 646.0775146484375, 1024.630615234375
662.0843505859375, 662.1298828125, 113.16329956054688
669.7822875976562, 678.4828491210938, -371.0363464355469
677.2903442382812, 694.2073364257812, -1771.42138671875
684.8275146484375, 704.4450073242188, -3410.802490234375
692.393310546875, 704.1273193359375, -1239.625244140625
699.9871826171875, 699.7438354492188, -632.4137573242188
707.6085815429688, 679.10986328125, 880.8728637695312
715.257080078125, 649.9175415039062, 1983.333984375
722.9320678710938, 650.4375, 1983.333984375
730.633056640625, 666.397216796875, 1983.333984375
738.3594360351562, 682.247314453125, 1983.333984375
746.339111328125, 698.2755126953125, 1983.333984375
754.1155395507812, 713.8291015625, 1983.333984375
761.9158325195312, 729.2486572265625, 1983.333984375
769.8546142578125, 744.6388549804688, 1983.333984375
777.7012329101562, 759.7905883789062, 1983.333984375
785.570068359375, 774.81201171875, 1428.50341796875
793.4606323242188, 789.7034301757812, 1050.3118896484375
801.48876953125, 804.5540771484375, -68.78588104248047
809.4212646484375, 819.1959228515625, -651.1179809570312
817.4909057617188, 827.9823608398438, -1285.111083984375
825.58056640625, 826.6143798828125, -822.0511474609375
833.572021484375, 822.2307739257812, -181.27627563476562
841.5818481445312, 817.8472900390625, 899.50537109375
849.6094970703125, 820.0997924804688, 1983.333984375
857.7728271484375, 832.0769653320312, 1983.333984375
865.8346557617188, 846.4810791015625, 1983.333984375
874.0315551757812, 860.9271850585938, 1781.1788330078125
882.1253051757812, 875.0817260742188, 909.3018798828125
890.2340698242188, 889.1135864257812, 358.9190368652344
898.3573608398438, 903.042724609375, -814.802978515625
906.4944458007812, 916.8612060546875, -1426.616455078125
914.764892578125, 930.6029663085938, -2624.93310546875
923.0484619140625, 944.2144165039062, -1572.8363037109375
931.2242431640625, 957.6773071289062, -1134.8121337890625
939.5321655273438, 971.099365234375, -1347.585205078125
947.7307739257812, 984.3294067382812, -2065.0986328125
956.0607299804688, 991.0458984375, -2564.6669921875
964.40087890625, 968.802734375, -2423.0498046875
972.6295776367188, 939.6038818359375, 839.1415405273438
980.9882202148438, 930.17236328125, 1983.333984375
989.2340087890625, 933.7067260742188, 1983.333984375
997.4874267578125, 945.7061157226562, 1983.333984375
1005.7479248046875, 959.1395263671875, 1983.333984375
1014.014892578125, 972.4710693359375, 1983.333984375
1022.4095458984375, 985.7215576171875, 1983.333984375
1030.8096923828125, 998.9786376953125, 1983.333984375
1039.0927734375, 1011.9500732421875, 1983.333984375
1047.3802490234375, 1024.810791015625, 1983.333984375
1055.671142578125, 1037.5806884765625, 1983.333984375
1064.0872802734375, 1050.2694091796875, 1983.333984375
1072.505859375, 1062.8577880859375, 1583.069091796875
1080.8043212890625, 1075.2855224609375, 723.8201904296875
1089.3482666015625, 1087.8338623046875, 422.187255859375
1097.6488037109375, 1100.04052734375, -299.4534606933594
1105.9495849609375, 1104.9842529296875, -597.7357788085938
1114.3719482421875, 1106.5877685546875, -97.21438598632812
1122.6712646484375, 1106.8218994140625, 359.5043640136719
1130.9691162109375, 1109.46435546875, 1443.2403564453125
1139.2647705078125, 1120.4244384765625, 1983.333984375
1147.5576171875, 1132.3583984375, 1983.333984375
1155.96923828125, 1144.3291015625, 1890.8720703125
1164.2548828125, 1156.052001953125, 1421.1182861328125
1172.5362548828125, 1167.674072265625, 603.86181640625
1180.8126220703125, 1179.21875, 403.8980712890625
1189.2049560546875, 1190.677490234375, -120.68476104736328
1197.5909423828125, 1202.150146484375, -118.9953842163086
1205.8486328125, 1213.3802490234375, -457.5602722167969
1214.0989990234375, 1224.51025390625, -1108.72119140625
1222.341552734375, 1235.5721435546875, -2049.960693359375
1230.57568359375, 1246.5206298828125, -3228.5859375
1238.9217529296875, 1249.78759765625, -966.8184204101562
1247.1370849609375, 1245.884765625, -259.79705810546875
1255.4630126953125, 1218.2354736328125, 1983.333984375
1263.77783203125, 1212.2574462890625, 1983.333984375
1271.9608154296875, 1222.639892578125, 1983.333984375
1280.1318359375, 1233.6978759765625, 1983.333984375
1288.29052734375, 1244.6588134765625, 1983.333984375
1296.5560302734375, 1255.5872802734375, 1983.333984375
1304.8074951171875, 1266.5423583984375, 1983.333984375
1312.9251708984375, 1277.216796875, 1983.333984375
1321.0281982421875, 1287.8006591796875, 1983.333984375
1329.115966796875, 1298.2939453125, 1983.333984375
1337.1878662109375, 1308.697265625, 1983.333984375
1345.2435302734375, 1319.009765625, 1983.333984375
1353.2823486328125, 1329.24462890625, 1983.333984375
1361.42138671875, 1339.43798828125, 1983.333984375
1369.5419921875, 1349.5201416015625, 1983.333984375
1377.6434326171875, 1359.5325927734375, 1983.333984375
1385.7252197265625, 1369.44580078125, 1983.333984375
1393.6700439453125, 1379.2470703125, 1983.333984375
1401.7109375, 1389.0714111328125, 1983.333984375
1409.73046875, 1398.7506103515625, 1983.333984375
1417.6123046875, 1407.456787109375, 1983.333984375
1425.4722900390625, 1415.7264404296875, 1983.333984375
1433.309814453125, 1423.9959716796875, 1983.333984375
1441.1243896484375, 1432.265625, 1961.5438232421875
1449.02978515625, 1440.588623046875, 1908.0557861328125
1456.79638671875, 1448.8582763671875, 1786.245361328125
1464.652099609375, 1457.1575927734375, 1620.533447265625
1472.4820556640625, 1465.475830078125, 1419.9693603515625
1480.1724853515625, 1473.74560546875, 1163.1431884765625
1487.8369140625, 1482.021240234375, 839.316162109375
1495.5865478515625, 1490.36376953125, 473.7865295410156
1503.196533203125, 1498.6419677734375, 984.32763671875
1510.8900146484375, 1507.004150390625, 438.96563720703125
1518.776123046875, 1514.5738525390625, 918.826904296875
1526.2994384765625, 1515.552001953125, 1181.770263671875
1533.7933349609375, 1523.8212890625, 1342.825439453125
1541.2574462890625, 1532.089599609375, 1403.7894287109375
1548.691162109375, 1540.357421875, 1366.2581787109375
1556.0938720703125, 1548.6248779296875, 1231.663818359375
1563.4652099609375, 1556.8917236328125, 1001.3389282226562
1570.8045654296875, 1565.158447265625, 676.4375610351562
1578.111572265625, 1573.4244384765625, 258.0423583984375
1585.3856201171875, 1581.6900634765625, 689.1954345703125
1592.6260986328125, 1589.9556884765625, 981.5076904296875
1599.832763671875, 1598.2254638671875, 1134.6170654296875
1607.110107421875, 1606.5743408203125, 1160.4244384765625
1614.2469482421875, 1613.69287109375, 244.9813690185547
1621.34814453125, 1613.693115234375, 1130.160888671875
1628.41357421875, 1614.886962890625, 1678.3067626953125
1635.545654296875, 1623.1934814453125, 1983.333984375
1642.5372314453125, 1631.45947265625, 1983.333984375
1649.59326171875, 1639.77197265625, 1983.333984375
1656.509033203125, 1648.0379638671875, 1918.61474609375
1663.4873046875, 1656.4229736328125, 1710.4951171875
1670.3253173828125, 1664.6893310546875, 1349.3394775390625
1677.1239013671875, 1672.955322265625, 838.3432006835938
1683.8829345703125, 1681.2391357421875, 1115.83251953125
1690.7000732421875, 1689.5321044921875, 268.7630310058594
1697.5732421875, 1697.9864501953125, 229.6050262451172
1704.208251953125, 1706.2528076171875, 5.743893146514893
1710.8016357421875, 1712.811767578125, -202.94256591796875
1717.35302734375, 1712.81201171875, 348.6486511230469
1723.8616943359375, 1712.8121337890625, 638.7761840820312
1730.51708984375, 1712.812255859375, 1712.8280029296875
1736.9381103515625, 1714.799072265625, 1983.333984375
1743.3153076171875, 1723.0633544921875, 1983.333984375
1749.6480712890625, 1731.327392578125, 1983.333984375
1755.936279296875, 1739.5906982421875, 1983.333984375
1762.1790771484375, 1747.8536376953125, 1983.333984375
1768.3763427734375, 1756.1163330078125, 1983.333984375
1774.527587890625, 1764.3785400390625, 1983.333984375
1780.63232421875, 1772.6617431640625, 1876.171142578125
1786.690185546875, 1780.9239501953125, 1522.1275634765625
1792.70068359375, 1789.1861572265625, 928.112548828125
1798.6634521484375, 1797.4478759765625, 1040.480712890625
1804.664794921875, 1805.7430419921875, 887.0721435546875
1810.5301513671875, 1811.93212890625, 706.3590698242188
1816.4317626953125, 1811.9324951171875, 266.02874755859375
1822.1981201171875, 1811.9327392578125, 490.3370666503906
1827.9984130859375, 1814.13818359375, 1132.21240234375
1833.6640625, 1822.4261474609375, 1441.8358154296875
1839.279296875, 1830.7083740234375, 1416.2110595703125
1844.9249267578125, 1839.010986328125, 1092.2044677734375
1850.5177001953125, 1847.3702392578125, 472.39898681640625
1856.0572509765625, 1855.74267578125, 507.0084533691406
1861.464111328125, 1864.0057373046875, 213.0455322265625
1866.818359375, 1872.2689208984375, -399.096435546875
1872.119873046875, 1880.5430908203125, -823.0151977539062
1877.3681640625, 1888.8096923828125, -1552.479736328125
1882.638916015625, 1905.409423828125, -2258.9384765625
1892.9390869140625, 1911.0537109375, -872.6422729492188
1897.9693603515625, 1909.645751953125, -1625.9361572265625
1903.0174560546875, 1896.8741455078125, -321.220947265625
1907.9365234375, 1876.0318603515625, 1983.333984375
1912.800048828125, 1871.64697265625, 1983.333984375
1917.6075439453125, 1871.56005859375, 1983.333984375
1922.42822265625, 1888.2310791015625, 1983.333984375
