1877.8294677734375, 1880.28955078125, -134.47389221191406
1867.2891845703125, 1878.655517578125, -903.611083984375
1861.8603515625, 1877.796875, -2172.657958984375
1856.4573974609375, 1874.9599609375, -3644.219482421875
1850.9217529296875, 1870.533447265625, -2375.753173828125
1845.4141845703125, 1866.1407470703125, -1265.6884765625
1839.773193359375, 1845.2789306640625, -1330.9334716796875
1834.1624755859375, 1816.0955810546875, 806.6551513671875
1828.501220703125, 1803.3428955078125, 1983.333984375
1822.62109375, 1801.8599853515625, 1983.333984375
1816.8583984375, 1807.4981689453125, 1983.333984375
1811.0462646484375, 1815.763427734375, 409.90203857421875
1805.1851806640625, 1824.0281982421875, -1259.4298095703125
1799.2755126953125, 1832.292724609375, -1584.2646484375
1793.229736328125, 1840.6646728515625, -3595.121337890625
1787.223388671875, 1848.928955078125, -7000.0
1781.080322265625, 1857.24169921875, -7000.0
1774.97900390625, 1865.5050048828125, -7000.0
1768.8311767578125, 1873.785400390625, -7000.0
1762.363037109375, 1882.4261474609375, -7000.0
1756.1214599609375, 1890.687744140625, -7000.0
1749.834716796875, 1898.9476318359375, -7000.0
1743.503173828125, 1900.9886474609375, -7000.0
1737.1273193359375, 1879.024169921875, -7000.0
1730.70751953125, 1849.8494873046875, -7000.0
1724.2442626953125, 1820.67578125, -7000.0
1717.738037109375, 1791.501953125, -7000.0
1711.189208984375, 1762.3272705078125, -7000.0
1704.5982666015625, 1733.153564453125, -6523.2373046875
1697.867919921875, 1703.703125, -3517.404541015625
1691.1934814453125, 1674.5015869140625, -938.268310546875
1684.3792724609375, 1645.1881103515625, 1983.333984375
1677.523681640625, 1635.014892578125, 1983.333984375
1670.727294921875, 1640.4989013671875, 1983.333984375
1663.8916015625, 1648.775634765625, 1983.333984375
1657.01708984375, 1657.036865234375, 961.661865234375
1650.002197265625, 1665.3472900390625, -322.73443603515625
1643.0509033203125, 1673.6065673828125, -3233.3134765625
1635.958984375, 1681.9400634765625, -4912.19775390625
1628.8291015625, 1690.2659912109375, -7000.0
1621.765869140625, 1698.5257568359375, -7000.0
1614.666748046875, 1706.7857666015625, -7000.0
1607.4268798828125, 1715.0767822265625, -7000.0
1600.1510009765625, 1723.3828125, -7000.0
1592.8397216796875, 1731.6890869140625, -7000.0
1585.493408203125, 1733.161865234375, -7000.0
1578.2198486328125, 1708.8048095703125, -7000.0
1570.9134521484375, 1679.6319580078125, -7000.0
1563.574462890625, 1650.4464111328125, -7000.0
1556.094970703125, 1620.8319091796875, -7000.0
1548.6922607421875, 1591.6580810546875, -7000.0
1541.258544921875, 1562.4854736328125, -5734.060546875
1533.7945556640625, 1533.27392578125, -2043.4801025390625
1526.190185546875, 1503.85009765625, 599.393310546875
1518.5555419921875, 1474.4935302734375, 1983.333984375
1511.00244140625, 1470.635009765625, 1983.333984375
1503.421142578125, 1477.814453125, 1983.333984375
1495.6998291015625, 1486.1221923828125, 1983.333984375
1487.9505615234375, 1494.5189208984375, 1153.5054931640625
1480.28662109375, 1502.780517578125, -959.6485595703125
1472.596435546875, 1511.0511474609375, -1967.5491943359375
1464.880615234375, 1519.3128662109375, -4663.8515625
1457.025634765625, 1527.62548828125, -7000.0
1449.1453857421875, 1535.9290771484375, -7000.0
1441.12548828125, 1544.405517578125, -7000.0
1433.31103515625, 1552.6676025390625, -7000.0
1425.4735107421875, 1560.928955078125, -7000.0
1417.613525390625, 1569.1904296875, -7000.0
1409.731689453125, 1569.7530517578125, -7000.0
1401.82861328125, 1542.56396484375, -7000.0
1393.904541015625, 1513.3927001953125, -7000.0
1385.96044921875, 1484.22119140625, -7000.0
1377.8792724609375, 1454.5712890625, -7000.0
1369.8958740234375, 1425.3988037109375, -7000.0
1361.776123046875, 1395.9708251953125, -7000.0
1353.755859375, 1366.79931640625, -4797.93310546875
1345.7181396484375, 1337.6290283203125, -3113.742919921875
1337.6634521484375, 1308.439208984375, 164.60760498046875
1329.5924072265625, 1303.0299072265625, 1983.333984375
1321.505615234375, 1304.91943359375, 1983.333984375
1313.2841796875, 1315.00390625, 529.6461181640625
1305.1671142578125, 1325.2850341796875, -1247.865234375
1296.916259765625, 1335.53857421875, -2197.331787109375
1288.6514892578125, 1345.6483154296875, -5080.1826171875
1280.253173828125, 1355.8624267578125, -7000.0
1272.082275390625, 1365.7637939453125, -7000.0
1263.8995361328125, 1375.58447265625, -7000.0
1255.7054443359375, 1385.31494140625, -7000.0
1247.5006103515625, 1394.96337890625, -7000.0
1239.164794921875, 1404.2161865234375, -7000.0
1230.9400634765625, 1412.4769287109375, -7000.0
1222.706298828125, 1420.615234375, -7000.0
1214.3428955078125, 1420.018798828125, -7000.0
1206.0926513671875, 1390.798828125, -7000.0
1197.713623046875, 1361.3515625, -7000.0
1189.4493408203125, 1332.1781005859375, -7000.0
1181.1788330078125, 1302.9124755859375, -7000.0
1172.90283203125, 1273.739013671875, -7000.0
1164.3780517578125, 1243.972412109375, -7000.0
1156.09228515625, 1214.796875, -7000.0
1147.802734375, 1185.622314453125, -7000.0
1139.510009765625, 1156.4056396484375, -5239.40380859375
1131.21435546875, 1127.16845703125, -1177.2132568359375
1122.794677734375, 1097.8446044921875, 366.7258605957031
1114.495361328125, 1068.6053466796875, 1983.333984375
1106.1949462890625, 1042.3050537109375, 1983.333984375
1097.894287109375, 1054.9293212890625, 1983.333984375
1089.4715576171875, 1067.4931640625, 1983.333984375
1081.0496826171875, 1079.9078369140625, 624.7256469726562
1072.629150390625, 1092.234130859375, -1132.4232177734375
1064.33251953125, 1104.435546875, -2255.35791015625
1055.9163818359375, 1116.6820068359375, -5753.134765625
1047.625244140625, 1128.6343994140625, -7000.0
1039.3377685546875, 1140.4866943359375, -7000.0
1030.9327392578125, 1152.2867431640625, -7000.0
1022.6542358398438, 1163.9384765625, -7000.0
1014.3810424804688, 1175.518798828125, -7000.0
1005.9922485351562, 1186.03564453125, -7000.0
997.6101684570312, 1185.2296142578125, -7000.0
989.2352905273438, 1155.6983642578125, -7000.0
980.8682861328125, 1126.3323974609375, -7000.0
972.509765625, 1097.011962890625, -7000.0
964.1602783203125, 1067.632080078125, -7000.0
955.8203735351562, 1038.362548828125, -7000.0
947.3701171875, 1008.3604736328125, -7000.0
939.1719360351562, 979.177734375, -7000.0
930.98486328125, 949.9960327148438, -5481.89794921875
922.8093872070312, 920.8143310546875, -1635.628173828125
914.6461791992188, 891.6339111328125, 449.7648620605469
906.4957275390625, 862.4534912109375, 1983.333984375
898.3585815429688, 839.9844360351562, 1983.333984375
890.2353515625, 847.6958618164062, 1983.333984375
882.0074462890625, 862.032470703125, 1983.333984375
873.9138793945312, 876.1904907226562, 981.9402465820312
865.7172241210938, 890.3131103515625, -1364.7318115234375
857.6556396484375, 904.2134399414062, -3204.35693359375
849.4925537109375, 918.046142578125, -7000.0
841.2293701171875, 931.980712890625, -7000.0
833.2202758789062, 945.5209350585938, -7000.0
825.1123046875, 958.9947509765625, -7000.0
817.1408081054688, 972.3043823242188, -7000.0
809.1889038085938, 985.5015258789062, -7000.0
801.2569580078125, 998.5811157226562, -7000.0
793.3456420898438, 1009.5985717773438, -7000.0
785.4554443359375, 1006.0208129882812, -7000.0
777.4713745117188, 976.68017578125, -7000.0
769.5101318359375, 947.3427734375, -7000.0
761.5723876953125, 917.9459838867188, -7000.0
753.773193359375, 888.7320556640625, -7000.0
745.8836669921875, 859.2431030273438, -7000.0
738.0192260742188, 829.7317504882812, -7000.0
730.2939453125, 800.546142578125, -7000.0
722.5941162109375, 771.3607177734375, -7000.0
714.9202880859375, 742.1764526367188, -6425.45751953125
707.27294921875, 712.9923706054688, -3414.762451171875
699.6527099609375, 683.77490234375, -935.641357421875
691.9486083984375, 654.410400390625, 1541.2877197265625
684.2734985351562, 632.6383056640625, 1983.333984375
676.6278076171875, 634.5507202148438, 1983.333984375
669.1223754882812, 650.6646728515625, 1983.333984375
661.536865234375, 666.707275390625, 451.11749267578125
653.9824829101562, 682.6301879882812, -2332.508544921875
646.5685424804688, 698.31396484375, -4708.68994140625
639.0774536132812, 714.0965576171875, -7000.0
631.619140625, 729.6262817382812, -7000.0
624.3013916015625, 744.900634765625, -7000.0
617.0164184570312, 760.0443725585938, -7000.0
609.7647705078125, 775.0579223632812, -7000.0
602.5468139648438, 804.732177734375, -7000.0
588.1094970703125, 816.5262451171875, -7000.0
580.9963989257812, 809.9755249023438, -7000.0
573.8153076171875, 780.6171264648438, -7000.0
566.7747802734375, 751.4287109375, -7000.0
559.77099609375, 722.2403564453125, -7000.0
552.7022094726562, 692.8421630859375, -7000.0
545.6723022460938, 634.0451049804688, -7000.0
531.931884765625, 604.8563232421875, -7000.0
525.020263671875, 575.1841430664062, -7000.0
518.2487182617188, 545.9949340820312, -6480.6484375
511.51727294921875, 487.555908203125, -1450.2705078125
498.17645263671875, 458.29656982421875, 1192.837646484375
491.5680236816406, 419.8843078613281, 1983.333984375
478.3817443847656, 437.8419189453125, 1983.333984375
471.80609130859375, 473.47882080078125, 742.28515625
458.7889099121094, 491.120849609375, -2476.382568359375
452.44134521484375, 508.445068359375, -5417.2421875
446.1383972167969, 542.6473388671875, -7000.0
433.57708740234375, 559.5781860351562, -7000.0
427.3209533691406, 576.5689086914062, -7000.0
421.2021789550781, 593.1654663085938, -7000.0
415.1301574707031, 622.0203247070312, -7000.0
403.0405578613281, 612.1426391601562, -7000.0
397.0252380371094, 582.818115234375, -7000.0
391.1458740234375, 553.6257934570312, -7000.0
385.22998046875, 494.65447998046875, -7000.0
373.6346435546875, 465.46209716796875, -7000.0
367.87139892578125, 436.10906982421875, -7000.0
362.2424621582031, 377.7278747558594, -4200.0302734375
351.1374816894531, 348.5399169921875, -3175.69970703125
345.58209228515625, 319.171630859375, -1222.9495849609375
340.0802001953125, 298.6831359863281, -26.349742889404297
329.3163146972656, 296.78436279296875, 1550.5391845703125
324.05352783203125, 302.5604553222656, 1754.628173828125
318.76800537109375, 317.6855163574219, 602.646728515625
313.5378723144531, 355.5494079589844, -1304.1187744140625
303.3191833496094, 374.0419616699219, -5986.16064453125
298.3296813964844, 392.3741455078125, -7000.0
293.39544677734375, 410.5465087890625, -7000.0
288.4454345703125, 446.63177490234375, -7000.0
278.8578186035156, 464.3710021972656, -7000.0
274.1487121582031, 481.9272155761719, -7000.0
269.4964904785156, 516.6288452148438, -7000.0
260.36407470703125, 528.8944702148438, -7000.0
255.8190460205078, 514.9915771484375, -7000.0
251.39846801757812, 485.798095703125, -7000.0
246.97267150878906, 456.111572265625, -7000.0
242.6702117919922, 426.91802978515625, -7000.0
238.42681884765625, 397.72625732421875, -7000.0
234.2427978515625, 368.5364074707031, -7000.0
230.11842346191406, 339.31640625, -7000.0
226.05398559570312, 310.1293640136719, -7000.0
221.99134826660156, 280.65118408203125, -7000.0
218.0485076904297, 251.46786499023438, -7000.0
214.16644287109375, 222.2883758544922, -4212.6318359375
210.28968811035156, 192.98692321777344, -1520.699951171875
206.47604370117188, 163.7362518310547, 1108.0379638671875
202.72579956054688, 150.59881591796875, 1983.333984375
199.09217834472656, 162.32647705078125, 1983.333984375
195.5206298828125, 182.4938201904297, 1101.2099609375
191.9602508544922, 202.77871704101562, -1484.15625
188.51451110839844, 222.56854248046875, -1954.0850830078125
185.13157653808594, 242.2060089111328, -5036.5166015625
181.81167602539062, 261.6592712402344, -7000.0
178.55503845214844, 280.95068359375, -7000.0
175.3618927001953, 300.08038330078125, -7000.0
172.18692016601562, 319.1070861816406, -7000.0
169.0777587890625, 338.1476745605469, -7000.0
166.07827758789062, 356.7895812988281, -7000.0
163.1431427001953, 375.271728515625, -7000.0
160.23081970214844, 387.889404296875, -7000.0
157.3851776123047, 369.9954528808594, -7000.0
154.64620971679688, 340.78668212890625, -7000.0
151.93353271484375, 311.2568664550781, -7000.0
149.3259735107422, 282.0677185058594, -7000.0
146.78392028808594, 252.88217163085938, -7000.0
144.30755615234375, 223.69491577148438, -7000.0
141.86207580566406, 194.20713806152344, -7000.0
139.51853942871094, 165.03492736816406, -6210.52197265625
137.24118041992188, 135.87982177734375, -2382.052978515625
134.99813842773438, 106.67871856689453, -390.04351806640625
132.85458374023438, 77.54663848876953, 1983.333984375
130.7476348876953, 77.33354187011719, 1983.333984375
128.7384796142578, 95.31322479248047, 1983.333984375
126.76819610595703, 116.09007263183594, 801.4998779296875
124.89401245117188, 136.5981903076172, -3.1300597190856934
123.0348892211914, 157.31654357910156, -3392.412109375
121.29718780517578, 177.4901885986328, -6296.5869140625
119.62692260742188, 197.49911499023438, -7000.0
118.02420806884766, 217.3328399658203, -7000.0
116.48915100097656, 237.01280212402344, -7000.0
115.00079345703125, 256.5740661621094, -7000.0
113.58231353759766, 276.1294250488281, -7000.0
112.25285339355469, 295.3005676269531, -7000.0
110.991455078125, 314.30548095703125, -7000.0
109.79820251464844, 326.50164794921875, -7000.0
108.65714263916016, 304.63092041015625, -7000.0
107.58641052246094, 275.33978271484375, -7000.0
106.5860824584961, 246.0211181640625, -7000.0
105.65623474121094, 216.40164184570312, -7000.0
104.80888366699219, 187.22274780273438, -7000.0
104.03009796142578, 158.0543212890625, -7000.0
103.31993865966797, 128.8531036376953, -6205.73193359375
102.67845153808594, 99.73023986816406, -2182.51171875
102.10568237304688, 70.67491912841797, 139.53982543945312
101.60166931152344, 41.80891418457031, 1983.333984375
101.16645050048828, 48.55189514160156, 1983.333984375
100.80005645751953, 68.32979583740234, 1983.333984375
100.50251007080078, 89.20608520507812, 836.580078125
100.27098083496094, 109.98146057128906, -1668.1505126953125
100.1103744506836, 130.67958068847656, -1718.1839599609375
100.02149200439453, 151.0701446533203, -3947.68359375
100.0019760131836, 171.64053344726562, -7000.0
100.05293273925781, 191.69322204589844, -7000.0
100.17278289794922, 211.57777404785156, -7000.0
100.36481475830078, 231.4716033935547, -7000.0
100.62345123291016, 251.0191192626953, -7000.0
100.9562759399414, 270.5262451171875, -7000.0
101.3536148071289, 289.7450866699219, -7000.0
101.81977081298828, 301.29229736328125, -7000.0
102.35469818115234, 275.438720703125, -7000.0
102.96775817871094, 246.136474609375, -7000.0
103.65155029296875, 216.78732299804688, -7000.0
104.39459228515625, 187.60867309570312, -7000.0
105.21867370605469, 158.34823608398438, -7000.0
106.11333465576172, 128.74937438964844, -5874.14111328125
107.06401824951172, 99.62451171875, -1366.5146484375
108.0986099243164, 70.40301513671875, 689.5000610351562
109.18704986572266, 41.553401947021484, 1983.333984375
110.34376525878906, 60.508140563964844, 1983.333984375
111.56867218017578, 81.38668823242188, 1983.333984375
112.8812026977539, 102.26985931396484, 784.6162719726562
114.24323272705078, 122.88275909423828, -1601.580078125
115.67317962646484, 143.34109497070312, -1325.587158203125
117.17095184326172, 163.66021728515625, -3144.13818359375
118.75996398925781, 183.87091064453125, -6974.56982421875
120.41859436035156, 203.8750457763672, -7000.0
122.14672088623047, 223.88987731933594, -7000.0
123.9442138671875, 243.64898681640625, -7000.0
125.78340911865234, 263.1016540527344, -7000.0
127.68972778320312, 282.3114013671875, -7000.0
129.69256591796875, 292.6324768066406, -7000.0
131.7337188720703, 263.43994140625, -7000.0
133.8730926513672, 234.05166625976562, -7000.0
136.08099365234375, 204.77284240722656, -7000.0
138.3238067626953, 175.5942840576172, -7000.0
140.6328887939453, 146.39437866210938, -3937.594970703125
143.04348754882812, 116.94900512695312, -210.92041015625
145.48558044433594, 87.84099578857422, 1983.333984375
147.99343872070312, 60.021175384521484, 1983.333984375
150.56687927246094, 56.931800842285156, 1983.333984375
153.24505615234375, 78.13822174072266, 1983.333984375
155.9501190185547, 98.92674255371094, 1983.333984375
158.72023010253906, 119.57046508789062, 1983.333984375
161.55519104003906, 140.05209350585938, 1983.333984375
164.454833984375, 160.37384033203125, 1014.9585571289062
167.46298217773438, 180.70138549804688, -1841.1553955078125
170.5373077392578, 200.82302856445312, -1860.4622802734375
173.631591796875, 220.6385040283203, -3716.589599609375
176.83660888671875, 240.38653564453125, -7000.0
180.05926513671875, 259.8656005859375, -7000.0
183.34530639648438, 279.177490234375, -7000.0
186.6945037841797, 297.4951477050781, -7000.0
190.1572723388672, 303.8439636230469, -7000.0
193.6330108642578, 274.6471252441406, -7000.0
197.17120361328125, 245.453125, -7000.0
200.7716064453125, 216.22520446777344, -5064.572265625
204.43397521972656, 187.0412139892578, -2290.17626953125
208.1580352783203, 157.86636352539062, 1223.8282470703125
211.9996795654297, 131.7534637451172, 1983.333984375
215.90432739257812, 130.66766357421875, 1983.333984375
219.87168884277344, 151.14309692382812, 1983.333984375
223.9014892578125, 171.56764221191406, 1983.333984375
227.93370056152344, 191.62808227539062, 1983.333984375
232.0260009765625, 211.5255889892578, 1969.290771484375
236.23960876464844, 231.30145263671875, 1160.617431640625
240.51449584960938, 250.9057159423828, -1318.639892578125
244.85035705566406, 270.58935546875, -848.4010009765625
249.1827392578125, 289.8100280761719, -2106.45751953125
253.57373046875, 308.86883544921875, -4981.03662109375
258.0230712890625, 327.7598876953125, -7000.0
262.5303955078125, 346.4905090332031, -7000.0
267.1629943847656, 363.6650085449219, -7000.0
271.7862854003906, 366.1555480957031, -7000.0
276.46661376953125, 336.9546203613281, -7000.0
281.2037048339844, 307.755126953125, -6296.11083984375
286.068115234375, 278.4201965332031, -1755.823974609375
290.91851806640625, 249.21788024902344, 912.4784545898438
295.8246765136719, 219.9695587158203, 1983.333984375
300.7862548828125, 201.184814453125, 1983.333984375
305.8770751953125, 221.28530883789062, 1983.333984375
310.94921875, 240.9298858642578, 1983.333984375
316.15155029296875, 260.57208251953125, 1983.333984375
321.3328857421875, 279.8786315917969, 1983.333984375
326.56787109375, 299.0185241699219, 1983.333984375
331.85614013671875, 317.9991760253906, 1341.77197265625
337.1973571777344, 336.8194885253906, 149.4059295654297
342.59112548828125, 355.4801025390625, -791.3258666992188
348.1175537109375, 374.25592041015625, -3222.89111328125
353.6160583496094, 392.594970703125, -4176.58544921875
359.166015625, 410.7740173339844, -6443.00830078125
364.8497619628906, 426.6474609375, -7000.0
370.5856628417969, 425.463623046875, -7000.0
376.373291015625, 396.1261901855469, -5564.2509765625
382.1272888183594, 366.9216003417969, -3024.916259765625
387.9307556152344, 337.7181701660156, 763.6953735351562
393.78326416015625, 315.7701416015625, 1983.333984375
399.7715759277344, 318.30303955078125, 1983.333984375
405.8096008300781, 337.17095947265625, 1983.333984375
411.8082580566406, 355.82305908203125, 1983.333984375
417.9436340332031, 374.5498046875, 1983.333984375
424.03741455078125, 411.15142822265625, 565.99609375
436.4555969238281, 429.1720886230469, 290.97900390625
442.6885070800781, 447.0352478027344, -1284.1502685546875
448.96673583984375, 464.7814636230469, -2459.998046875
455.4764404296875, 500.04681396484375, -1552.67529296875
468.2579650878906, 517.3069458007812, -3744.273681640625
474.7142333984375, 531.5047607421875, -6712.37353515625
481.2135925292969, 526.7625732421875, -7000.0
487.7555847167969, 468.00994873046875, -2193.263671875
501.0634460449219, 438.80316162109375, 1983.333984375
507.7312316894531, 409.5970153808594, 1983.333984375
514.4398193359375, 416.3324279785156, 1983.333984375
527.9776000976562, 434.3074035644531, 1983.333984375
534.9065551757812, 452.27764892578125, 1983.333984375
541.8756103515625, 487.64324951171875, 1983.333984375
555.7271728515625, 505.0052185058594, 1983.333984375
562.7094116210938, 522.2210083007812, 1983.333984375
569.7286987304688, 556.3196411132812, 736.7128295898438
583.98095703125, 573.1005859375, 1003.9150390625
591.1089477539062, 589.7509155273438, 184.11920166015625
598.27197265625, 611.0643920898438, -43.63180923461914
612.8078002929688, 619.1732177734375, -241.9828643798828
620.1806030273438, 617.3892822265625, -977.5288696289062
634.811767578125, 612.99658203125, 629.443115234375
642.2841796875, 614.5105590820312, 335.0182189941406
657.1069946289062, 622.5892333984375, 1983.333984375
664.564453125, 634.42578125, 1983.333984375
672.1622314453125, 666.5726928710938, 402.4051208496094
687.2258911132812, 682.4029541015625, 99.40018463134766
694.8006591796875, 698.0980834960938, -1097.343505859375
702.5153198242188, 713.751953125, -1792.989990234375
710.2582397460938, 744.5255737304688, -3156.341064453125
725.6000366210938, 759.7066650390625, -3558.653564453125
733.3098754882812, 774.7619018554688, -4713.04736328125
741.158935546875, 789.867431640625, -6628.18798828125
749.033447265625, 815.0930786132812, -6742.81396484375
764.6265869140625, 803.0090942382812, -7000.0
772.4581298828125, 773.7957763671875, -3457.669677734375
780.4278564453125, 715.185302734375, -390.6986389160156
796.3184814453125, 685.9721069335938, 1983.333984375
804.2376098632812, 674.4525756835938, 1983.333984375
812.2940063476562, 684.8104858398438, 1983.333984375
820.370849609375, 716.2320556640625, 1983.333984375
836.4656982421875, 731.6373901367188, 1983.333984375
844.60009765625, 747.12646484375, 1983.333984375
852.63427734375, 762.264892578125, 1983.333984375
860.6854858398438, 792.1552124023438, 1983.333984375
876.8369140625, 806.9114379882812, 1983.333984375
884.9359130859375, 821.5372924804688, 1983.333984375
893.0498046875, 836.0380249023438, 1983.333984375
901.1779174804688, 864.8984985351562, 1983.333984375
917.5947265625, 879.0264282226562, 1983.333984375
925.762451171875, 906.9366455078125, 1394.5157470703125
942.13330078125, 920.7139892578125, 1983.333984375
950.4560546875, 934.5474853515625, 1983.333984375
958.6685180664062, 948.0823974609375, 1578.121826171875
966.8907470703125, 961.4964599609375, 612.0946655273438
975.1221923828125, 974.7960205078125, 69.43106079101562
983.3621826171875, 987.9848022460938, -999.56591796875
991.6102294921875, 997.7256469726562, -791.5733642578125
1008.128173828125, 997.8361206054688, -118.09142303466797
1016.5185546875, 995.0772094726562, 834.468505859375
1024.9149169921875, 995.9220581054688, 1983.333984375
1033.1947021484375, 999.6644287109375, 1983.333984375
1041.60107421875, 1009.4334716796875, 1983.333984375
1049.8895263671875, 1022.3355102539062, 1983.333984375
1058.4254150390625, 1035.3238525390625, 1983.333984375
1066.720458984375, 1047.98779296875, 1983.333984375
1075.017578125, 1060.5543212890625, 1983.333984375
1083.316650390625, 1073.00439453125, 1669.01171875
1091.61669921875, 1085.36669921875, 917.6137084960938
1099.9173583984375, 1097.60595703125, 702.980224609375
1108.340087890625, 1109.8184814453125, 81.40988159179688
1116.6402587890625, 1121.8638916015625, -917.5335693359375
1125.061279296875, 1133.820556640625, -1342.59521484375
1133.48046875, 1145.6727294921875, -2153.53076171875
1141.775390625, 1151.6212158203125, -2655.279296875
1150.0673828125, 1149.5379638671875, -1945.6173095703125
1158.477783203125, 1145.0980224609375, -722.0134887695312
1166.884033203125, 1140.669921875, 985.3174438476562
1175.163818359375, 1139.5606689453125, 1983.333984375
1183.4384765625, 1148.2340087890625, 1983.333984375
1191.707275390625, 1159.9273681640625, 1983.333984375
1200.09130859375, 1171.5635986328125, 1983.333984375
1208.3468017578125, 1183.064208984375, 1983.333984375
1216.594970703125, 1194.478271484375, 1983.333984375
1224.9560546875, 1205.82177734375, 1983.333984375
1233.3084716796875, 1217.04638671875, 1983.333984375
1241.5303955078125, 1228.1712646484375, 1983.333984375
1249.8634033203125, 1239.2835693359375, 1862.515625
1258.065185546875, 1250.217041015625, 1445.8155517578125
1266.2559814453125, 1261.0443115234375, 749.9031982421875
1274.5556640625, 1271.89501953125, 758.4610595703125
1282.722900390625, 1282.53076171875, 494.4981384277344
1290.8775634765625, 1286.6019287109375, 715.1248779296875
1299.01904296875, 1288.9100341796875, 652.5875854492188
1307.1468505859375, 1291.197998046875, 1237.0904541015625
1315.3795166015625, 1300.0654296875, 1755.0748291015625
1323.47802734375, 1310.459228515625, 1972.757080078125
1331.6798095703125, 1320.7908935546875, 1967.7484130859375
1339.7467041015625, 1331.0206298828125, 1710.7188720703125
1347.915283203125, 1341.17041015625, 1253.0020751953125
1356.0662841796875, 1351.2554931640625, 609.9246826171875
1364.1990966796875, 1361.291015625, 741.4017944335938
1372.19580078125, 1371.1622314453125, 659.4676513671875
1380.290771484375, 1381.09814453125, 382.6685485839844
1388.2491455078125, 1390.797607421875, -70.03382873535156
1396.1876220703125, 1400.3726806640625, -27.48436164855957
1404.1055908203125, 1408.843017578125, -50.251312255859375
1412.002685546875, 1410.045654296875, 193.74746704101562
1419.8782958984375, 1406.2884521484375, 757.7185668945312
1427.7318115234375, 1406.1732177734375, 1983.333984375
1435.677734375, 1413.3900146484375, 1983.333984375
1443.599853515625, 1421.72412109375, 1983.333984375
1451.49755859375, 1430.0230712890625, 1983.333984375
1459.2564697265625, 1438.2965087890625, 1983.333984375
1467.104248046875, 1446.6007080078125, 1983.333984375
1474.812744140625, 1454.874267578125, 1983.333984375
1482.720947265625, 1463.318359375, 1983.333984375
1490.37646484375, 1471.591796875, 1983.333984375
1498.0050048828125, 1479.8651123046875, 1983.333984375
1505.606201171875, 1488.13818359375, 1983.333984375
1513.179443359375, 1496.4111328125, 1983.333984375
1520.7242431640625, 1504.683837890625, 1983.333984375
1528.2401123046875, 1512.9569091796875, 1983.333984375
1535.836181640625, 1521.2755126953125, 1983.333984375
1543.2919921875, 1529.548583984375, 1983.333984375
1550.71728515625, 1537.8212890625, 1983.333984375
1558.43701171875, 1546.3621826171875, 1983.333984375
1565.79833984375, 1554.634765625, 1983.333984375
1573.12744140625, 1562.9068603515625, 1983.333984375
1580.4239501953125, 1571.1785888671875, 1983.333984375
1587.7940673828125, 1579.5386962890625, 1907.7166748046875
1595.0233154296875, 1587.8101806640625, 1716.627197265625
1602.2186279296875, 1596.0814208984375, 1411.99755859375
1609.3792724609375, 1604.3521728515625, 995.5647583007812
1616.5047607421875, 1612.6224365234375, 468.9653015136719
1623.5947265625, 1620.892578125, 775.7537841796875
1630.6485595703125, 1629.1622314453125, 928.083740234375
1637.6658935546875, 1629.2723388671875, 921.30908203125
1644.646240234375, 1629.2724609375, 1713.7813720703125
1651.5889892578125, 1637.4500732421875, 1983.333984375
1658.49365234375, 1645.7191162109375, 1983.333984375
1665.35986328125, 1653.99853515625, 1983.333984375
1672.287353515625, 1662.3975830078125, 1983.333984375
1679.0745849609375, 1670.6668701171875, 1925.5013427734375
1685.822021484375, 1678.9364013671875, 1696.40283203125
1692.529052734375, 1687.2052001953125, 1282.04541015625
1699.390625, 1695.637451171875, 726.6764526367188
1706.014404296875, 1703.906494140625, 952.891845703125
1712.5963134765625, 1712.1751708984375, 974.7928466796875
1719.135986328125, 1720.4439697265625, 797.7333374023438
1725.633056640625, 1728.3909912109375, 463.6260986328125
1732.0870361328125, 1728.39111328125, 878.4911499023438
1738.5914306640625, 1728.391357421875, 1081.407958984375
1744.9571533203125, 1728.3914794921875, 1983.333984375
1751.2784423828125, 1728.814208984375, 1983.333984375
1757.6468505859375, 1737.2135009765625, 1983.333984375
1763.8773193359375, 1745.489013671875, 1983.333984375
1770.06201171875, 1753.7574462890625, 1983.333984375
1776.2005615234375, 1762.030517578125, 1983.333984375
1782.2926025390625, 1770.299072265625, 1983.333984375
1788.3375244140625, 1778.5765380859375, 1983.333984375
1794.4228515625, 1786.93505859375, 1820.6800537109375
1800.371826171875, 1795.2042236328125, 1400.6617431640625
1806.2725830078125, 1803.47314453125, 725.6986083984375
1812.2103271484375, 1811.782958984375, 760.06298828125
1818.0125732421875, 1820.0596923828125, 512.6329956054688
1823.849609375, 1827.5098876953125, 89.91532135009766
1829.5517578125, 1827.5101318359375, 333.69525146484375
1835.369140625, 1827.5101318359375, 296.3011779785156
1840.968994140625, 1827.5103759765625, 901.6774291992188
1846.5177001953125, 1828.629638671875, 1983.333984375
1852.014892578125, 1836.9071044921875, 1983.333984375
1857.46044921875, 1845.1756591796875, 1983.333984375
1862.8536376953125, 1853.4444580078125, 1983.333984375
1868.1943359375, 1861.7127685546875, 1705.8416748046875
1873.482177734375, 1869.9989013671875, 1099.0924072265625
1878.7166748046875, 1878.26806640625, 1116.447998046875
1883.9732666015625, 1886.5797119140625, 784.3711547851562
1889.0992431640625, 1894.8487548828125, 118.44170379638672
1894.2449951171875, 1903.14697265625, -386.3701171875
1899.2611083984375, 1911.416015625, -1199.048095703125
1904.3673095703125, 1919.8447265625, -2390.455078125
1909.271240234375, 1926.62890625, -911.1891479492188
1914.1195068359375, 1925.837158203125, -1686.5693359375
1918.91162109375, 1916.94287109375, -856.7981567382812
1923.6473388671875, 1892.2783203125, 1856.2772216796875
1928.3262939453125, 1887.88818359375, 1983.333984375
1933.0157470703125, 1885.899658203125, 1983.333984375
1937.5794677734375, 1894.1683349609375, 1983.333984375
1942.0853271484375, 1902.4552001953125, 1983.333984375
1946.5982666015625, 1910.752685546875, 1983.333984375
1951.051025390625, 1919.155029296875, 1983.333984375
1955.3802490234375, 1927.424072265625, 1983.333984375
1959.650634765625, 1935.6929931640625, 1983.333984375
1963.923095703125, 1944.053955078125, 1983.333984375
1968.0738525390625, 1952.32275390625, 1983.333984375
1972.224365234375, 1960.634033203125, 1983.333984375
1976.2542724609375, 1968.90283203125, 1805.8291015625
1980.2237548828125, 1977.1712646484375, 1145.2252197265625
1984.132568359375, 1985.4395751953125, 962.6878662109375
1988.03662109375, 1993.840576171875, 282.12884521484375
1991.877685546875, 1999.958251953125, -136.42611694335938
1995.60107421875, 1999.95849609375, -107.86656951904297
1999.262939453125, 1998.743896484375, -20.410003662109375
2002.8626708984375, 1994.3594970703125, 976.4340209960938
2006.4002685546875, 1991.19873046875, 1747.9742431640625
2009.87548828125, 1991.19873046875, 1983.333984375
2013.2879638671875, 1993.54345703125, 1983.333984375
2016.7349853515625, 2001.96923828125, 1983.333984375
2020.01953125, 2010.2373046875, 1983.333984375
2023.2406005859375, 2018.505126953125, 1506.677001953125
2026.3980712890625, 2026.7728271484375, 469.01611328125
2029.4918212890625, 2035.04052734375, -166.7935333251953
2032.521484375, 2043.3079833984375, -854.8589477539062
2035.5299072265625, 2051.63330078125, -2134.557861328125
2038.429931640625, 2059.90966796875, -1103.962158203125
2041.306396484375, 2068.198486328125, -3605.856689453125
2044.075927734375, 2076.48583984375, -3734.41015625
2046.819580078125, 2084.8134765625, -4549.04541015625
2049.457763671875, 2090.317626953125, -5583.44140625
2052.068115234375, 2080.364990234375, -5103.84619140625
2054.64697265625, 2050.539794921875, -1031.6656494140625
2057.085693359375, 1992.1435546875, 1806.025146484375
2061.7646484375, 1962.947998046875, 1983.333984375
2064.0048828125, 1947.50341796875, 1983.333984375
2066.1787109375, 1964.0369873046875, 1983.333984375
2070.326416015625, 1972.3038330078125, 1983.333984375
2072.30029296875, 1980.5791015625, 1983.333984375
2074.234375, 1988.9320068359375, 1983.333984375
2076.072998046875, 2005.4658203125, 1983.333984375
2079.548095703125, 2013.7327880859375, 1983.333984375
2081.208251953125, 2022.1373291015625, 1983.333984375
2082.77587890625, 2030.404541015625, 1983.333984375
2084.276123046875, 2046.9385986328125, 1983.333984375
2087.07275390625, 2055.22119140625, 1983.333984375
2088.3876953125, 2063.556884765625, 1983.333984375
2089.632568359375, 2071.856689453125, 1983.333984375
2090.80712890625, 2088.471435546875, 1087.824951171875
2092.916259765625, 2096.73876953125, 625.2504272460938
2093.8818359375, 2105.03515625, -143.1982879638672
2094.77685546875, 2109.667236328125, -1319.0396728515625
2095.58984375, 2103.24609375, -1175.0362548828125
2097.02880859375, 2098.8623046875, -804.8800659179688
2097.634033203125, 2094.478515625, -380.0816345214844
2098.170166015625, 2087.767822265625, 246.3636016845703
2099.036376953125, 2087.767822265625, 605.0294799804688
2099.366455078125, 2091.683837890625, 1023.2958984375
2099.82177734375, 2099.97314453125, 978.0927124023438
2099.9453125, 2108.304443359375, -4.1310272216796875
2099.997802734375, 2124.8447265625, -905.4883422851562
2099.893798828125, 2133.135498046875, -1209.0809326171875
2099.73291015625, 2141.5595703125, -2588.04443359375
2099.506591796875, 2149.82666015625, -4870.07763671875
2099.21142578125, 2166.36083984375, -5132.7841796875
2098.41455078125, 2174.627685546875, -7000.0
2097.905029296875, 2182.934326171875, -7000.0
2097.333740234375, 2186.88671875, -7000.0
2096.68359375, 2142.119873046875, -5913.6943359375
2095.1953125, 2112.90576171875, -4297.3701171875
2094.348388671875, 2054.323486328125, -1315.578369140625
2092.4189453125, 2024.9654541015625, 1983.333984375
2091.3486328125, 2012.192138671875, 1983.333984375
2089.032958984375, 2020.459716796875, 1983.333984375
2087.75390625, 2028.7532958984375, 1983.333984375
2086.4248046875, 2045.288330078125, 1983.333984375
2083.562744140625, 2053.571044921875, 1983.333984375
2082.007080078125, 2061.863525390625, 1983.333984375
2080.381591796875, 2078.4580078125, 1064.2144775390625
2076.974365234375, 2086.736572265625, -83.03303527832031
2075.169677734375, 2095.0244140625, -1797.513916015625
2073.269775390625, 2103.32666015625, -1702.5897216796875
2071.271728515625, 2106.607666015625, -2314.117919921875
2069.262939453125, 2088.228271484375, -1021.5297241210938
2067.1875, 2059.030517578125, -13.635607719421387
2065.045166015625, 2029.81005859375, 1983.333984375
2062.83642578125, 2019.0986328125, 1983.333984375
2060.561279296875, 2019.0986328125, 1983.333984375
2058.22021484375, 2024.3533935546875, 1983.333984375
2055.81298828125, 2032.630615234375, 1983.333984375
2053.33984375, 2040.8983154296875, 1983.333984375
2050.76318359375, 2049.21826171875, 1139.091552734375
2048.118896484375, 2057.548828125, 26.016338348388672
2045.4473876953125, 2065.81689453125, -1785.5792236328125
2042.710693359375, 2074.08544921875, -1837.85009765625
2039.82568359375, 2082.49951171875, -3282.58251953125
2036.957275390625, 2090.767822265625, -5929.615234375
2034.0244140625, 2099.035888671875, -7000.0
2031.027099609375, 2107.31494140625, -7000.0
2027.9656982421875, 2115.5830078125, -7000.0
2024.84033203125, 2118.2177734375, -7000.0
2021.6038818359375, 2098.060302734375, -7000.0
2018.3021240234375, 2068.505615234375, -7000.0
2014.984375, 2039.3056640625, -6086.2734375
2011.6036376953125, 2010.10693359375, -2263.55078125
2008.1600341796875, 1980.908203125, 991.4583740234375
2004.6539306640625, 1951.6976318359375, 1983.333984375
2001.032470703125, 1943.19970703125, 1983.333984375
1997.34716796875, 1949.2088623046875, 1983.333984375
1993.6529541015625, 1957.4771728515625, 1983.333984375
1989.8970947265625, 1965.7452392578125, 1983.333984375
1986.080078125, 1974.0133056640625, 1983.333984375
1982.1444091796875, 1982.3109130859375, 945.7459716796875
1978.1461181640625, 1990.60205078125, -6.472222805023193
1974.1448974609375, 1998.870361328125, -2274.555908203125
1970.0233154296875, 2007.170654296875, -3004.0009765625
1965.83984375, 2015.4833984375, -5106.3740234375
1961.5950927734375, 2023.78466796875, -7000.0
1957.2891845703125, 2032.07861328125, -7000.0
1952.9862060546875, 2040.3470458984375, -7000.0
1948.559814453125, 2042.3187255859375, -7000.0
1944.0732421875, 2019.4757080078125, -7000.0
1939.593017578125, 1990.2735595703125, -7000.0
1935.0550537109375, 1961.0728759765625, -6280.77099609375
1930.4595947265625, 1931.8720703125, -2781.60595703125
1925.8067626953125, 1902.6170654296875, 34.07150650024414
1921.09716796875, 1873.378173828125, 1983.333984375
1916.119384765625, 1867.3011474609375, 1983.333984375
1911.29443359375, 1874.198486328125, 1983.333984375
1906.41357421875, 1882.4664306640625, 1983.333984375
1901.4771728515625, 1890.7340087890625, 1983.333984375
1896.4854736328125, 1899.001220703125, 676.6005859375
1891.43896484375, 1907.2684326171875, -648.6287231445312
1886.3380126953125, 1915.5355224609375, -3437.48779296875
1881.1827392578125, 1923.802490234375, -4796.76123046875
1875.9737548828125, 1932.0692138671875, -7000.0
1870.711181640625, 1940.3358154296875, -7000.0
1865.3170166015625, 1948.640625, -7000.0
1859.9478759765625, 1956.9072265625, -7000.0
1854.5263671875, 1965.173828125, -7000.0
1848.9720458984375, 1966.420654296875, -7000.0
1843.4461669921875, 1941.478271484375, -7000.0
1837.78662109375, 1911.8173828125, -7000.0
1832.157958984375, 1882.623046875, -7000.0
1826.4788818359375, 1853.4287109375, -6387.86962890625
1820.749755859375, 1824.1693115234375, -3113.501220703125
1814.970947265625, 1794.97607421875, -215.2304229736328
1808.970703125, 1765.218017578125, 1983.333984375
1803.09228515625, 1758.2978515625, 1983.333984375
1797.1654052734375, 1765.2808837890625, 1983.333984375
1791.1905517578125, 1773.5469970703125, 1983.333984375
1785.1680908203125, 1781.81298828125, 1331.1689453125
1778.82958984375, 1790.3626708984375, -33.075584411621094
1772.7109375, 1798.6287841796875, -2477.853515625
1766.546142578125, 1806.89404296875, -3625.57763671875
1760.335205078125, 1815.158447265625, -6372.5478515625
1754.0789794921875, 1823.4227294921875, -7000.0
1747.777587890625, 1831.6864013671875, -7000.0
1741.4315185546875, 1839.949951171875, -7000.0
1735.041259765625, 1848.2137451171875, -7000.0
1728.5123291015625, 1856.566650390625, -7000.0
1722.034423828125, 1856.9736328125, -7000.0
1715.41748046875, 1829.009033203125, -7000.0
1708.8536376953125, 1799.8280029296875, -7000.0
1702.2479248046875, 1770.6466064453125, -7000.0
1695.6005859375, 1741.4664306640625, -7000.0
1688.912353515625, 1712.2861328125, -5979.1884765625
1682.1834716796875, 1683.1058349609375, -2438.8017578125
1675.3145751953125, 1653.8033447265625, 130.90284729003906
1668.405029296875, 1624.530029296875, 1983.333984375
1661.5560302734375, 1623.617431640625, 1983.333984375
1654.5667724609375, 1631.6715087890625, 1983.333984375
1647.5382080078125, 1640.0283203125, 1810.4801025390625
1640.4708251953125, 1648.353515625, 839.4736938476562
1633.46826171875, 1656.617431640625, -1332.3721923828125
1626.428955078125, 1664.881103515625, -2257.51220703125
1619.2491455078125, 1673.174072265625, -4970.66357421875
1612.1373291015625, 1681.438232421875, -7000.0
1604.884765625, 1689.7457275390625, -7000.0
1597.702392578125, 1698.009765625, -7000.0
1590.3792724609375, 1706.35498046875, -7000.0
1583.1282958984375, 1714.6224365234375, -7000.0
1575.736572265625, 1722.740234375, -7000.0
1568.4189453125, 1721.840576171875, -7000.0
1561.0692138671875, 1692.6573486328125, -7000.0
1553.5787353515625, 1663.2894287109375, -7000.0
1546.1654052734375, 1634.105224609375, -7000.0
1538.6116943359375, 1604.48388671875, -7000.0
1531.1368408203125, 1575.2999267578125, -7000.0
1523.6324462890625, 1546.1156005859375, -5877.63623046875
1516.0987548828125, 1516.9315185546875, -2333.664794921875
