1256.2359619140625, 1251.791748046875, 219.0092315673828
1248.0318603515625, 1243.600830078125, 417.5277099609375
1239.8175048828125, 1258.04443359375, -1183.2965087890625
1231.5936279296875, 1260.575927734375, -1110.4822998046875
1223.360595703125, 1258.1727294921875, -1709.8992919921875
1215.1190185546875, 1236.1011962890625, -3523.9990234375
1206.8695068359375, 1206.9229736328125, -2853.05859375
1198.6126708984375, 1195.4385986328125, -1846.785888671875
1190.34912109375, 1191.0592041015625, -1335.328857421875
1182.0792236328125, 1186.6795654296875, -1294.086669921875
1173.8037109375, 1182.300048828125, -1699.67431640625
1165.523193359375, 1177.9208984375, -2529.917724609375
1157.238037109375, 1173.5423583984375, -937.5859985351562
1148.948974609375, 1169.1650390625, -2696.642578125
1140.6566162109375, 1147.094970703125, -2788.7763671875
1132.361328125, 1135.621337890625, -2510.358154296875
1124.0638427734375, 1131.2447509765625, -2692.5283203125
1115.7647705078125, 1126.8677978515625, -3312.718505859375
1107.464599609375, 1122.4903564453125, -1523.1690673828125
1099.163818359375, 1118.1126708984375, -3097.132568359375
1090.8631591796875, 1096.036865234375, -3014.93701171875
1082.563232421875, 1084.565185546875, -2573.364501953125
1074.264404296875, 1080.1846923828125, -2602.060791015625
1065.96728515625, 1075.8035888671875, -3077.401123046875
1057.672607421875, 1071.4219970703125, -1150.831298828125
1049.380859375, 1067.040283203125, -2594.443359375
1041.092529296875, 1044.9569091796875, -2387.477783203125
1032.8082275390625, 1033.48779296875, -1826.5775146484375
1024.5286865234375, 1029.106201171875, -1740.04052734375
1016.2542724609375, 1024.7242431640625, -2103.74365234375
1007.985595703125, 1020.3427124023438, -2894.37158203125
999.7233276367188, 1015.9614868164062, -1263.5667724609375
991.4678955078125, 1011.580322265625, -2984.05517578125
983.2200317382812, 989.49072265625, -3034.687744140625
974.9801635742188, 978.0299682617188, -2714.223388671875
966.7489013671875, 973.6494750976562, -2850.51953125
958.5267944335938, 969.26904296875, -3419.718017578125
950.3145141601562, 964.888916015625, -1572.7852783203125
942.1124877929688, 960.5086669921875, -3081.84033203125
933.9213256835938, 938.414306640625, -2924.29052734375
925.7416381835938, 926.9595947265625, -2399.80126953125
917.573974609375, 922.5794677734375, -2335.01611328125
909.4188842773438, 918.1992797851562, -2705.50341796875
901.2769165039062, 913.8192749023438, -3488.01220703125
893.1486206054688, 909.4392700195312, -1834.14013671875
885.0345458984375, 905.059326171875, -3516.572021484375
876.9353637695312, 882.9589233398438, -3512.490966796875
868.8515014648438, 871.510498046875, -3123.556396484375
860.7835693359375, 867.1305541992188, -3176.155029296875
852.7321166992188, 862.7506713867188, -3646.317138671875
844.6976928710938, 858.3707275390625, -1684.9725341796875
836.680908203125, 853.9908447265625, -3064.171142578125
828.6821899414062, 831.885986328125, -2759.996337890625
820.7022094726562, 820.4415893554688, -2074.53125
812.7415161132812, 816.0616455078125, -1833.1456298828125
804.800537109375, 811.6817626953125, -2011.3861083984375
796.8799438476562, 807.3019409179688, -2585.9453125
788.980224609375, 802.9220581054688, -3534.604736328125
781.1019897460938, 798.5421142578125, -2009.950439453125
773.2456665039062, 794.1622314453125, -959.3900756835938
765.411865234375, 772.0477905273438, -1153.20947265625
757.60107421875, 742.878662109375, -185.89662170410156
749.81396484375, 731.4456787109375, 1139.1590576171875
742.0509033203125, 734.063232421875, 270.39837646484375
734.3125610351562, 740.6221923828125, -1242.7296142578125
726.5994262695312, 753.4661254882812, -911.7012329101562
718.9119873046875, 768.5321655273438, -3201.42578125
711.2507934570312, 783.4683837890625, -7000.0
703.6163940429688, 798.27490234375, -7000.0
696.0093383789062, 812.9514770507812, -7000.0
688.4300537109375, 827.5051879882812, -7000.0
680.8792114257812, 841.9317626953125, -7000.0
673.357177734375, 856.2357177734375, -7000.0
665.8645629882812, 870.4195556640625, -7000.0
658.40185546875, 884.4834594726562, -7000.0
650.9696044921875, 898.4274291992188, -7000.0
643.5682983398438, 912.2513427734375, -7000.0
636.1984252929688, 920.0921630859375, -7000.0
628.8604736328125, 900.764404296875, -7000.0
621.5549926757812, 871.594970703125, -7000.0
614.2825317382812, 842.4255981445312, -7000.0
607.0435180664062, 813.25634765625, -7000.0
599.8384399414062, 784.0870361328125, -7000.0
592.6678466796875, 754.9178466796875, -7000.0
585.5321655273438, 725.7489013671875, -7000.0
578.4320068359375, 696.5800170898438, -7000.0
571.3677368164062, 667.4113159179688, -7000.0
564.3399047851562, 638.2427978515625, -7000.0
557.3489990234375, 609.0746459960938, -7000.0
550.3954467773438, 579.9066162109375, -6682.90087890625
543.4797973632812, 550.7388916015625, -3834.615478515625
536.6024780273438, 521.5715942382812, -1403.7137451171875
529.7639770507812, 492.4048156738281, 981.4900512695312
522.9647827148438, 480.99652099609375, 1983.333984375
516.205322265625, 492.22625732421875, 1983.333984375
509.486083984375, 509.5262756347656, 877.3551635742188
502.8075256347656, 526.6766967773438, -1379.666748046875
496.1701354980469, 543.6846923828125, -3404.06787109375
489.5743713378906, 560.545654296875, -7000.0
483.0206298828125, 577.2639770507812, -7000.0
476.5094299316406, 593.835205078125, -7000.0
470.0411682128906, 610.2638549804688, -7000.0
463.6163330078125, 626.5526123046875, -7000.0
457.2353210449219, 642.7012939453125, -7000.0
450.89862060546875, 658.710205078125, -7000.0
444.60662841796875, 674.5862426757812, -7000.0
438.35980224609375, 684.455078125, -7000.0
432.1585693359375, 665.6718139648438, -7000.0
426.00335693359375, 636.503662109375, -7000.0
419.8945617675781, 607.3355712890625, -7000.0
413.8326416015625, 578.1678466796875, -7000.0
407.8179931640625, 549.000244140625, -7000.0
401.8510437011719, 519.8330078125, -7000.0
395.9322204589844, 490.6661682128906, -7000.0
390.0618896484375, 461.49981689453125, -7000.0
384.2404479980469, 432.3340759277344, -7000.0
378.4683532714844, 403.16802978515625, -6130.14404296875
372.7459716796875, 374.00396728515625, -2620.32763671875
367.0736999511719, 344.841064453125, -1105.04833984375
361.4519348144531, 315.67962646484375, 1983.333984375
355.88104248046875, 307.91650390625, 1983.333984375
350.3614196777344, 321.6437072753906, 1983.333984375
344.8934631347656, 340.4026184082031, 291.4862365722656
339.4775390625, 359.0025939941406, -1436.626220703125
334.114013671875, 377.443359375, -2976.899169921875
328.8032531738281, 395.7253723144531, -7000.0
323.5456237792969, 413.8543395996094, -7000.0
318.34149169921875, 431.8285827636719, -7000.0
313.1912536621094, 449.6483459472656, -7000.0
308.0951843261719, 467.3183288574219, -7000.0
303.0537109375, 484.8313903808594, -7000.0
298.067138671875, 502.1918029785156, -7000.0
293.13580322265625, 519.4095458984375, -7000.0
288.26007080078125, 530.6021118164062, -7000.0
283.4402770996094, 512.1578369140625, -7000.0
278.6767578125, 482.9914855957031, -7000.0
273.9698181152344, 453.8255920410156, -7000.0
269.3197937011719, 424.6602783203125, -7000.0
264.7270202636719, 395.4955749511719, -7000.0
260.1917724609375, 366.3318176269531, -7000.0
255.7144012451172, 337.16925048828125, -7000.0
251.2952117919922, 308.0072021484375, -7000.0
246.9344940185547, 278.8483581542969, -6951.98681640625
242.63255310058594, 249.6922607421875, -4060.353759765625
238.38967895507812, 220.5400848388672, -1286.7706298828125
234.2061767578125, 191.39364624023438, 1433.623779296875
230.08233642578125, 180.0413818359375, 1983.333984375
226.0184326171875, 193.15232849121094, 1983.333984375
222.01475524902344, 213.0024871826172, 690.5857543945312
218.07156372070312, 232.68630981445312, -490.214599609375
214.18914794921875, 252.20285034179688, -1464.93798828125
210.3677520751953, 271.5519714355469, -5043.89501953125
206.607666015625, 290.7391662597656, -7000.0
202.9091339111328, 309.76031494140625, -7000.0
199.2724151611328, 328.6195983886719, -7000.0
195.69775390625, 347.319580078125, -7000.0
192.18540954589844, 365.860107421875, -7000.0
188.73561096191406, 384.2412109375, -7000.0
185.34860229492188, 402.46990966796875, -7000.0
182.0246124267578, 414.6571350097656, -7000.0
178.76388549804688, 396.4623718261719, -7000.0
175.56661987304688, 367.2989807128906, -7000.0
172.43304443359375, 338.13665771484375, -7000.0
169.3634033203125, 308.97589111328125, -7000.0
166.3578643798828, 279.8169860839844, -7000.0
163.4166717529297, 250.6608123779297, -7000.0
160.5399932861328, 221.50851440429688, -7000.0
157.72805786132812, 192.36183166503906, -7000.0
154.98104858398438, 163.22381591796875, -4233.23681640625
152.29916381835938, 134.10009765625, -1399.630859375
149.68255615234375, 105.0025634765625, 1472.5518798828125
147.13143920898438, 93.69952392578125, 1983.333984375
144.64598083496094, 107.3262710571289, 1983.333984375
142.22634887695312, 127.87958526611328, 1229.8194580078125
139.87269592285156, 148.27197265625, -1131.5438232421875
137.585205078125, 168.49447631835938, -1253.7935791015625
135.36402893066406, 188.5505828857422, -3922.05859375
133.20932006835938, 208.44137573242188, -7000.0
131.12123107910156, 228.16543579101562, -7000.0
129.0998992919922, 247.72183227539062, -7000.0
127.14545440673828, 267.110107421875, -7000.0
125.25804901123047, 286.3369140625, -7000.0
123.43779754638672, 305.397705078125, -7000.0
121.68484497070312, 324.29656982421875, -7000.0
119.9992904663086, 337.1460266113281, -7000.0
118.38127136230469, 319.1112365722656, -7000.0
116.83087921142578, 289.9520263671875, -7000.0
115.34823608398438, 260.79510498046875, -7000.0
113.93343353271484, 231.64161682128906, -7000.0
112.58657836914062, 202.49281311035156, -7000.0
111.30775451660156, 173.351318359375, -7000.0
110.09705352783203, 144.2217254638672, -7000.0
108.95455932617188, 115.11304473876953, -3984.667236328125
107.88035583496094, 86.04652404785156, -730.8231811523438
106.87451171875, 57.08656692504883, 1983.333984375
105.93708801269531, 45.914974212646484, 1983.333984375
105.06816864013672, 59.726810455322266, 1983.333984375
104.26779174804688, 80.58325958251953, 1983.333984375
103.5360336303711, 101.32352447509766, 764.96142578125
102.8729248046875, 121.92373657226562, -912.4873046875
102.27852630615234, 142.36346435546875, -2091.839599609375
101.75287628173828, 162.63417053222656, -5595.669921875
101.29600524902344, 182.7390899658203, -7000.0
100.90794372558594, 202.6787567138672, -7000.0
100.5887222290039, 222.45184326171875, -7000.0
100.33837127685547, 242.0574951171875, -7000.0
100.15689086914062, 261.4950866699219, -7000.0
100.04430389404297, 280.77142333984375, -7000.0
100.00061798095703, 293.9858093261719, -7000.0
100.02583312988281, 276.0256652832031, -7000.0
100.11994934082031, 246.87051391601562, -7000.0
100.28296661376953, 217.71810913085938, -7000.0
100.51486206054688, 188.57273864746094, -7000.0
100.81562042236328, 159.43629455566406, -7000.0
101.18522644042969, 130.31507873535156, -6617.708984375
101.6236572265625, 101.2225341796875, -2865.989501953125
102.13087463378906, 72.19322204589844, -680.4603271484375
102.70685577392578, 43.354393005371094, 1983.333984375
103.35154724121094, 40.22111129760742, 1983.333984375
104.06490325927734, 57.12496566772461, 1983.333984375
104.84689331054688, 77.99574279785156, 1983.333984375
105.69744873046875, 98.7603530883789, 362.0838317871094
106.61650848388672, 119.37960815429688, -575.0352783203125
107.60401916503906, 139.8375244140625, -872.1983032226562
108.659912109375, 160.13424682617188, -3360.046630859375
109.78410339355469, 180.26107788085938, -7000.0
110.97653198242188, 200.22012329101562, -7000.0
112.23709869384766, 220.01272583007812, -7000.0
113.56572723388672, 239.63796997070312, -7000.0
114.96232604980469, 259.09521484375, -7000.0
116.42679595947266, 278.3912353515625, -7000.0
117.95903778076172, 291.61932373046875, -7000.0
119.55894470214844, 273.6349792480469, -7000.0
121.22640228271484, 244.47903442382812, -7000.0
122.9613037109375, 215.32814025878906, -7000.0
124.76351928710938, 186.183349609375, -7000.0
126.6329345703125, 157.0467987060547, -6769.92724609375
128.56942749023438, 127.92731475830078, -2991.25634765625
130.57284545898438, 98.838134765625, -582.72119140625
132.64305114746094, 69.81719970703125, 1983.333984375
134.77992248535156, 67.16351318359375, 1983.333984375
136.98329162597656, 84.25777435302734, 1983.333984375
139.25302124023438, 104.97308349609375, 1983.333984375
141.5889434814453, 125.54505920410156, 1422.030517578125
143.99090576171875, 145.95645141601562, -214.67506408691406
146.458740234375, 166.1978759765625, -1930.49462890625
148.99227905273438, 186.27337646484375, -2744.36669921875
151.59133911132812, 206.1834716796875, -5500.791015625
154.25575256347656, 225.92681884765625, -7000.0
156.98533630371094, 245.50259399414062, -7000.0
159.77987670898438, 264.91021728515625, -7000.0
162.63922119140625, 284.1565856933594, -7000.0
165.56314086914062, 303.2368469238281, -7000.0
168.5514373779297, 316.2466735839844, -7000.0
171.6039276123047, 298.1725158691406, -7000.0
174.7203826904297, 269.013916015625, -7000.0
177.9005889892578, 239.85939025878906, -7000.0
181.1443328857422, 210.70924377441406, -6679.07421875
184.45138549804688, 181.5654296875, -2657.339111328125
187.821533203125, 152.4318389892578, 191.12510681152344
191.2545166015625, 123.3158950805664, 1983.333984375
194.7501220703125, 124.11682891845703, 1983.333984375
198.30810546875, 142.2605438232422, 1983.333984375
201.92820739746094, 162.53575134277344, 1983.333984375
205.61019897460938, 182.64248657226562, 1983.333984375
209.3538055419922, 202.58116149902344, 424.6641540527344
213.15879821777344, 222.3534393310547, -122.02733612060547
217.02487182617188, 241.9593505859375, -2444.10693359375
220.95179748535156, 261.3966064453125, -3600.1630859375
224.93930053710938, 280.67254638671875, -6449.0693359375
228.98709106445312, 299.78253173828125, -7000.0
233.0948944091797, 318.7306823730469, -7000.0
237.26242065429688, 337.51971435546875, -7000.0
241.48941040039062, 356.1493225097656, -7000.0
245.77554321289062, 368.69683837890625, -7000.0
250.1205291748047, 350.46282958984375, -7000.0
254.52407836914062, 321.30157470703125, -7000.0
258.98590087890625, 292.1419677734375, -7000.0
263.5056457519531, 262.98480224609375, -3239.39501953125
268.0830383300781, 233.8307647705078, -421.32568359375
272.7177429199219, 204.6814422607422, 1983.333984375
277.4094543457031, 202.2914276123047, 1983.333984375
282.1578674316406, 218.75125122070312, 1983.333984375
286.96258544921875, 238.384521484375, 1983.333984375
291.8233642578125, 257.8504943847656, 1983.333984375
296.73980712890625, 277.15570068359375, 1958.9658203125
301.71160888671875, 296.2950744628906, 332.2288513183594
306.7384033203125, 315.2729187011719, -139.02389526367188
311.81988525390625, 334.0917053222656, -2159.634521484375
316.95562744140625, 352.7439270019531, -2800.40966796875
322.1453552246094, 371.24114990234375, -4932.611328125
327.388671875, 389.5816650390625, -7000.0
332.6852111816406, 407.7626037597656, -7000.0
338.0346374511719, 425.7839050292969, -7000.0
343.4365539550781, 437.73162841796875, -7000.0
348.890625, 419.3084411621094, -7000.0
354.39642333984375, 390.1442565917969, -7000.0
359.95361328125, 360.98095703125, -3420.282958984375
365.561767578125, 331.8188781738281, -560.298095703125
371.2205505371094, 302.6583251953125, 1983.333984375
376.9295349121094, 298.77044677734375, 1983.333984375
382.6883544921875, 314.07098388671875, 1983.333984375
388.49658203125, 332.8985900878906, 1983.333984375
394.3538513183594, 351.5673522949219, 1983.333984375
400.2597351074219, 370.0769348144531, 1983.333984375
406.2138366699219, 388.4271240234375, 1858.496337890625
412.2157287597656, 406.617919921875, 362.1963195800781
418.2650146484375, 424.64910888671875, -1471.1910400390625
424.36126708984375, 442.5278625488281, -2957.681640625
430.50408935546875, 460.2568664550781, -2869.849853515625
436.6930236816406, 477.83612060546875, -4090.218505859375
442.92767333984375, 495.2655944824219, -6530.97900390625
449.2076110839844, 512.5452270507812, -7000.0
455.5323791503906, 523.7486572265625, -7000.0
461.90155029296875, 505.09716796875, -7000.0
468.3146667480469, 475.930908203125, -4176.49658203125
474.7713317871094, 446.76507568359375, -243.08843994140625
481.2710876464844, 417.5998840332031, 1983.333984375
487.8134460449219, 406.3772888183594, 1983.333984375
494.39801025390625, 418.2321472167969, 1983.333984375
501.0242919921875, 436.16998291015625, 1983.333984375
507.69183349609375, 453.9511413574219, 1983.333984375
514.4002075195312, 471.5799865722656, 1983.333984375
521.14892578125, 489.05914306640625, 1983.333984375
527.9375, 506.38861083984375, 1983.333984375
534.7655029296875, 523.5682983398438, 1234.369873046875
541.6325073242188, 540.5980834960938, 318.33209228515625
548.5379028320312, 557.4853515625, -203.75985717773438
555.4813232421875, 574.2254028320312, -1821.0614013671875
562.4622802734375, 590.8228759765625, -1631.934814453125
569.4802856445312, 607.2804565429688, -2532.68701171875
576.5348510742188, 617.6668701171875, -3769.6796875
583.6254272460938, 598.7700805664062, -1970.4498291015625
590.7516479492188, 569.6024780273438, -395.79693603515625
597.9129028320312, 540.4351806640625, 1983.333984375
605.1087646484375, 536.1495361328125, 1983.333984375
612.3387451171875, 549.8328247070312, 1983.333984375
619.602294921875, 566.642333984375, 1983.333984375
626.8989868164062, 583.309326171875, 1983.333984375
634.228271484375, 599.8292846679688, 1983.333984375
641.589599609375, 616.2073364257812, 1983.333984375
648.9826049804688, 632.4448852539062, 1951.2506103515625
656.4066162109375, 648.543212890625, 943.6824951171875
663.8612060546875, 664.5081787109375, -29.87327766418457
671.3458251953125, 680.3359985351562, -540.0733642578125
678.8599853515625, 696.02392578125, -1960.268798828125
686.4031982421875, 711.5790405273438, -1400.1923828125
693.9749145507812, 727.0042724609375, -1766.966064453125
701.5745849609375, 736.35595703125, -2315.851318359375
709.20166015625, 717.1529541015625, -2592.77880859375
716.855712890625, 687.9844360351562, 11.864273071289062
724.5361938476562, 676.7875366210938, 1983.333984375
732.2424926757812, 681.0497436523438, 1983.333984375
739.9741821289062, 694.4833984375, 1983.333984375
747.7306518554688, 710.0513916015625, 1983.333984375
755.5113525390625, 725.48681640625, 1983.333984375
763.3158569335938, 740.7918701171875, 1983.333984375
771.1434936523438, 755.9676513671875, 1915.73388671875
778.9938354492188, 771.0128784179688, 1042.7470703125
786.8662719726562, 785.92822265625, 364.01373291015625
794.7603149414062, 800.7135620117188, -1055.0380859375
802.6753540039062, 815.3689575195312, -1938.06396484375
810.6109008789062, 829.9015502929688, -3531.96533203125
818.56640625, 844.3142700195312, -2958.930908203125
826.541259765625, 858.5996704101562, -3136.785400390625
834.5349731445312, 866.82080078125, -3331.690673828125
842.5469970703125, 847.2869873046875, -3190.4697265625
850.5767211914062, 818.1177978515625, -18.430023193359375
858.6236572265625, 806.9364013671875, 1983.333984375
866.687255859375, 810.2846069335938, 1983.333984375
874.766845703125, 822.5698852539062, 1983.333984375
882.8619995117188, 837.0421752929688, 1983.333984375
890.97216796875, 851.3873901367188, 1983.333984375
899.0966796875, 865.6099243164062, 1983.333984375
907.2350463867188, 879.7125854492188, 1983.333984375
915.3866577148438, 893.6952514648438, 1983.333984375
923.551025390625, 907.5579833984375, 1983.333984375
931.7276000976562, 921.3007202148438, 1533.7139892578125
939.9157104492188, 934.9234619140625, 497.9154968261719
948.1148681640625, 948.4334716796875, -127.01060485839844
970.7147827148438, 998.0171508789062, -1175.1041259765625
987.1940307617188, 1007.1156005859375, -2879.21337890625
995.4456787109375, 1007.535888671875, -3601.757568359375
1003.7044677734375, 998.775634765625, -2631.618896484375
1020.2413940429688, 994.395751953125, -72.04674530029297
1028.518310546875, 989.6974487304688, 667.1188354492188
1045.0865478515625, 993.8932495117188, 1983.333984375
1053.3765869140625, 1002.2344970703125, 1983.333984375
1061.6697998046875, 1027.979736328125, 1983.333984375
1078.2637939453125, 1040.6876220703125, 1983.333984375
1086.563232421875, 1053.290283203125, 1983.333984375
1094.8636474609375, 1078.1761474609375, 1439.582763671875
1111.46484375, 1090.458984375, 1983.333984375
1119.7646484375, 1114.7095947265625, 809.666015625
1136.3594970703125, 1126.677490234375, 534.4541015625
1144.6534423828125, 1138.540283203125, 818.2616577148438
1152.9443359375, 1161.9656982421875, -114.34053802490234
1169.5145263671875, 1169.6519775390625, -482.9457702636719
1177.792724609375, 1173.734130859375, -590.4107055664062
1194.33251953125, 1173.8040771484375, 492.06427001953125
1202.5928955078125, 1179.337158203125, 497.7890930175781
1219.092041015625, 1190.74951171875, 1983.333984375
1227.3294677734375, 1213.2894287109375, 1420.2686767578125
1243.777587890625, 1224.412109375, 1983.333984375
1251.987060546875, 1235.439453125, 1983.333984375
1260.1861572265625, 1257.209716796875, 830.1417846679688
1276.550537109375, 1267.957275390625, 567.7130126953125
1284.7147216796875, 1289.1824951171875, 32.684486389160156
1301.00439453125, 1299.659912109375, -46.32803726196289
1309.1287841796875, 1308.1029052734375, -217.7179412841797
1325.3336181640625, 1309.8182373046875, 405.64373779296875
1333.4130859375, 1315.805419921875, 1168.0843505859375
1349.523193359375, 1326.0526123046875, 1983.333984375
1357.552734375, 1336.2100830078125, 1983.333984375
1365.564453125, 1356.2593994140625, 1289.21728515625
1381.5325927734375, 1366.15673828125, 1876.314453125
1389.48779296875, 1385.696533203125, 900.8355102539062
1405.337890625, 1395.338623046875, 920.6290893554688
1413.231689453125, 1412.7532958984375, 912.5836791992188
1428.953857421875, 1421.0135498046875, 853.9149780273438
1436.78125, 1425.355224609375, 1197.151611328125
1444.58544921875, 1437.5340576171875, 609.3824462890625
1460.1220703125, 1445.794189453125, 1297.0106201171875
1467.8533935546875, 1454.05419921875, 1889.7647705078125
1475.5594482421875, 1470.574462890625, 1149.15283203125
1490.893310546875, 1478.8345947265625, 1550.1768798828125
1498.52001953125, 1495.354736328125, 722.46337890625
1513.690673828125, 1503.6148681640625, 917.9815673828125
1521.2335205078125, 1520.13525390625, 945.721435546875
1536.231689453125, 1528.3953857421875, 873.856201171875
1543.685791015625, 1532.733642578125, 1162.2532958984375
1551.1094970703125, 1544.916015625, 527.3250122070312
1565.863037109375, 1553.1761474609375, 1031.62646484375
1573.19189453125, 1561.4361572265625, 1404.1732177734375
1580.4881591796875, 1577.9564208984375, 547.6529541015625
1594.9808349609375, 1586.216552734375, 602.1050415039062
1602.17626953125, 1602.7369384765625, 550.8623046875
1616.462890625, 1610.9969482421875, 1169.836181640625
1623.5531005859375, 1627.517333984375, 895.4848022460938
1637.6246337890625, 1631.852294921875, 590.3497314453125
1644.605224609375, 1635.778564453125, 1076.9825439453125
1658.453125, 1644.0386962890625, 1751.9041748046875
1665.319580078125, 1652.298828125, 1983.333984375
1672.1470947265625, 1668.8192138671875, 1143.5885009765625
1685.6834716796875, 1677.079345703125, 1150.2496337890625
1692.3912353515625, 1685.3394775390625, 978.9557495117188
1699.058349609375, 1701.86279296875, 780.662353515625
1712.26806640625, 1710.1229248046875, 1008.4814453125
1718.8099365234375, 1726.643310546875, 520.987548828125
1731.7652587890625, 1730.970947265625, 607.3035888671875
1738.1778564453125, 1730.9713134765625, 1000.58251953125
1750.8707275390625, 1730.9713134765625, 1983.333984375
1757.1500244140625, 1730.971435546875, 1983.333984375
1763.3841552734375, 1743.1654052734375, 1983.333984375
1775.7147216796875, 1751.425537109375, 1983.333984375
1781.8104248046875, 1759.6856689453125, 1983.333984375
1787.859130859375, 1776.2059326171875, 1620.2020263671875
1799.81396484375, 1784.466064453125, 1983.333984375
1805.71923828125, 1800.986328125, 1224.24755859375
1817.383544921875, 1809.2464599609375, 1173.955078125
1823.1417236328125, 1825.766845703125, 976.4175415039062
1834.5081787109375, 1834.0269775390625, 1004.5046997070312
1840.11572265625, 1838.349853515625, 236.2002410888672
1845.67236328125, 1838.35009765625, 654.8729858398438
1856.630859375, 1842.288330078125, 1343.5096435546875
1862.0321044921875, 1850.54833984375, 1670.5233154296875
1867.3809814453125, 1867.068603515625, 674.2657470703125
1877.91943359375, 1875.3287353515625, 959.0818481445312
1883.1085205078125, 1891.8492431640625, 422.46453857421875
1893.3243408203125, 1900.1094970703125, -353.0843811035156
1898.3504638671875, 1916.6297607421875, -872.0753173828125
1908.2374267578125, 1924.8900146484375, -2214.283935546875
1913.097412109375, 1933.150146484375, -1052.240966796875
1917.9014892578125, 1935.378662109375, -1490.27587890625
1927.3402099609375, 1919.16748046875, -458.09222412109375
1931.9742431640625, 1901.8289794921875, 1983.333984375
1936.5509033203125, 1903.482421875, 1983.333984375
1945.531005859375, 1911.742431640625, 1983.333984375
1949.933837890625, 1928.262939453125, 1983.333984375
1958.5634765625, 1936.5230712890625, 1983.333984375
1962.7896728515625, 1953.0433349609375, 1511.44091796875
1971.0635986328125, 1961.3035888671875, 1633.1566162109375
1975.110595703125, 1969.5638427734375, 1266.6334228515625
1979.097412109375, 1986.0841064453125, 815.2127685546875
1986.888916015625, 1994.3443603515625, -56.280948638916016
1990.693115234375, 1998.6583251953125, -444.6992492675781
1994.4359130859375, 1996.5657958984375, -34.731590270996094
2001.7364501953125, 1992.185791015625, 1082.72412109375
2005.293701171875, 1985.5189208984375, 1229.8990478515625
2012.220703125, 1985.5189208984375, 1983.333984375
2015.590087890625, 1997.72705078125, 1976.0538330078125
2022.1392822265625, 2005.9871826171875, 1983.333984375
2025.3187255859375, 2022.5074462890625, 1114.7530517578125
2031.486083984375, 2030.767578125, 1163.906494140625
2034.4736328125, 2039.0277099609375, 607.212646484375
2037.396728515625, 2055.548095703125, -449.9722595214844
2043.0489501953125, 2063.808349609375, -2282.69775390625
2045.7777099609375, 2072.068359375, -1830.544189453125
2048.44140625, 2084.637451171875, -3300.537353515625
2053.572265625, 2070.6826171875, -1746.7503662109375
2056.039306640625, 2037.131103515625, -67.55518341064453
2060.775634765625, 2007.96044921875, 1983.333984375
2063.04443359375, 1992.3216552734375, 1983.333984375
2067.383056640625, 2000.581787109375, 1983.333984375
2069.452392578125, 2017.1019287109375, 1983.333984375
2073.390625, 2025.362060546875, 1983.333984375
2075.25927734375, 2033.6221923828125, 1983.333984375
2077.060791015625, 2050.142578125, 1983.333984375
2080.46142578125, 2058.40283203125, 1983.333984375
2082.060302734375, 2066.662841796875, 1983.333984375
2083.591796875, 2083.183349609375, 977.5409545898438
2086.451171875, 2091.443603515625, 380.5418395996094
2087.779052734375, 2104.007568359375, -57.183807373046875
2090.230224609375, 2104.0078125, -1109.9144287109375
2091.353515625, 2101.909423828125, -1741.296630859375
2092.40869140625, 2093.1494140625, -1186.6221923828125
2094.3134765625, 2088.76904296875, -469.3322448730469
2095.163330078125, 2084.38916015625, 810.62109375
2095.9443359375, 2082.10791015625, 631.9578247070312
2097.30078125, 2082.10791015625, 1420.4703369140625
2097.875732421875, 2094.3271484375, 622.5661010742188
2098.81982421875, 2102.58740234375, 183.58045959472656
2099.1884765625, 2119.107666015625, -455.4765319824219
2099.719482421875, 2127.36767578125, -3075.770263671875
2099.881591796875, 2143.88818359375, -2103.93359375
2099.999267578125, 2152.1484375, -4619.47900390625
2099.954833984375, 2160.408447265625, -7000.0
2099.84130859375, 2176.928955078125, -7000.0
2099.40771484375, 2181.226806640625, -7000.0
2099.087646484375, 2167.23291015625, -7000.0
2098.69873046875, 2108.890625, -3896.941650390625
2097.714599609375, 2079.719970703125, -1121.5032958984375
2097.119140625, 2050.54931640625, 1983.333984375
2096.455322265625, 2034.962890625, 1983.333984375
2094.92138671875, 2043.222900390625, 1983.333984375
2094.0517578125, 2059.7431640625, 1983.333984375
2092.106689453125, 2068.00341796875, 1983.333984375
2091.03173828125, 2084.52392578125, 1326.5682373046875
2088.6767578125, 2092.7841796875, 813.404541015625
2087.397216796875, 2109.304443359375, -468.73406982421875
2084.6337890625, 2117.564697265625, -866.7339477539062
2083.150146484375, 2125.82470703125, -2359.938232421875
2081.59912109375, 2116.103759765625, -880.1721801757812
2078.293701171875, 2086.933349609375, -1303.8150634765625
2076.5400390625, 2040.5037841796875, 835.5819091796875
2072.83056640625, 2036.1236572265625, 1983.333984375
2070.87548828125, 2037.8179931640625, 1983.333984375
2066.764404296875, 2046.0780029296875, 1983.333984375
2064.60888671875, 2054.337890625, 1983.333984375
2062.38671875, 2070.858154296875, 469.3608703613281
2057.743896484375, 2079.118408203125, -1479.365966796875
2055.323486328125, 2087.378662109375, -1726.721435546875
2052.837158203125, 2103.89892578125, -1226.143310546875
2047.66796875, 2112.1591796875, -5198.28466796875
2044.9852294921875, 2128.6796875, -6391.43017578125
2039.4246826171875, 2132.96728515625, -7000.0
2036.547119140625, 2089.76611328125, -6359.173828125
2030.598876953125, 2060.595458984375, -6126.9384765625
2027.5284423828125, 2031.4249267578125, -2919.305419921875
2024.39404296875, 1973.083740234375, 174.75430297851562
2017.9344482421875, 1943.9130859375, 1983.333984375
2014.6097412109375, 1928.7794189453125, 1983.333984375
2011.221923828125, 1941.0142822265625, 1983.333984375
2004.2581787109375, 1949.2742919921875, 1983.333984375
2000.6827392578125, 1965.794921875, 1983.333984375
1993.345947265625, 1974.0550537109375, 1983.333984375
1989.5850830078125, 1990.575439453125, 897.2938842773438
1981.8797607421875, 1998.8355712890625, -567.471435546875
1977.9359130859375, 2007.0958251953125, -3355.68017578125
1973.931396484375, 2023.6162109375, -2695.027587890625
1965.7421875, 2027.8980712890625, -6326.7744140625
1961.5579833984375, 2013.8475341796875, -7000.0
1957.3143310546875, 1955.5064697265625, -3210.615966796875
1948.6502685546875, 1926.3359375, -473.5594482421875
1944.2303466796875, 1882.0498046875, 1983.333984375
1935.21630859375, 1882.0498046875, 1983.333984375
1930.622802734375, 1894.2904052734375, 1983.333984375
1921.264404296875, 1902.5504150390625, 1983.333984375
1916.5001220703125, 1919.0706787109375, 806.7086181640625
1906.80322265625, 1927.330810546875, -1062.6142578125
1901.8712158203125, 1935.591064453125, -1521.99462890625
1896.884033203125, 1952.1114501953125, -1270.3544921875
1886.7451171875, 1960.3717041015625, -6286.458984375
1881.5941162109375, 1968.6318359375, -7000.0
1876.389404296875, 1981.16845703125, -7000.0
1865.8197021484375, 1967.098876953125, -7000.0
1860.4554443359375, 1908.7579345703125, -6078.20458984375
1849.5703125, 1879.58740234375, -5863.091796875
1844.050048828125, 1821.2462158203125, -929.3551025390625
1832.8560791015625, 1792.0755615234375, 1983.333984375
1827.1832275390625, 1762.9049072265625, 1983.333984375
1821.460205078125, 1760.0572509765625, 1983.333984375
1809.865478515625, 1768.3172607421875, 1983.333984375
1803.9945068359375, 1776.5772705078125, 1983.333984375
1798.0750732421875, 1793.09765625, 1238.5045166015625
1786.09228515625, 1801.3577880859375, -50.70891571044922
1780.02978515625, 1817.8780517578125, -1704.68017578125
1767.7646484375, 1826.1383056640625, -4953.9736328125
1761.5628662109375, 1842.6585693359375, -6011.24658203125
1749.02294921875, 1846.9296875, -7000.0
1742.6856689453125, 1832.8414306640625, -7000.0
1736.3040771484375, 1774.500244140625, -5500.1640625
1723.409912109375, 1745.3297119140625, -4387.80029296875
1716.898193359375, 1716.159423828125, -3564.210205078125
1710.3438720703125, 1669.7958984375, -556.459716796875
1697.1097412109375, 1665.4158935546875, 1983.333984375
1690.4306640625, 1662.763916015625, 1983.333984375
1676.9510498046875, 1671.0240478515625, 1642.24755859375
1670.1512451171875, 1687.5439453125, 576.1167602539062
1656.4344482421875, 1695.803955078125, -3439.056640625
1649.518310546875, 1712.3243408203125, -3525.7412109375
1635.572998046875, 1720.58447265625, -7000.0
1628.544677734375, 1728.8446044921875, -7000.0
1621.47998046875, 1745.364990234375, -7000.0
1607.2432861328125, 1753.625244140625, -7000.0
1600.072265625, 1757.8907470703125, -7000.0
1592.86669921875, 1714.6119384765625, -7000.0
1578.3543701171875, 1685.441650390625, -7000.0
1571.048583984375, 1627.1005859375, -6522.22509765625
1556.3399658203125, 1597.93017578125, -7000.0
1548.938232421875, 1568.7596435546875, -5572.92333984375
1541.505615234375, 1510.418701171875, -3006.446533203125
1526.549560546875, 1481.2481689453125, 1407.6103515625
1519.027099609375, 1464.0753173828125, 1983.333984375
1511.4759521484375, 1474.0728759765625, 1983.333984375
1496.2889404296875, 1482.332763671875, 1983.333984375
1488.6541748046875, 1498.852783203125, 369.49200439453125
1473.304931640625, 1507.1129150390625, -2999.3251953125
1465.5914306640625, 1523.63330078125, -2835.73779296875
1450.0894775390625, 1531.893310546875, -7000.0
1442.302001953125, 1548.4140625, -7000.0
1426.6568603515625, 1556.6741943359375, -7000.0
1418.80029296875, 1560.93310546875, -7000.0
1410.9217529296875, 1517.632080078125, -7000.0
1395.100830078125, 1488.4617919921875, -7000.0
1387.15966796875, 1459.2913818359375, -7000.0
1379.19873046875, 1400.9505615234375, -4559.853515625
1363.2196044921875, 1371.7802734375, -1966.7239990234375
1355.2025146484375, 1313.439453125, 294.5342712402344
1339.1163330078125, 1284.269287109375, 1983.333984375
1331.048095703125, 1276.8369140625, 1983.333984375
1314.86474609375, 1287.4130859375, 1983.333984375
1306.75048828125, 1297.8994140625, 1722.6046142578125
1298.6220703125, 1318.6021728515625, 271.18316650390625
1282.3245849609375, 1328.823486328125, -1719.53564453125
1274.15673828125, 1338.9599609375, -5705.77587890625
1265.9769287109375, 1358.9677734375, -7000.0
1249.58349609375, 1368.84423828125, -7000.0
1241.37109375, 1388.3421630859375, -7000.0
1224.91748046875, 1393.9901123046875, -7000.0
1216.677490234375, 1351.3834228515625, -7000.0
1200.174072265625, 1322.213134765625, -7000.0
1191.91162109375, 1293.04296875, -7000.0
1183.6429443359375, 1234.7025146484375, -6237.078125
1167.0887451171875, 1205.5323486328125, -6980.603515625
1158.804443359375, 1176.3621826171875, -5296.7119140625
1150.51611328125, 1118.0220947265625, -2664.126953125
1133.9295654296875, 1088.8519287109375, 1248.897216796875
1125.6324462890625, 1075.4654541015625, 1983.333984375
1109.0335693359375, 1087.771728515625, 1983.333984375
1100.73291015625, 1112.0595703125, 811.9534912109375
1084.132080078125, 1124.0511474609375, -3279.56982421875
1075.8330078125, 1135.9425048828125, -6651.001953125
1067.5355224609375, 1159.4107666015625, -7000.0
1050.947998046875, 1170.9921875, -7000.0
1042.658935546875, 1193.860107421875, -7000.0
1026.0933837890625, 1205.151611328125, -7000.0
1017.8179321289062, 1199.7054443359375, -7000.0
1001.2846069335938, 1170.535400390625, -7000.0
993.0278930664062, 1141.3653564453125, -7000.0
984.7785034179688, 1083.025390625, -7000.0
968.3041381835938, 1053.8553466796875, -7000.0
960.080322265625, 995.5154418945312, -5343.25732421875
943.662109375, 966.3456420898438, -4328.26318359375
935.4688720703125, 908.006103515625, -2032.160400390625
919.116943359375, 878.8364868164062, 1094.944091796875
910.9594116210938, 866.3588256835938, 1983.333984375
894.6840209960938, 880.455078125, 1929.587646484375
886.5672607421875, 894.42626953125, 306.314697265625
878.4651489257812, 922.0138549804688, -1692.9642333984375
862.307373046875, 935.6353759765625, -6656.88818359375
854.2528076171875, 949.1369018554688, -7000.0
846.215087890625, 975.7947998046875, -7000.0
830.1928100585938, 988.951171875, -7000.0
822.209228515625, 1014.9340209960938, -7000.0
806.3001098632812, 1023.7696533203125, -7000.0
798.3756103515625, 1011.916259765625, -7000.0
790.471923828125, 953.5770874023438, -7000.0
774.72900390625, 924.4075317382812, -7000.0
766.8909301757812, 895.2379150390625, -7000.0
759.0758056640625, 836.89794921875, -7000.0
743.5164794921875, 807.7285766601562, -7000.0
735.7734375, 778.5594482421875, -7000.0
728.0554809570312, 749.3903198242188, -5747.79296875
720.3631591796875, 691.0523071289062, -3274.85498046875
705.0574340820312, 661.8837280273438, 975.9027709960938
697.4451904296875, 640.4129638671875, 1983.333984375
682.3043212890625, 641.9971923828125, 1983.333984375
674.77685546875, 653.8181762695312, 1983.333984375
667.2786254882812, 669.7386474609375, 755.8515014648438
659.8102416992188, 701.1654052734375, -1140.2982177734375
644.9649658203125, 716.676513671875, -5946.91943359375
637.589111328125, 747.2987060546875, -7000.0
622.9334716796875, 762.4149780273438, -7000.0
615.6546630859375, 777.4012451171875, -7000.0
608.4093017578125, 806.9892578125, -7000.0
594.0206298828125, 821.5955810546875, -7000.0
586.8783569335938, 821.0370483398438, -7000.0
572.7003173828125, 791.8681030273438, -7000.0
565.6655883789062, 762.6991577148438, -7000.0
558.6676025390625, 704.3615112304688, -7000.0
544.7841186523438, 675.1928100585938, -7000.0
537.8995361328125, 646.0243530273438, -7000.0
531.0536499023438, 587.6869506835938, -6555.99560546875
517.47998046875, 558.5191650390625, -7000.0
510.75311279296875, 500.184814453125, -2710.123046875
497.421630859375, 471.0182800292969, -592.1690063476562
490.8179626464844, 429.00555419921875, 942.1676025390625
477.7369689941406, 433.2602233886719, 1983.333984375
471.26055908203125, 444.11968994140625, 1983.333984375
464.8274841308594, 479.39794921875, 8.764190673828125
