1935.8687744140625, 1933.7869873046875, 249.31910705566406
1940.396484375, 1938.4273681640625, 473.3193054199219
1944.8662109375, 1943.0159912109375, 672.7636108398438
1949.27783203125, 1951.25439453125, 421.50555419921875
1953.630859375, 1959.5029296875, -265.26824951171875
1957.925048828125, 1967.75244140625, -874.296630859375
1962.1602783203125, 1968.8212890625, -1091.440673828125
1966.3359375, 1965.0093994140625, -383.8274841308594
1970.4520263671875, 1960.6240234375, 763.9219970703125
1974.508056640625, 1956.2464599609375, 1878.573974609375
1978.5037841796875, 1955.668212890625, 1983.333984375
1982.4390869140625, 1962.85009765625, 1983.333984375
1986.3135986328125, 1971.11279296875, 1983.333984375
1990.126953125, 1979.3751220703125, 1983.333984375
1993.8790283203125, 1987.63671875, 1672.060791015625
1997.5694580078125, 1995.8984375, 855.5138549804688
2001.1981201171875, 2004.1595458984375, 493.4962463378906
2004.7646484375, 2012.4200439453125, -385.8991394042969
2008.268798828125, 2020.6796875, -1266.184326171875
2011.71044921875, 2028.9385986328125, -2652.60302734375
2015.0892333984375, 2037.197021484375, -1701.2542724609375
2018.4049072265625, 2045.4547119140625, -1362.6112060546875
2021.657470703125, 2053.71240234375, -1613.4010009765625
2024.8463134765625, 2054.786376953125, -1609.41552734375
2027.9715576171875, 2029.414306640625, -1170.8365478515625
2031.0328369140625, 2000.2403564453125, 1495.0169677734375
2034.030029296875, 1992.627197265625, 1983.333984375
2036.9627685546875, 1999.2376708984375, 1983.333984375
2039.8310546875, 2007.4945068359375, 1983.333984375
2042.634521484375, 2015.751708984375, 1983.333984375
2045.373046875, 2024.00927734375, 1983.333984375
2048.04638671875, 2032.267333984375, 1983.333984375
2050.654541015625, 2040.5255126953125, 1983.333984375
2053.197021484375, 2048.783935546875, 1470.842529296875
2055.673828125, 2057.042724609375, 322.24468994140625
2058.0849609375, 2065.301513671875, -496.0586853027344
2060.429931640625, 2073.560302734375, -1452.7454833984375
2062.708740234375, 2081.819580078125, -3046.016845703125
2064.921142578125, 2090.078857421875, -2425.3935546875
2067.067138671875, 2091.151123046875, -1712.8323974609375
2069.146728515625, 2065.767578125, -719.1304931640625
2071.1591796875, 2036.5963134765625, 1983.333984375
2073.10498046875, 2028.9986572265625, 1983.333984375
2074.983642578125, 2035.6181640625, 1983.333984375
2076.794921875, 2043.8780517578125, 1983.333984375
2078.539306640625, 2052.137939453125, 1983.333984375
2080.2158203125, 2060.39794921875, 1983.333984375
2081.8251953125, 2068.65771484375, 1983.333984375
2083.36669921875, 2076.917724609375, 1703.5364990234375
2084.84033203125, 2085.177978515625, 661.0760498046875
2086.246337890625, 2093.43798828125, -171.59832763671875
2087.58447265625, 2101.6982421875, -1257.0272216796875
2088.854248046875, 2109.958740234375, -3088.1962890625
2090.05615234375, 2118.21875, -2809.30859375
2091.189697265625, 2126.47900390625, -3359.940185546875
2092.2548828125, 2127.5478515625, -3883.4033203125
2093.251953125, 2102.150146484375, -1359.9449462890625
2094.180419921875, 2072.979736328125, 1157.9345703125
2095.040283203125, 2043.80908203125, 1983.333984375
2095.831787109375, 2040.0386962890625, 1983.333984375
2096.554443359375, 2047.2314453125, 1983.333984375
2097.208740234375, 2055.491455078125, 1983.333984375
2097.7939453125, 2063.75146484375, 1983.333984375
2098.310791015625, 2072.01220703125, 1983.333984375
2098.758544921875, 2080.272216796875, 1983.333984375
2099.1376953125, 2088.532470703125, 1983.333984375
2099.447998046875, 2096.792236328125, 1269.470458984375
2099.689208984375, 2105.052490234375, 615.6837158203125
2099.86181640625, 2113.31298828125, -433.1931457519531
2099.96533203125, 2121.572998046875, -2363.11279296875
2100.0, 2129.833251953125, -2311.62451171875
2099.9658203125, 2138.093505859375, -3211.95654296875
2099.862548828125, 2139.15771484375, -4200.80322265625
2099.690673828125, 2113.743896484375, -2251.39697265625
2099.44970703125, 2084.573486328125, -412.7330017089844
2099.139892578125, 2055.40283203125, 1983.333984375
2098.761474609375, 2051.648681640625, 1983.333984375
2098.31396484375, 2058.845947265625, 1983.333984375
2097.7978515625, 2067.10595703125, 1983.333984375
2097.212890625, 2075.3662109375, 1983.333984375
2096.55908203125, 2083.626220703125, 1983.333984375
2095.8369140625, 2091.886474609375, 1417.642333984375
2095.0458984375, 2100.146484375, 786.4837036132812
2094.186279296875, 2108.40673828125, -359.0036926269531
2093.25830078125, 2116.6669921875, -2498.7548828125
2092.261962890625, 2124.927001953125, -2764.6025390625
2091.197021484375, 2133.187255859375, -4084.370849609375
2090.06396484375, 2141.447509765625, -6413.1318359375
2088.862548828125, 2149.707763671875, -7000.0
2087.59326171875, 2150.767822265625, -7000.0
2086.255615234375, 2125.33837890625, -7000.0
2084.85009765625, 2096.16796875, -4597.6650390625
2083.376953125, 2066.997314453125, -1971.8817138671875
2081.835693359375, 2037.8267822265625, 1983.333984375
2080.22705078125, 2030.2701416015625, 1983.333984375
2078.55078125, 2036.9111328125, 1983.333984375
2076.80712890625, 2045.171142578125, 1983.333984375
2074.99609375, 2053.431396484375, 1983.333984375
2073.117919921875, 2061.69140625, 1983.333984375
2071.172607421875, 2069.95166015625, 1105.17626953125
2069.160400390625, 2078.211669921875, 37.413089752197266
2067.08154296875, 2086.471923828125, -1662.4149169921875
2064.93603515625, 2094.732177734375, -1641.8546142578125
2062.723876953125, 2102.9921875, -2820.802734375
2060.445556640625, 2111.2529296875, -5146.9404296875
2058.10107421875, 2119.512939453125, -7000.0
2055.6904296875, 2127.773193359375, -7000.0
2053.214111328125, 2128.827880859375, -7000.0
2050.671875, 2103.38037109375, -7000.0
2048.064208984375, 2074.209716796875, -6294.7275390625
2045.391357421875, 2045.0390625, -2592.22119140625
2042.6533203125, 2015.86865234375, 626.1193237304688
2039.8502197265625, 1986.697998046875, 1983.333984375
2036.982421875, 1982.9793701171875, 1983.333984375
2034.0501708984375, 1990.1866455078125, 1983.333984375
2031.053466796875, 1998.4466552734375, 1983.333984375
2027.9925537109375, 2006.706787109375, 1983.333984375
2024.8677978515625, 2014.9669189453125, 1983.333984375
2021.67919921875, 2023.22705078125, 788.0579223632812
2018.42724609375, 2031.4873046875, -225.0531005859375
2015.1119384765625, 2039.7474365234375, -2512.25537109375
2011.7335205078125, 2048.007568359375, -3190.83154296875
2008.2923583984375, 2056.267822265625, -5174.587890625
2004.78857421875, 2064.52783203125, -7000.0
2001.2225341796875, 2072.7880859375, -7000.0
1997.59423828125, 2081.04833984375, -7000.0
1993.9041748046875, 2082.09814453125, -7000.0
1990.152587890625, 2056.632568359375, -7000.0
1986.339599609375, 2027.4620361328125, -7000.0
1982.465576171875, 1998.2913818359375, -5113.96142578125
1978.53076171875, 1969.1207275390625, -3260.419189453125
1974.5352783203125, 1939.9503173828125, 883.7163696289062
1970.4796142578125, 1932.4254150390625, 1983.333984375
1966.364013671875, 1931.869873046875, 1983.333984375
1962.188720703125, 1939.08251953125, 1983.333984375
1957.9539794921875, 1947.3426513671875, 1983.333984375
1953.66015625, 1955.602783203125, 742.62548828125
1949.3074951171875, 1963.8629150390625, -439.6330261230469
1944.8963623046875, 1972.1229248046875, -3012.939453125
1940.4268798828125, 1980.383056640625, -4088.16943359375
1935.899658203125, 1988.643310546875, -6573.0849609375
1931.314697265625, 1996.9034423828125, -7000.0
1926.672607421875, 2005.1636962890625, -7000.0
1921.973388671875, 2013.423828125, -7000.0
1917.2176513671875, 2021.6839599609375, -7000.0
1912.405517578125, 2029.9442138671875, -7000.0
1907.5374755859375, 2030.9886474609375, -7000.0
1902.61376953125, 2005.5050048828125, -7000.0
1897.634765625, 1976.33447265625, -7000.0
1892.600830078125, 1947.1639404296875, -7000.0
1887.51220703125, 1917.9921875, -6791.423828125
1882.369384765625, 1888.8216552734375, -3843.488037109375
1877.1727294921875, 1859.6510009765625, -1125.5709228515625
1871.92236328125, 1830.48046875, 1983.333984375
1866.618896484375, 1822.9732666015625, 1983.333984375
1861.2625732421875, 1829.6392822265625, 1983.333984375
1855.8538818359375, 1837.8992919921875, 1983.333984375
1850.39306640625, 1846.159423828125, 1449.3138427734375
1844.8804931640625, 1854.4195556640625, 307.5672607421875
1839.316650390625, 1862.679931640625, -1861.43310546875
1833.7017822265625, 1870.9404296875, -2683.6865234375
1828.0364990234375, 1879.20068359375, -5058.521484375
1822.3209228515625, 1887.4608154296875, -7000.0
1816.5556640625, 1895.7213134765625, -7000.0
1810.740966796875, 1903.9814453125, -7000.0
1804.8773193359375, 1912.24169921875, -7000.0
1798.9652099609375, 1920.501708984375, -7000.0
1793.0047607421875, 1921.5396728515625, -7000.0
1786.9967041015625, 1896.03271484375, -7000.0
1780.9412841796875, 1866.8623046875, -7000.0
1774.8388671875, 1837.6917724609375, -7000.0
1768.68994140625, 1808.521240234375, -7000.0
1762.4951171875, 1779.3494873046875, -5232.5859375
1756.2545166015625, 1750.178955078125, -929.4052124023438
1749.9686279296875, 1721.0084228515625, 1511.7166748046875
1743.6380615234375, 1691.837890625, 1983.333984375
1737.26318359375, 1695.4073486328125, 1983.333984375
1730.84423828125, 1703.66748046875, 1983.333984375
1724.3819580078125, 1711.9273681640625, 1983.333984375
1717.8765869140625, 1720.1876220703125, 699.7359008789062
1711.3287353515625, 1728.447998046875, -774.5426635742188
1704.7386474609375, 1736.708251953125, -1048.6728515625
1698.1070556640625, 1744.9683837890625, -3013.38232421875
1691.43408203125, 1753.2286376953125, -6588.8642578125
1684.720458984375, 1761.489013671875, -7000.0
1677.9664306640625, 1769.7491455078125, -7000.0
1671.1727294921875, 1778.0093994140625, -7000.0
1664.339599609375, 1786.2694091796875, -7000.0
1657.467529296875, 1787.301025390625, -7000.0
1650.55712890625, 1761.772216796875, -7000.0
1643.6087646484375, 1732.6015625, -7000.0
1636.6229248046875, 1703.43115234375, -7000.0
1629.6002197265625, 1674.2606201171875, -7000.0
1622.5408935546875, 1645.090087890625, -5884.873046875
1615.445556640625, 1615.919677734375, -2299.18701171875
1608.3148193359375, 1586.7491455078125, 305.6944885253906
1601.14892578125, 1557.57861328125, 1983.333984375
1593.9486083984375, 1553.9444580078125, 1983.333984375
1586.7142333984375, 1561.175537109375, 1983.333984375
1579.4462890625, 1569.435546875, 1983.333984375
1572.1453857421875, 1577.6954345703125, 328.49542236328125
1564.8118896484375, 1585.95556640625, -1588.3485107421875
1557.4462890625, 1594.2156982421875, -2371.6708984375
1550.04931640625, 1602.4757080078125, -4907.6943359375
1542.6212158203125, 1610.7359619140625, -7000.0
1535.1627197265625, 1618.99609375, -7000.0
1527.6741943359375, 1627.2562255859375, -7000.0
1520.1561279296875, 1635.5164794921875, -7000.0
1512.6092529296875, 1643.7764892578125, -7000.0
1505.0338134765625, 1652.036865234375, -7000.0
1497.4305419921875, 1653.0626220703125, -7000.0
1489.7999267578125, 1627.5128173828125, -7000.0
1482.142333984375, 1598.3424072265625, -7000.0
1474.45849609375, 1569.171875, -7000.0
1466.7489013671875, 1540.0015869140625, -7000.0
1459.013916015625, 1510.8310546875, -7000.0
1451.2542724609375, 1481.6607666015625, -6784.71826171875
1443.4703369140625, 1452.4903564453125, -4132.4560546875
1435.662841796875, 1423.31982421875, -1994.2178955078125
1427.8321533203125, 1394.149658203125, 880.5428466796875
1419.97900390625, 1386.699462890625, 1983.333984375
1412.1036376953125, 1394.60400390625, 1983.333984375
1404.206787109375, 1403.735595703125, 918.164306640625
1396.2890625, 1412.0946044921875, -417.8439025878906
1388.3509521484375, 1420.3546142578125, -3540.878662109375
1380.392822265625, 1428.61474609375, -5537.630859375
1372.41552734375, 1436.8748779296875, -7000.0
1364.4193115234375, 1445.135009765625, -7000.0
1356.405029296875, 1453.3951416015625, -7000.0
1348.3729248046875, 1461.6552734375, -7000.0
1340.3238525390625, 1469.915283203125, -7000.0
1332.2581787109375, 1478.1754150390625, -7000.0
1324.1763916015625, 1486.435546875, -7000.0
1316.079345703125, 1487.455078125, -7000.0
1307.96728515625, 1461.8834228515625, -7000.0
1299.8409423828125, 1432.7130126953125, -7000.0
1291.7008056640625, 1403.5428466796875, -7000.0
1283.5474853515625, 1374.3726806640625, -7000.0
1275.3814697265625, 1345.2021484375, -7000.0
1267.203369140625, 1316.0318603515625, -7000.0
1259.0137939453125, 1286.8616943359375, -6492.27197265625
1250.813232421875, 1257.69140625, -3610.104736328125
1242.602294921875, 1228.521240234375, -1299.6575927734375
1234.3814697265625, 1199.3509521484375, 1503.7239990234375
1226.1514892578125, 1191.92041015625, 1983.333984375
1217.912841796875, 1201.2998046875, 1983.333984375
1209.6658935546875, 1212.5220947265625, 299.30206298828125
1201.4114990234375, 1223.653076171875, -1742.921142578125
1193.150146484375, 1234.6854248046875, -3064.89013671875
1184.88232421875, 1245.6263427734375, -6519.14501953125
1176.608642578125, 1256.4688720703125, -7000.0
1168.3297119140625, 1267.2200927734375, -7000.0
1160.046142578125, 1277.881103515625, -7000.0
1151.75830078125, 1288.4522705078125, -7000.0
1143.467041015625, 1298.933349609375, -7000.0
1135.172607421875, 1309.3245849609375, -7000.0
1126.8758544921875, 1319.6258544921875, -7000.0
1118.5772705078125, 1322.651611328125, -7000.0
1110.27734375, 1297.3048095703125, -7000.0
1101.976806640625, 1268.1348876953125, -7000.0
1093.676025390625, 1238.9644775390625, -7000.0
1085.375732421875, 1209.79443359375, -7000.0
1077.076416015625, 1180.6243896484375, -7000.0
1068.77880859375, 1151.4541015625, -7000.0
1060.483154296875, 1122.2840576171875, -7000.0
1052.1903076171875, 1093.114013671875, -7000.0
1043.9007568359375, 1063.9439697265625, -5599.62109375
1035.6151123046875, 1034.774169921875, -1879.1593017578125
1027.3338623046875, 1005.604248046875, 183.33990478515625
1019.0576171875, 976.4344482421875, 1983.333984375
1010.7869873046875, 977.2483520507812, 1983.333984375
1002.5224609375, 989.3917846679688, 1910.73583984375
994.2646484375, 1002.4349365234375, 358.72210693359375
986.01416015625, 1015.3681030273438, -2500.9365234375
977.771484375, 1028.19140625, -4802.3017578125
969.5372314453125, 1040.9046630859375, -7000.0
961.31201171875, 1053.5081787109375, -7000.0
953.0963134765625, 1066.0015869140625, -7000.0
944.8907470703125, 1078.385009765625, -7000.0
936.6958618164062, 1090.667236328125, -7000.0
928.51220703125, 1102.840576171875, -7000.0
920.3403930664062, 1114.912841796875, -7000.0
912.1809692382812, 1126.8763427734375, -7000.0
904.0344848632812, 1131.546630859375, -7000.0
895.9014892578125, 1106.3760986328125, -7000.0
887.7825927734375, 1077.206298828125, -7000.0
879.6782836914062, 1048.036376953125, -7000.0
871.5891723632812, 1018.8665771484375, -7000.0
863.5157470703125, 989.6967163085938, -7000.0
855.4586791992188, 960.5269165039062, -7000.0
847.4183959960938, 931.3572387695312, -7000.0
839.3955688476562, 902.1876220703125, -7000.0
831.3906860351562, 873.0169067382812, -7000.0
823.404296875, 843.8474731445312, -5645.5634765625
815.43701171875, 814.6781005859375, -1932.3184814453125
807.4893188476562, 785.5088500976562, -53.39888381958008
799.561767578125, 756.3397216796875, 1983.333984375
791.6549072265625, 758.41357421875, 1983.333984375
783.769287109375, 772.3853759765625, 1498.73583984375
775.9054565429688, 787.291015625, -610.9656372070312
768.06396484375, 802.0667114257812, -1128.036376953125
760.245361328125, 816.7119750976562, -4190.21875
752.4501342773438, 831.236083984375, -7000.0
744.6788940429688, 845.6315307617188, -7000.0
736.93212890625, 859.9058227539062, -7000.0
729.2103271484375, 874.0601806640625, -7000.0
721.51416015625, 888.0945434570312, -7000.0
713.843994140625, 902.0088500976562, -7000.0
706.2005004882812, 915.80322265625, -7000.0
698.5841064453125, 929.4774780273438, -7000.0
690.995361328125, 935.8325805664062, -7000.0
683.434814453125, 910.8355102539062, -7000.0
675.9029541015625, 881.6660766601562, -7000.0
668.4003295898438, 852.4967041015625, -7000.0
660.9274291992188, 823.3274536132812, -7000.0
653.4848022460938, 794.1580810546875, -7000.0
646.0729370117188, 764.989013671875, -7000.0
638.6923217773438, 735.8189086914062, -7000.0
631.343505859375, 706.6500244140625, -7000.0
624.0269775390625, 677.4813232421875, -7000.0
616.7432861328125, 648.3129272460938, -6918.52880859375
609.4928588867188, 619.1445922851562, -4332.55859375
602.2761840820312, 589.9765625, -2189.533447265625
595.0938720703125, 560.8088989257812, 891.7702026367188
587.9463500976562, 553.444091796875, 1983.333984375
580.8340454101562, 560.4719848632812, 1983.333984375
573.757568359375, 576.2025756835938, 667.162109375
566.7173461914062, 592.7877197265625, -1831.5157470703125
559.7138671875, 609.2244262695312, -4061.82373046875
552.7476196289062, 625.5200805664062, -7000.0
545.8190307617188, 641.6758422851562, -7000.0
538.9287109375, 657.70068359375, -7000.0
532.0769653320312, 673.586669921875, -7000.0
525.264404296875, 689.3328247070312, -7000.0
518.491455078125, 704.94775390625, -7000.0
511.7585144042969, 720.4239501953125, -7000.0
505.0661315917969, 735.76904296875, -7000.0
498.4147644042969, 750.984130859375, -7000.0
491.8048095703125, 758.8627319335938, -7000.0
485.2367858886719, 734.0186157226562, -7000.0
478.71112060546875, 704.8499755859375, -7000.0
472.228271484375, 675.680419921875, -7000.0
465.7886657714844, 646.5120239257812, -7000.0
459.39276123046875, 617.34375, -7000.0
453.0409851074219, 588.1758422851562, -7000.0
446.7337951660156, 559.0081787109375, -7000.0
440.47161865234375, 529.8408203125, -7000.0
434.2548828125, 500.6739501953125, -7000.0
428.0840148925781, 471.507568359375, -7000.0
421.9594421386719, 442.34173583984375, -5636.30810546875
415.881591796875, 413.1766052246094, -1698.026611328125
409.85089111328125, 384.0124206542969, 221.6787567138672
403.86773681640625, 354.84930419921875, 1983.333984375
397.93255615234375, 360.4491271972656, 1983.333984375
392.04571533203125, 377.8963623046875, 1433.1055908203125
386.2076721191406, 396.1797180175781, -890.79443359375
380.4188232421875, 414.3050537109375, -1377.9053955078125
374.6795654296875, 432.2709045410156, -4553.986328125
368.9902648925781, 450.0859069824219, -7000.0
363.351318359375, 467.7513732910156, -7000.0
357.7631530761719, 485.26708984375, -7000.0
352.22613525390625, 502.6329650878906, -7000.0
346.7406005859375, 519.8490600585938, -7000.0
341.3070068359375, 536.915283203125, -7000.0
335.9256896972656, 553.8316650390625, -7000.0
330.59698486328125, 570.60693359375, -7000.0
325.3213195800781, 580.0200805664062, -7000.0
320.0990295410156, 555.3280029296875, -7000.0
314.93048095703125, 526.1610717773438, -7000.0
309.8160095214844, 496.9944152832031, -7000.0
304.7560119628906, 467.8282470703125, -7000.0
299.75079345703125, 438.66253662109375, -7000.0
294.8006896972656, 409.49755859375, -7000.0
289.9060974121094, 380.33343505859375, -7000.0
285.06732177734375, 351.1705322265625, -7000.0
280.28466796875, 322.0090026855469, -7000.0
275.55853271484375, 292.84930419921875, -5278.50439453125
270.8891906738281, 263.69219970703125, -839.1162719726562
266.2769470214844, 234.5384521484375, 630.6573486328125
261.7221984863281, 205.3895721435547, 1983.333984375
257.22515869140625, 219.35757446289062, 1983.333984375
252.78622436523438, 238.98370361328125, 1263.031005859375
248.40565490722656, 258.4512939453125, -1190.897705078125
244.08375549316406, 277.7521667480469, -1634.0445556640625
239.8208465576172, 296.8843688964844, -4733.41552734375
235.61720275878906, 315.8567199707031, -7000.0
231.4730987548828, 334.6699523925781, -7000.0
227.38885498046875, 353.32391357421875, -7000.0
223.36473083496094, 371.8185119628906, -7000.0
219.40101623535156, 390.15350341796875, -7000.0
215.4979705810547, 408.3289794921875, -7000.0
211.65586853027344, 426.34478759765625, -7000.0
207.87498474121094, 436.9904479980469, -7000.0
204.1555633544922, 412.4170227050781, -7000.0
200.49786376953125, 383.2532653808594, -7000.0
196.9021453857422, 354.09039306640625, -7000.0
193.36866760253906, 324.928955078125, -7000.0
189.89764404296875, 295.7691345214844, -7000.0
186.48931884765625, 266.6116943359375, -7000.0
183.14395141601562, 237.4575653076172, -7000.0
179.86175537109375, 208.30813598632812, -6549.91796875
176.64295959472656, 179.16566467285156, -3152.35546875
173.48779296875, 150.03428649902344, -1646.126953125
170.39645385742188, 120.92086791992188, 1798.8983154296875
167.36917114257812, 117.74627685546875, 1983.333984375
164.40614318847656, 135.8387451171875, 1983.333984375
161.50758361816406, 156.1642608642578, 1164.503662109375
158.67369079589844, 176.31884765625, -380.9098815917969
155.9046630859375, 196.30845642089844, -1629.773681640625
153.20068359375, 216.132080078125, -5396.3740234375
150.5619354248047, 235.7890167236328, -7000.0
147.9886016845703, 255.2781524658203, -7000.0
145.4808807373047, 274.6085205078125, -7000.0
143.03890991210938, 293.77069091796875, -7000.0
140.6628875732422, 312.77276611328125, -7000.0
138.35296630859375, 331.6069030761719, -7000.0
136.1092987060547, 350.28057861328125, -7000.0
133.9320526123047, 361.5697937011719, -7000.0
131.8213653564453, 337.0407409667969, -7000.0
129.7773895263672, 307.88055419921875, -7000.0
127.80026245117188, 278.7222595214844, -7000.0
125.89012145996094, 249.56695556640625, -7000.0
124.04710388183594, 220.4154052734375, -7000.0
122.27133178710938, 191.26966857910156, -7000.0
120.56292724609375, 162.1330108642578, -7000.0
118.92200469970703, 133.01138305664062, -4895.97802734375
117.34868621826172, 103.91631317138672, -2564.874267578125
115.84307098388672, 74.88215637207031, 869.5874633789062
114.40526580810547, 67.6534652709961, 1983.333984375
113.0353775024414, 78.33446502685547, 1983.333984375
111.73348999023438, 98.1318130493164, 1126.3123779296875
110.49969482421875, 118.74717712402344, -1233.6527099609375
109.33407592773438, 139.21200561523438, -1227.0576171875
108.23672485351562, 159.51051330566406, -3673.184326171875
107.20770263671875, 179.65452575683594, -7000.0
106.24708557128906, 199.61630249023438, -7000.0
105.35494232177734, 219.41067504882812, -7000.0
104.53133392333984, 239.03855895996094, -7000.0
103.77632141113281, 258.49774169921875, -7000.0
103.0899429321289, 277.7974548339844, -7000.0
102.47225952148438, 296.9295654296875, -7000.0
101.92330169677734, 315.9015808105469, -7000.0
101.443115234375, 327.4697570800781, -7000.0
101.03173828125, 302.925048828125, -7000.0
100.6891860961914, 273.7674560546875, -7000.0
100.41548919677734, 244.6127166748047, -7000.0
100.2106704711914, 215.46229553222656, -7000.0
100.07473754882812, 186.31788635253906, -7000.0
100.00770568847656, 157.18325805664062, -7000.0
100.00957489013672, 128.06512451171875, -6493.18115234375
100.08033752441406, 98.97811126708984, -2665.237548828125
100.22000885009766, 69.9609375, -451.4684753417969
100.42855834960938, 41.161712646484375, 1983.333984375
100.70598602294922, 45.6708869934082, 1983.333984375
101.0522689819336, 65.15125274658203, 1983.333984375
101.46737670898438, 85.9842529296875, 1335.2242431640625
101.95128631591797, 106.69287872314453, -642.1317749023438
102.50396728515625, 127.24954223632812, -2901.385009765625
103.12538146972656, 147.64181518554688, -4488.52734375
103.81547546386719, 167.87384033203125, -7000.0
104.57421112060547, 187.94155883789062, -7000.0
105.40153503417969, 207.83493041992188, -7000.0
106.29739379882812, 227.56039428710938, -7000.0
107.26171875, 247.11831665039062, -7000.0
108.29444122314453, 266.5169372558594, -7000.0
109.39550018310547, 285.7481994628906, -7000.0
110.56481170654297, 297.56903076171875, -7000.0
111.80229949951172, 273.0252990722656, -7000.0
113.10787200927734, 243.87091064453125, -7000.0
114.4814453125, 214.7206268310547, -7000.0
115.92292785644531, 185.57676696777344, -7000.0
117.43221282958984, 156.44247436523438, -7000.0
119.00920104980469, 127.32493591308594, -4233.83056640625
120.65377807617188, 98.23902893066406, -905.6343383789062
122.36583709716797, 69.22468566894531, 1983.333984375
124.145263671875, 62.053985595703125, 1983.333984375
125.9919204711914, 79.99769592285156, 1983.333984375
127.90569305419922, 100.7437515258789, 1983.333984375
129.88644409179688, 121.3431167602539, 561.7188110351562
131.9340362548828, 141.7813720703125, -55.86833572387695
134.04833984375, 162.0596466064453, -2724.943115234375
136.22918701171875, 182.16676330566406, -4488.583984375
138.4764404296875, 202.1077117919922, -7000.0
140.7899627685547, 221.88218688964844, -7000.0
143.1695556640625, 241.48934936523438, -7000.0
145.61509704589844, 260.9284973144531, -7000.0
148.1263885498047, 280.2081604003906, -7000.0
150.70326232910156, 299.32012939453125, -7000.0
153.34555053710938, 311.0246276855469, -7000.0
156.0530548095703, 286.43707275390625, -7000.0
158.8256072998047, 257.2811279296875, -7000.0
161.6630096435547, 228.12864685058594, -7000.0
164.56507873535156, 198.9814910888672, -7000.0
167.53158569335938, 169.84205627441406, -3554.637939453125
170.56234741210938, 140.7156219482422, -1304.0450439453125
173.6571502685547, 111.61237335205078, 1983.333984375
176.81576538085938, 108.88798522949219, 1983.333984375
180.0380096435547, 127.15187072753906, 1983.333984375
183.32363891601562, 147.54196166992188, 1983.333984375
186.67242431640625, 167.77166748046875, 1783.3814697265625
190.08413696289062, 187.83853149414062, 646.4487915039062
193.5585479736328, 207.73118591308594, -479.2030944824219
197.09542846679688, 227.45635986328125, -3402.86572265625
200.6945037841797, 247.01405334472656, -5181.81689453125
204.3555450439453, 266.4131774902344, -7000.0
208.07830810546875, 285.6441955566406, -7000.0
211.86251831054688, 304.71527099609375, -7000.0
215.7079315185547, 323.61846923828125, -7000.0
219.61427307128906, 342.3612976074219, -7000.0
223.58126831054688, 353.6903076171875, -7000.0
227.60865783691406, 329.03076171875, -7000.0
231.69615173339844, 299.87109375, -7000.0
235.84347534179688, 270.7135314941406, -7000.0
240.05035400390625, 241.55917358398438, -3469.810546875
244.31646728515625, 212.4090118408203, -927.21923828125
248.6415557861328, 183.26539611816406, 1983.333984375
253.02528381347656, 182.99020385742188, 1983.333984375
257.4673767089844, 201.04376220703125, 1983.333984375
261.967529296875, 220.8263702392578, 1983.333984375
266.52545166015625, 240.44235229492188, 1983.333984375
271.1407470703125, 259.89080810546875, 989.6798706054688
275.8132019042969, 279.1798400878906, -667.1950073242188
280.54241943359375, 298.3015441894531, -2143.071044921875
285.3280944824219, 317.2632141113281, -2342.009765625
290.169921875, 336.0657043457031, -4129.501953125
295.0675354003906, 354.7000427246094, -7000.0
300.0206298828125, 373.1737976074219, -7000.0
305.02880859375, 391.4969177246094, -7000.0
310.091796875, 409.6615905761719, -7000.0
315.2091979980469, 420.4063415527344, -7000.0
320.38067626953125, 395.65423583984375, -7000.0
325.6058654785156, 366.4910583496094, -7000.0
330.8844299316406, 337.3289794921875, -4039.12060546875
336.2159729003906, 308.16851806640625, -103.9753646850586
341.6001281738281, 279.010009765625, 1983.333984375
347.03656005859375, 271.8300476074219, 1983.333984375
352.5248718261719, 288.3559875488281, 1983.333984375
358.064697265625, 307.39715576171875, 1983.333984375
363.6556091308594, 326.278564453125, 1983.333984375
369.29730224609375, 345.001708984375, 1983.333984375
374.98931884765625, 363.5648498535156, 1107.0528564453125
380.7312927246094, 381.9687805175781, -215.03897094726562
386.5227966308594, 400.2131652832031, -1250.91455078125
392.3634948730469, 418.2979736328125, -3636.637451171875
398.2529602050781, 436.23193359375, -4455.58544921875
404.1907653808594, 454.0162353515625, -6589.654296875
410.176513671875, 471.64190673828125, -7000.0
416.20977783203125, 489.11663818359375, -7000.0
422.2901611328125, 499.17596435546875, -7000.0
428.4172668457031, 474.3197937011719, -7000.0
434.5906066894531, 445.1542663574219, -4512.99609375
440.809814453125, 415.9892883300781, -926.4382934570312
447.074462890625, 386.8251953125, 1983.333984375
453.3840637207031, 379.6592712402344, 1983.333984375
459.7382507324219, 395.3788146972656, 1983.333984375
466.13653564453125, 413.5122375488281, 1983.333984375
472.5784912109375, 431.48675537109375, 1983.333984375
479.0636901855469, 449.3106994628906, 1983.333984375
485.5916442871094, 466.97601318359375, 1983.333984375
492.1619567871094, 484.49066162109375, 793.417236328125
498.774169921875, 501.8554992675781, -608.7522583007812
505.4277648925781, 519.0704956054688, -1621.1805419921875
512.1223754882812, 536.14453125, -944.78564453125
518.857421875, 553.06982421875, -1468.6011962890625
525.632568359375, 569.8541259765625, -3111.86962890625
532.447265625, 586.48974609375, -5797.0625
539.3010864257812, 595.7127685546875, -7000.0
546.1935424804688, 570.7396240234375, -6114.68896484375
553.1241455078125, 541.5724487304688, -1142.05859375
560.0924682617188, 512.405517578125, 1983.333984375
567.0979614257812, 483.23907470703125, 1983.333984375
574.14013671875, 495.4368896484375, 1983.333984375
581.2185668945312, 512.711181640625, 1983.333984375
588.332763671875, 529.8358764648438, 1983.333984375
595.4822387695312, 546.8109130859375, 1983.333984375
602.6664428710938, 563.6449584960938, 1983.333984375
609.8848876953125, 580.33935546875, 1983.333984375
617.1371459960938, 596.8848876953125, 1983.333984375
624.4226684570312, 613.2894897460938, 1314.4078369140625
631.7409057617188, 629.5541381835938, 612.9378662109375
639.0914916992188, 645.6788330078125, -1041.9564208984375
646.4737548828125, 661.6636352539062, -2210.713623046875
653.8873291015625, 677.517333984375, -1460.80029296875
661.3316040039062, 685.9561767578125, -862.1240844726562
668.80615234375, 660.8756713867188, -766.7622680664062
676.3103637695312, 631.70751953125, 1983.333984375
683.8438110351562, 629.3473510742188, 1983.333984375
691.4058837890625, 643.7911987304688, 1983.333984375
698.9961547851562, 659.7955322265625, 1983.333984375
706.614013671875, 675.6600952148438, 1983.333984375
714.2589721679688, 691.3936767578125, 1983.333984375
721.9305419921875, 706.988525390625, 1841.49462890625
729.628173828125, 722.452392578125, 832.9932250976562
737.351318359375, 737.7862548828125, -39.081851959228516
745.0994262695312, 752.9813842773438, -421.87774658203125
752.8720092773438, 768.0453491210938, -1620.0389404296875
760.66845703125, 782.9882202148438, -3576.207275390625
768.4883422851562, 797.80224609375, -3408.796630859375
776.3310546875, 812.4863891601562, -4032.745361328125
784.196044921875, 819.760009765625, -4557.72509765625
792.0828247070312, 794.5320434570312, -1266.4659423828125
799.9908447265625, 765.3629760742188, 1064.3095703125
807.9194946289062, 736.1930541992188, 1983.333984375
815.8682861328125, 746.5107421875, 1983.333984375
823.836669921875, 761.63427734375, 1983.333984375
831.8240356445312, 776.6280517578125, 1983.333984375
839.8298950195312, 791.4918823242188, 1983.333984375
847.8536987304688, 806.225830078125, 1983.333984375
855.8948974609375, 820.8386840820312, 1983.333984375
863.952880859375, 835.3234252929688, 1983.333984375
872.027099609375, 849.6864013671875, 1983.333984375
880.1170654296875, 863.9293823242188, 1983.333984375
888.22216796875, 878.0435791015625, 1463.2646484375
896.3419189453125, 892.03662109375, 310.6912841796875
904.4756469726562, 905.9097290039062, -485.4619445800781
912.6228637695312, 919.662841796875, -749.674560546875
920.782958984375, 926.0104370117188, -793.1434326171875
928.9554443359375, 922.7133178710938, -638.9928588867188
937.1397094726562, 918.3333740234375, 941.1484985351562
945.3351440429688, 917.9662475585938, 1983.333984375
953.5413208007812, 922.8388061523438, 1983.333984375
961.7575073242188, 935.5501098632812, 1983.333984375
969.9832763671875, 949.0530395507812, 1983.333984375
978.2179565429688, 962.4448852539062, 1983.333984375
986.4610595703125, 975.7178344726562, 1623.41064453125
994.7119750976562, 988.8802490234375, 732.2175903320312
1002.9701538085938, 1001.9234619140625, 292.8005676269531
1011.2350463867188, 1014.85546875, -646.1327514648438
1019.5059814453125, 1027.6773681640625, -1031.700439453125
1027.782470703125, 1040.3895263671875, -1905.6109619140625
1036.0640869140625, 1052.99169921875, -3230.273193359375
1044.3499755859375, 1065.4925537109375, -2144.82861328125
1052.6396484375, 1077.8846435546875, -1583.1517333984375
1060.9327392578125, 1082.876220703125, -3497.8623046875
1069.2283935546875, 1057.355712890625, -1446.6353759765625
1077.5262451171875, 1050.2559814453125, 329.5081787109375
1085.8255615234375, 1045.8760986328125, 1983.333984375
1094.1258544921875, 1056.578125, 1983.333984375
1102.4266357421875, 1069.0400390625, 1983.333984375
1110.7271728515625, 1081.4007568359375, 1983.333984375
1119.027099609375, 1093.6527099609375, 1983.333984375
1127.3255615234375, 1105.8037109375, 1983.333984375
1135.6221923828125, 1117.8455810546875, 1983.333984375
1143.9163818359375, 1129.78662109375, 1983.333984375
1152.2076416015625, 1141.627685546875, 1767.078125
1160.4951171875, 1153.36865234375, 1177.9072265625
1168.778564453125, 1165.0096435546875, 245.32254028320312
1177.0572509765625, 1176.5506591796875, -60.60824966430664
1185.33056640625, 1187.9915771484375, -702.5582885742188
1193.5980224609375, 1192.0379638671875, -825.2848510742188
1201.8590087890625, 1192.4434814453125, -42.374210357666016
1210.113037109375, 1192.513671875, 696.0335083007812
1218.3594970703125, 1194.96240234375, 1983.333984375
1226.5977783203125, 1205.309814453125, 1983.333984375
1234.8272705078125, 1216.5006103515625, 1983.333984375
1243.0474853515625, 1227.591552734375, 1983.333984375
1251.2579345703125, 1238.59130859375, 1983.333984375
1259.4578857421875, 1249.5010986328125, 1801.44287109375
1267.6468505859375, 1260.3121337890625, 1339.149658203125
1275.8243408203125, 1271.031982421875, 619.508056640625
1283.9896240234375, 1281.661865234375, 606.28076171875
1292.1422119140625, 1292.2017822265625, 330.8188171386719
1300.2816162109375, 1302.6517333984375, -185.06654357910156
1308.4072265625, 1313.01171875, -184.79627990722656
1316.5185546875, 1323.2816162109375, -431.5534973144531
1324.6148681640625, 1326.16259765625, -69.02361297607422
1332.6956787109375, 1322.4744873046875, 895.6989135742188
1340.760498046875, 1318.0946044921875, 1983.333984375
1348.8087158203125, 1319.4368896484375, 1983.333984375
1356.8397216796875, 1328.7589111328125, 1983.333984375
1364.8531494140625, 1338.888671875, 1983.333984375
1372.8482666015625, 1348.937744140625, 1983.333984375
1380.8245849609375, 1358.8975830078125, 1983.333984375
1388.7816162109375, 1368.7762451171875, 1983.333984375
1396.71875, 1378.5660400390625, 1983.333984375
1404.6353759765625, 1388.2747802734375, 1983.333984375
1412.531005859375, 1397.8946533203125, 1983.333984375
1420.4051513671875, 1406.64892578125, 1983.333984375
1428.2572021484375, 1414.9512939453125, 1983.333984375
1436.0865478515625, 1423.211669921875, 1983.333984375
1443.892822265625, 1431.4720458984375, 1983.333984375
1451.6754150390625, 1439.7322998046875, 1983.333984375
1459.4337158203125, 1447.992431640625, 1983.333984375
1467.1673583984375, 1456.2525634765625, 1983.333984375
1474.8756103515625, 1464.5125732421875, 1983.333984375
1482.5579833984375, 1472.772705078125, 1983.333984375
1490.214111328125, 1481.032958984375, 1983.333984375
1497.84326171875, 1489.2928466796875, 1941.371826171875
1505.445068359375, 1497.552978515625, 1826.1925048828125
1513.0189208984375, 1505.8131103515625, 1638.271240234375
1520.5643310546875, 1514.0732421875, 1377.9761962890625
1528.080810546875, 1522.33349609375, 1045.6011962890625
1535.567626953125, 1530.5936279296875, 641.3690795898438
1543.0245361328125, 1538.853759765625, 1107.53369140625
1550.450927734375, 1547.1138916015625, 512.9153442382812
1557.8463134765625, 1548.004150390625, 692.604248046875
1565.2100830078125, 1555.3743896484375, 862.5543212890625
1572.5418701171875, 1563.634521484375, 917.7745361328125
1579.841064453125, 1571.89453125, 860.2852783203125
1587.107177734375, 1580.1546630859375, 691.9358520507812
1594.3397216796875, 1588.414794921875, 414.4275207519531
1601.5382080078125, 1596.6748046875, 971.4179077148438
1608.7021484375, 1604.93505859375, 433.0332336425781
1615.8310546875, 1613.1951904296875, 734.2139282226562
1622.9244384765625, 1621.455322265625, 886.8326416015625
1629.981689453125, 1629.715576171875, 894.18212890625
1637.00244140625, 1637.9757080078125, 759.3486938476562
1643.986328125, 1646.2362060546875, 485.1944885253906
1650.9326171875, 1647.1226806640625, 918.331787109375
1657.8409423828125, 1647.1229248046875, 1178.407958984375
1664.7109375, 1647.123046875, 1983.333984375
1671.5418701171875, 1654.497314453125, 1983.333984375
1678.33349609375, 1662.75732421875, 1983.333984375
1685.0853271484375, 1671.0174560546875, 1983.333984375
1691.7967529296875, 1679.2774658203125, 1983.333984375
1698.4674072265625, 1687.5374755859375, 1983.333984375
1705.096923828125, 1695.7977294921875, 1983.333984375
1711.6846923828125, 1704.0579833984375, 1836.4527587890625
1718.230224609375, 1712.318115234375, 1500.712646484375
1724.7332763671875, 1720.5782470703125, 980.7088012695312
1731.1932373046875, 1728.83837890625, 280.7087707519531
1737.6097412109375, 1737.0986328125, 346.8226013183594
1743.9822998046875, 1745.3587646484375, 193.6314697265625
1750.3104248046875, 1746.2415771484375, 671.3697509765625
1756.5938720703125, 1746.24169921875, 902.3014526367188
1762.8319091796875, 1746.2418212890625, 1835.6253662109375
1769.0244140625, 1753.620361328125, 1983.333984375
1775.1707763671875, 1761.8807373046875, 1983.333984375
1781.2706298828125, 1770.140869140625, 1983.333984375
1787.323486328125, 1778.40087890625, 1983.333984375
1793.3289794921875, 1786.6610107421875, 1727.0489501953125
1799.2867431640625, 1794.921142578125, 1220.1348876953125
1805.1964111328125, 1803.1812744140625, 469.5908508300781
1811.057373046875, 1811.44140625, 424.10760498046875
1816.869384765625, 1819.7015380859375, 100.74633026123047
1822.6319580078125, 1827.9617919921875, -492.25714111328125
1828.3447265625, 1836.221923828125, -849.3207397460938
1834.0074462890625, 1844.4820556640625, -1485.7694091796875
1839.6195068359375, 1845.3604736328125, -1548.560302734375
1845.1805419921875, 1841.446044921875, -523.7447509765625
1850.6903076171875, 1837.0660400390625, 1083.8851318359375
1856.1483154296875, 1832.68603515625, 1983.333984375
1861.55419921875, 1832.2210693359375, 1983.333984375
1866.90771484375, 1839.6041259765625, 1983.333984375
1872.208251953125, 1847.8642578125, 1983.333984375
1877.4556884765625, 1856.1243896484375, 1983.333984375
1882.6495361328125, 1864.384521484375, 1983.333984375
1887.7894287109375, 1872.644775390625, 1983.333984375
1892.875, 1880.905029296875, 1983.333984375
1897.906005859375, 1889.1651611328125, 1964.7169189453125
1902.882080078125, 1897.4254150390625, 1571.2076416015625
1907.802734375, 1905.685546875, 815.2084350585938
1912.667724609375, 1913.94580078125, 650.5568237304688
1917.476806640625, 1922.2060546875, 99.18930053710938
1922.2294921875, 1930.46630859375, -328.21282958984375
1926.925537109375, 1931.3402099609375, -296.7418518066406
1931.564697265625, 1927.4234619140625, 214.595947265625
1936.146484375, 1923.04345703125, 783.9199829101562
1940.670654296875, 1922.5806884765625, 1895.546142578125
1945.1368408203125, 1929.968017578125, 1983.333984375
1949.544921875, 1938.2281494140625, 1983.333984375
1953.8944091796875, 1946.4881591796875, 1812.2138671875
1958.18505859375, 1954.7484130859375, 1195.3680419921875
1962.41650390625, 1963.008544921875, 1090.418701171875
1966.588623046875, 1971.26904296875, 522.8418579101562
1970.7010498046875, 1979.529296875, -491.0347900390625
1974.75341796875, 1987.7894287109375, -1437.955810546875
1978.7454833984375, 1996.0498046875, -2825.984375
1982.677001953125, 2004.3099365234375, -1813.7308349609375
1986.5478515625, 2012.5701904296875, -1354.41650390625
1990.357421875, 2020.83056640625, -1427.3935546875
1994.1058349609375, 2021.6998291015625, -1167.1417236328125
1997.79248046875, 1995.5975341796875, -371.9743957519531
2001.9451904296875, 1962.1837158203125, 1983.333984375
2005.498779296875, 1934.01416015625, 1983.333984375
2008.989990234375, 1930.1451416015625, 1983.333984375
2012.41845703125, 1938.4053955078125, 1983.333984375
2015.7841796875, 1946.66552734375, 1983.333984375
2019.0867919921875, 1954.9256591796875, 1983.333984375
2022.3260498046875, 1963.18603515625, 1983.333984375
2025.501708984375, 1971.4464111328125, 1983.333984375
2028.61376953125, 1979.706787109375, 1983.333984375
2031.66162109375, 1987.9671630859375, 1983.333984375
2034.6453857421875, 1996.2275390625, 1983.333984375
2037.5648193359375, 2004.4879150390625, 1983.333984375
2040.4195556640625, 2012.7484130859375, 1983.333984375
2043.2095947265625, 2021.008544921875, 1983.333984375
2045.9345703125, 2029.26904296875, 1983.333984375
2048.59423828125, 2037.529296875, 1983.333984375
2051.188720703125, 2045.7896728515625, 1583.2218017578125
2053.7177734375, 2054.050048828125, 547.22412109375
2056.180908203125, 2062.310546875, -158.35324096679688
2058.578125, 2070.571044921875, -1001.8312377929688
2060.909423828125, 2078.492919921875, -2442.932373046875
2063.174560546875, 2078.313720703125, -3532.147216796875
2065.373046875, 2073.933837890625, -987.7485961914062
2067.50537109375, 2069.55419921875, -651.544921875
2069.57080078125, 2064.154541015625, 24.40584945678711
2071.569580078125, 2036.004638671875, 1983.333984375
2073.501220703125, 2031.8052978515625, 1983.333984375
2075.365966796875, 2032.146240234375, 1983.333984375
2077.163330078125, 2040.40673828125, 1983.333984375
