1931.978271484375, 1914.3421630859375, 1087.45166015625
1927.3443603515625, 1944.077392578125, -373.2143249511719
1922.6533203125, 1939.506591796875, -1774.384521484375
1917.90576171875, 1947.7451171875, -1768.1893310546875
1913.1016845703125, 1955.9942626953125, -3258.41455078125
1908.24169921875, 1964.24365234375, -6176.17626953125
1903.3260498046875, 1972.491943359375, -7000.0
1898.35498046875, 1980.748046875, -7000.0
1893.328857421875, 1989.003662109375, -7000.0
1888.2481689453125, 1997.2586669921875, -7000.0
1883.113037109375, 2005.521484375, -7000.0
1877.924072265625, 2013.78466796875, -7000.0
1872.6815185546875, 2022.0472412109375, -7000.0
1867.3856201171875, 2022.7462158203125, -7000.0
1862.036865234375, 1996.037841796875, -7000.0
1856.6357421875, 1966.86767578125, -7000.0
1851.182373046875, 1937.6968994140625, -7000.0
1845.67724609375, 1908.526123046875, -7000.0
1840.1207275390625, 1879.3543701171875, -7000.0
1834.51318359375, 1850.18212890625, -5095.0595703125
1828.8551025390625, 1821.00927734375, -3419.72119140625
1823.1468505859375, 1791.8360595703125, 359.7700500488281
1817.388671875, 1785.3673095703125, 1983.333984375
1811.5810546875, 1784.99609375, 1983.333984375
1805.7244873046875, 1792.558837890625, 1983.333984375
1799.8192138671875, 1800.8157958984375, 852.7697143554688
1793.86572265625, 1809.0728759765625, -408.1739501953125
1787.864501953125, 1817.3299560546875, -3238.030517578125
1781.8157958984375, 1825.5872802734375, -4737.87451171875
1775.72021484375, 1833.8448486328125, -7000.0
1769.5780029296875, 1842.102783203125, -7000.0
1763.3896484375, 1850.361328125, -7000.0
1757.1556396484375, 1858.61962890625, -7000.0
1750.8763427734375, 1866.8782958984375, -7000.0
1744.5521240234375, 1875.13720703125, -7000.0
1738.18359375, 1883.3961181640625, -7000.0
1731.77099609375, 1884.0865478515625, -7000.0
1725.31494140625, 1857.3551025390625, -7000.0
1718.8157958984375, 1828.18359375, -7000.0
1712.27392578125, 1799.0123291015625, -7000.0
1705.68994140625, 1769.8411865234375, -7000.0
1699.064208984375, 1740.6700439453125, -7000.0
1692.397216796875, 1711.4990234375, -5489.57470703125
1685.6893310546875, 1682.3282470703125, -1483.95703125
1678.941162109375, 1653.157470703125, 621.32177734375
1672.153076171875, 1623.9866943359375, 1983.333984375
1665.32568359375, 1629.1259765625, 1983.333984375
1658.459228515625, 1637.3857421875, 1983.333984375
1651.5543212890625, 1645.6456298828125, 1640.655029296875
1644.611328125, 1653.9056396484375, 517.2825317382812
1637.630859375, 1662.1656494140625, -1796.6007080078125
1630.6134033203125, 1670.4256591796875, -2916.986572265625
1623.559326171875, 1678.6859130859375, -5734.0048828125
1616.46923828125, 1686.9459228515625, -7000.0
1609.343505859375, 1695.2060546875, -7000.0
1602.1826171875, 1703.4661865234375, -7000.0
1594.9873046875, 1711.7264404296875, -7000.0
1587.7576904296875, 1719.9864501953125, -7000.0
1580.49462890625, 1720.6722412109375, -7000.0
1573.1983642578125, 1693.9219970703125, -7000.0
1565.8695068359375, 1664.75146484375, -7000.0
1558.508544921875, 1635.5810546875, -7000.0
1551.1160888671875, 1606.4107666015625, -7000.0
1543.6923828125, 1577.2401123046875, -7000.0
1536.23828125, 1548.06982421875, -4658.18505859375
1528.7540283203125, 1518.8992919921875, -2777.8779296875
1521.240234375, 1489.7288818359375, 989.0381469726562
1513.6973876953125, 1483.2982177734375, 1983.333984375
1506.1260986328125, 1482.9361572265625, 1983.333984375
1498.5267333984375, 1490.5133056640625, 1880.781494140625
1490.9000244140625, 1498.7730712890625, 907.2239990234375
1483.246337890625, 1507.0330810546875, -1341.145263671875
1475.5662841796875, 1515.293212890625, -2475.1396484375
1467.8602294921875, 1523.5533447265625, -5379.95458984375
1460.12890625, 1531.8134765625, -7000.0
1452.372802734375, 1540.0736083984375, -7000.0
1444.5924072265625, 1548.333740234375, -7000.0
1436.7882080078125, 1556.5938720703125, -7000.0
1428.9608154296875, 1564.85400390625, -7000.0
1421.11083984375, 1573.1141357421875, -7000.0
1413.2386474609375, 1581.3741455078125, -7000.0
1405.344970703125, 1582.0540771484375, -7000.0
1397.43017578125, 1555.2821044921875, -7000.0
1389.494873046875, 1526.1116943359375, -7000.0
1381.5396728515625, 1496.94140625, -7000.0
1373.5650634765625, 1467.7711181640625, -7000.0
1365.571533203125, 1438.6005859375, -7000.0
1357.559814453125, 1409.4302978515625, -7000.0
1349.5302734375, 1380.2598876953125, -6821.58642578125
1341.4835205078125, 1351.089599609375, -4234.66552734375
1333.420166015625, 1321.9193115234375, -2187.8115234375
1325.3408203125, 1292.7489013671875, 472.6078186035156
1317.245849609375, 1286.3385009765625, 1983.333984375
1309.1358642578125, 1295.6201171875, 1983.333984375
1301.0115966796875, 1306.037353515625, 1084.9351806640625
1292.8734130859375, 1316.3646240234375, -1139.139404296875
1284.721923828125, 1326.60205078125, -2530.3037109375
1276.5577392578125, 1336.74951171875, -5947.595703125
1268.38134765625, 1346.816162109375, -7000.0
1260.193359375, 1356.7935791015625, -7000.0
1251.994384765625, 1366.6903076171875, -7000.0
1243.784912109375, 1376.4976806640625, -7000.0
1235.5655517578125, 1386.224365234375, -7000.0
1227.3367919921875, 1395.86181640625, -7000.0
1219.0992431640625, 1404.8673095703125, -7000.0
1210.853515625, 1406.148193359375, -7000.0
1202.6002197265625, 1379.4034423828125, -7000.0
1194.33984375, 1350.2332763671875, -7000.0
1186.0728759765625, 1321.0628662109375, -7000.0
1177.800048828125, 1291.892822265625, -7000.0
1169.5218505859375, 1262.721435546875, -7000.0
1161.2388916015625, 1233.55126953125, -7000.0
1152.95166015625, 1204.381103515625, -7000.0
1144.6607666015625, 1175.2108154296875, -6801.63623046875
1136.3668212890625, 1146.0408935546875, -4224.052734375
1128.0704345703125, 1116.870849609375, -2212.73974609375
1119.77197265625, 1087.70068359375, 1130.5789794921875
1111.4722900390625, 1081.310546875, 1983.333984375
1103.1717529296875, 1084.6864013671875, 1983.333984375
1094.8709716796875, 1096.2447509765625, 355.3550720214844
1086.570556640625, 1108.3726806640625, -1639.418701171875
1078.2711181640625, 1120.3914794921875, -3033.580078125
1069.97314453125, 1132.3094482421875, -6671.70263671875
1061.67724609375, 1144.12744140625, -7000.0
1053.3839111328125, 1155.845703125, -7000.0
1045.0938720703125, 1167.4638671875, -7000.0
1036.8076171875, 1178.98193359375, -7000.0
1028.525634765625, 1190.4000244140625, -7000.0
1020.2487182617188, 1201.7181396484375, -7000.0
1011.9771728515625, 1212.936279296875, -7000.0
1003.7117309570312, 1224.0635986328125, -7000.0
995.4529418945312, 1227.562744140625, -7000.0
987.2013549804688, 1200.9727783203125, -7000.0
978.95751953125, 1171.8026123046875, -7000.0
970.7220458984375, 1142.6328125, -7000.0
962.4954833984375, 1113.462890625, -7000.0
954.2783813476562, 1084.2928466796875, -7000.0
946.0712890625, 1055.122802734375, -7000.0
937.8748779296875, 1025.9530029296875, -7000.0
929.6895751953125, 996.7831420898438, -7000.0
921.5160522460938, 967.6133422851562, -7000.0
913.3547973632812, 938.4436645507812, -6176.998046875
905.2063598632812, 909.27294921875, -2989.221923828125
897.0714111328125, 880.102294921875, -379.4145812988281
888.950439453125, 850.932861328125, 1983.333984375
880.843994140625, 844.5661010742188, 1983.333984375
872.7526245117188, 857.3595581054688, 1983.333984375
864.6769409179688, 871.5293579101562, 450.72113037109375
856.6174926757812, 885.5785522460938, -2368.447265625
848.5747680664062, 899.5078125, -4735.064453125
840.5493774414062, 913.3172607421875, -7000.0
832.5418701171875, 927.0066528320312, -7000.0
824.5527954101562, 940.5852661132812, -7000.0
816.5827026367188, 954.0447387695312, -7000.0
808.6321411132812, 967.3933715820312, -7000.0
800.70166015625, 980.6228637695312, -7000.0
792.7918090820312, 993.7416381835938, -7000.0
784.903076171875, 1006.7503051757812, -7000.0
777.0361328125, 1012.1033325195312, -7000.0
769.19140625, 985.6329345703125, -7000.0
761.3694458007812, 956.46337890625, -7000.0
753.57080078125, 927.2938232421875, -7000.0
745.7960815429688, 898.124267578125, -7000.0
738.0457763671875, 868.9547729492188, -7000.0
730.3203735351562, 839.785400390625, -7000.0
722.6204223632812, 810.6160888671875, -7000.0
714.946533203125, 781.4468994140625, -7000.0
707.2991333007812, 752.27783203125, -7000.0
699.6787719726562, 723.1089477539062, -5986.9833984375
692.0860595703125, 693.940185546875, -2555.21875
684.5214233398438, 664.7716064453125, -1017.8412475585938
676.9854125976562, 635.6033325195312, 1947.96240234375
669.478515625, 633.4556274414062, 1983.333984375
662.0013427734375, 648.2827758789062, 1645.2879638671875
654.5542602539062, 664.2517700195312, -398.22174072265625
647.137939453125, 680.081787109375, -3630.461181640625
639.7528076171875, 695.7720336914062, -6515.8310546875
632.3994140625, 711.33154296875, -7000.0
625.0781860351562, 726.76123046875, -7000.0
617.7897338867188, 742.0517578125, -7000.0
610.5344848632812, 757.2115478515625, -7000.0
603.31298828125, 772.2413330078125, -7000.0
596.1256713867188, 787.1411743164062, -7000.0
588.9730834960938, 801.9202270507812, -7000.0
581.855712890625, 816.5701293945312, -7000.0
574.7740478515625, 823.5469970703125, -7000.0
567.7285766601562, 797.1774291992188, -7000.0
560.7197265625, 768.008544921875, -7000.0
553.7481079101562, 738.8396606445312, -7000.0
546.8140869140625, 709.6709594726562, -7000.0
539.918212890625, 680.5022583007812, -7000.0
533.0609130859375, 651.3338623046875, -7000.0
526.24267578125, 622.1656494140625, -7000.0
519.4639892578125, 592.9976806640625, -7000.0
512.7252807617188, 563.8300170898438, -7000.0
506.0270080566406, 534.6627197265625, -6581.68701171875
499.36968994140625, 505.4958801269531, -3607.83740234375
492.7537841796875, 476.32952880859375, -1027.5919189453125
486.1796875, 447.1637268066406, 1485.5374755859375
479.64788818359375, 440.83929443359375, 1983.333984375
473.1588439941406, 456.8499755859375, 1756.3277587890625
466.7129821777344, 474.4586486816406, -253.35533142089844
460.3107604980469, 491.9086608886719, -3337.48486328125
453.9526062011719, 509.2082824707031, -6148.94091796875
447.63897705078125, 526.3672485351562, -7000.0
441.37030029296875, 543.3773193359375, -7000.0
435.14697265625, 560.2376098632812, -7000.0
428.969482421875, 576.9572143554688, -7000.0
422.8382263183594, 593.5368041992188, -7000.0
416.7536315917969, 609.9674682617188, -7000.0
410.71612548828125, 626.25732421875, -7000.0
404.72607421875, 642.4073486328125, -7000.0
398.7839660644531, 650.8677978515625, -7000.0
392.8901672363281, 624.5858764648438, -7000.0
387.0450744628906, 595.4181518554688, -7000.0
381.2491149902344, 566.2505493164062, -7000.0
375.502685546875, 537.0834350585938, -7000.0
369.80615234375, 507.91656494140625, -7000.0
364.1599426269531, 478.75018310546875, -7000.0
358.564453125, 449.583251953125, -7000.0
353.02001953125, 420.4180908203125, -7000.0
347.5270690917969, 391.2537841796875, -7000.0
342.0859680175781, 362.0906066894531, -5591.01904296875
336.6971130371094, 332.9287109375, -1530.859130859375
331.3608093261719, 303.76861572265625, 505.53985595703125
326.0774841308594, 274.6107482910156, 1983.333984375
320.8475036621094, 282.4898376464844, 1983.333984375
315.6711730957031, 300.9434509277344, 1426.919677734375
310.5489196777344, 319.8782958984375, -895.3359375
305.4810485839844, 338.6544189453125, -1298.4207763671875
300.4678955078125, 357.2715148925781, -4386.34716796875
295.5098571777344, 375.729248046875, -7000.0
290.6072692871094, 394.0277099609375, -7000.0
285.7604064941406, 412.1665954589844, -7000.0
280.96966552734375, 430.1550598144531, -7000.0
276.2353820800781, 447.9846496582031, -7000.0
271.5578308105469, 465.6636962890625, -7000.0
266.9373779296875, 483.1929931640625, -7000.0
262.3742980957031, 500.5725402832031, -7000.0
257.86895751953125, 510.24639892578125, -7000.0
253.421630859375, 484.0264892578125, -7000.0
249.0326385498047, 454.8609313964844, -7000.0
244.70228576660156, 425.69580078125, -7000.0
240.4308624267578, 396.53155517578125, -7000.0
236.21865844726562, 367.3681640625, -7000.0
232.06597900390625, 338.2060241699219, -7000.0
227.9730987548828, 309.04443359375, -7000.0
223.9403076171875, 279.8861389160156, -7000.0
219.96788024902344, 250.7307586669922, -6817.63330078125
216.0560760498047, 221.57948303222656, -3753.71435546875
212.20518493652344, 192.43411254882812, -771.6001586914062
208.41546630859375, 163.29788208007812, 1983.333984375
204.68719482421875, 157.0248565673828, 1983.333984375
201.0205841064453, 175.29473876953125, 1983.333984375
197.4159393310547, 195.29541015625, 829.5607299804688
193.87347412109375, 215.13088989257812, -1115.8603515625
190.39344787597656, 234.79989624023438, -2788.67626953125
186.97608947753906, 254.30128479003906, -7000.0
183.62164306640625, 273.6354675292969, -7000.0
180.33033752441406, 292.80963134765625, -7000.0
177.10240173339844, 311.815673828125, -7000.0
173.9380645751953, 330.66180419921875, -7000.0
170.8375244140625, 349.3487548828125, -7000.0
167.80099487304688, 367.8763122558594, -7000.0
164.82872009277344, 386.244384765625, -7000.0
161.92086791992188, 396.8901672363281, -7000.0
159.07765197753906, 370.7142028808594, -7000.0
156.2992706298828, 341.5523376464844, -7000.0
153.58590698242188, 312.3918762207031, -7000.0
150.93775939941406, 283.2325134277344, -7000.0
148.35501098632812, 254.07676696777344, -7000.0
145.8378143310547, 224.92491149902344, -7000.0
143.38638305664062, 195.77874755859375, -7000.0
141.0008544921875, 166.64125061035156, -6223.34033203125
138.681396484375, 137.5178985595703, -2412.491943359375
136.42819213867188, 108.4201431274414, -451.1775207519531
134.24136352539062, 79.37608337402344, 1983.333984375
132.12109375, 85.06027221679688, 1983.333984375
130.0675048828125, 104.83768463134766, 1983.333984375
128.08074951171875, 125.40180206298828, 836.6964721679688
126.16095733642578, 145.81304931640625, -916.4909057617188
124.30827331542969, 166.05618286132812, -2288.146484375
122.52281188964844, 186.13552856445312, -6096.24755859375
120.80470275878906, 206.05010986328125, -7000.0
119.15406036376953, 225.78890991210938, -7000.0
117.57099914550781, 245.36878967285156, -7000.0
116.05563354492188, 264.7813720703125, -7000.0
114.60806274414062, 284.0255126953125, -7000.0
113.22838592529297, 303.11016845703125, -7000.0
111.91670227050781, 322.0265197753906, -7000.0
110.67310333251953, 333.21484375, -7000.0
109.49766540527344, 307.05010986328125, -7000.0
108.3904800415039, 277.89251708984375, -7000.0
107.35162353515625, 248.73768615722656, -7000.0
106.38115692138672, 219.58706665039062, -7000.0
105.4791488647461, 190.44224548339844, -7000.0
104.64567565917969, 161.3068084716797, -7000.0
103.88077545166016, 132.18702697753906, -6521.92333984375
103.18451690673828, 103.09614562988281, -2809.068359375
102.55693817138672, 74.06824493408203, -788.4153442382812
101.99809265136719, 45.224769592285156, 1983.333984375
101.50800323486328, 48.453338623046875, 1983.333984375
101.08671569824219, 68.19081115722656, 1983.333984375
100.7342529296875, 89.00405883789062, 908.3739624023438
100.45064544677734, 109.68846130371094, -1559.22998046875
100.23591613769531, 130.21923828125, -1545.5980224609375
100.0900650024414, 150.5941162109375, -3885.4912109375
100.01310729980469, 170.79959106445312, -7000.0
100.00505828857422, 190.84059143066406, -7000.0
100.06591033935547, 210.7159881591797, -7000.0
100.1956558227539, 230.41531372070312, -7000.0
100.39429473876953, 249.95553588867188, -7000.0
100.66180419921875, 269.3283996582031, -7000.0
100.99817657470703, 288.53271484375, -7000.0
101.40338134765625, 300.0032958984375, -7000.0
101.87738800048828, 273.83306884765625, -7000.0
102.42017364501953, 244.67898559570312, -7000.0
103.03169250488281, 215.52906799316406, -7000.0
103.71190643310547, 186.38461303710938, -7000.0
104.46076202392578, 157.2509307861328, -7000.0
105.2782211303711, 128.1341094970703, -5897.14453125
106.16421508789062, 99.04915618896484, -1409.6640625
107.11868286132812, 70.03572845458984, 581.7882690429688
108.14156341552734, 41.245033264160156, 1983.333984375
109.2327880859375, 58.41200256347656, 1983.333984375
110.39228057861328, 79.26495361328125, 1983.333984375
111.61995697021484, 100.01054382324219, 899.962890625
112.91574096679688, 120.6111831665039, -1383.497802734375
114.27953338623047, 141.05995178222656, -1014.5758666992188
115.71124267578125, 161.34144592285156, -2825.011962890625
117.21077728271484, 181.46043395996094, -6678.62060546875
118.77802276611328, 201.4137725830078, -7000.0
120.41287994384766, 221.1915740966797, -7000.0
122.11522674560547, 240.81065368652344, -7000.0
123.88496398925781, 260.2625427246094, -7000.0
125.7219467163086, 279.5461120605469, -7000.0
127.62606811523438, 291.0804138183594, -7000.0
129.59718322753906, 264.884521484375, -7000.0
131.63516235351562, 235.73162841796875, -7000.0
133.7398681640625, 206.58343505859375, -7000.0
135.91114807128906, 177.4426727294922, -7000.0
138.14886474609375, 148.31321716308594, -4449.1884765625
140.45285034179688, 119.2039794921875, -1250.0025634765625
142.82293701171875, 90.13462829589844, 1983.333984375
145.2589874267578, 83.95931243896484, 1983.333984375
147.76083374023438, 102.8293685913086, 1983.333984375
150.32827758789062, 123.410888671875, 1983.333984375
152.96115112304688, 143.8312225341797, 646.4810180664062
155.65928649902344, 164.0924072265625, -1675.215576171875
158.42250061035156, 184.18154907226562, -1181.4947509765625
161.25057983398438, 204.10536193847656, -2671.12060546875
164.14334106445312, 223.86273193359375, -6018.0625
167.1005859375, 243.4527587890625, -7000.0
170.12210083007812, 262.87481689453125, -7000.0
173.20770263671875, 282.1376953125, -7000.0
176.35714721679688, 301.2325744628906, -7000.0
179.57025146484375, 320.16778564453125, -7000.0
182.8467559814453, 331.34783935546875, -7000.0
186.1864776611328, 305.09710693359375, -7000.0
189.58914184570312, 275.93963623046875, -7000.0
193.05455017089844, 246.78506469726562, -7000.0
196.5824432373047, 217.63479614257812, -5704.119140625
200.17257690429688, 188.49046325683594, -3549.912109375
203.82472229003906, 159.35585021972656, 389.5735168457031
207.5386199951172, 153.1746826171875, 1983.333984375
211.31399536132812, 163.98170471191406, 1983.333984375
215.15061950683594, 183.47555541992188, 1983.333984375
219.04820251464844, 203.40750122070312, 1441.8262939453125
223.00648498535156, 223.17372131347656, 77.79887390136719
227.0251922607422, 242.77313232421875, -1201.726318359375
231.1040496826172, 262.2046813964844, -1349.310791015625
235.24278259277344, 281.4681396484375, -3221.485107421875
239.44110107421875, 300.5721740722656, -6706.80029296875
243.69871520996094, 319.5079650878906, -7000.0
248.01531982421875, 338.2838439941406, -7000.0
252.39064025878906, 356.9004821777344, -7000.0
256.8243408203125, 375.3583984375, -7000.0
261.316162109375, 393.6560363769531, -7000.0
265.8657531738281, 404.2008361816406, -7000.0
270.47283935546875, 377.87371826171875, -7000.0
275.1370849609375, 348.71148681640625, -7000.0
279.858154296875, 319.5506591796875, -7000.0
284.6357116699219, 290.3917236328125, -3958.03857421875
289.469482421875, 261.23516845703125, -2.83770751953125
294.35906982421875, 232.082275390625, 1983.333984375
299.30419921875, 225.91305541992188, 1983.333984375
304.3044738769531, 243.7565155029297, 1983.333984375
309.3595886230469, 263.17718505859375, 1983.333984375
314.46917724609375, 282.4391784667969, 1983.333984375
319.6329040527344, 301.5335693359375, 1812.816650390625
324.8503723144531, 320.46832275390625, 1040.7564697265625
330.12127685546875, 339.23486328125, -1219.51171875
335.4452209472656, 357.84210205078125, -3200.065185546875
340.82183837890625, 376.28924560546875, -3751.83203125
346.2507629394531, 394.5861511230469, -5749.12890625
351.73162841796875, 412.7242126464844, -7000.0
357.2640686035156, 430.70257568359375, -7000.0
362.84765625, 448.53057861328125, -7000.0
368.4820556640625, 458.6003723144531, -7000.0
374.1668395996094, 432.211181640625, -7000.0
379.9016418457031, 403.0469055175781, -5951.77783203125
385.6860656738281, 373.8834533691406, -955.579833984375
391.51971435546875, 344.7212219238281, 1983.333984375
397.40216064453125, 315.5603332519531, 1983.333984375
403.3330383300781, 330.95269775390625, 1983.333984375
409.3118896484375, 349.6286926269531, 1983.333984375
415.3383483886719, 368.1449890136719, 1983.333984375
421.4119873046875, 386.5113220214844, 1983.333984375
427.5323791503906, 404.71893310546875, 1983.333984375
433.6990966796875, 422.7670593261719, 1107.685791015625
439.9117431640625, 440.66485595703125, -102.3819808959961
446.16986083984375, 458.40362548828125, -977.8079833984375
452.4730224609375, 475.991943359375, -3101.2568359375
458.82080078125, 493.4305114746094, -3561.807861328125
465.2127685546875, 510.7192687988281, -5246.6328125
471.6484680175781, 527.8582153320312, -7000.0
478.1274719238281, 537.2520141601562, -7000.0
484.6493225097656, 510.791748046875, -6296.52294921875
491.21356201171875, 481.6256103515625, -1538.564453125
497.8197326660156, 452.4598693847656, 1730.786376953125
504.4674377441406, 423.29486083984375, 1983.333984375
511.1561584472656, 437.8514709472656, 1983.333984375
517.8854370117188, 455.6188049316406, 1983.333984375
524.6548461914062, 473.2366638183594, 1983.333984375
531.4638671875, 490.7049560546875, 1983.333984375
538.3120727539062, 508.0234375, 1983.333984375
545.1990356445312, 525.1921997070312, 1983.333984375
552.1241455078125, 542.2112426757812, 1106.09375
559.0870361328125, 559.0896606445312, 96.3503189086914
566.0872192382812, 575.8189086914062, -503.8866271972656
573.1241455078125, 592.428466796875, -2169.790283203125
580.1973876953125, 608.8678588867188, -1998.181640625
587.3065185546875, 625.1664428710938, -2886.9501953125
594.4508666992188, 633.7057495117188, -3890.84521484375
601.630126953125, 607.1180419921875, -979.7779541015625
608.8436889648438, 577.9505615234375, 727.1779174804688
616.0911254882812, 548.7832641601562, 1983.333984375
623.371826171875, 562.428466796875, 1983.333984375
630.6854248046875, 579.1270141601562, 1983.333984375
638.0313720703125, 595.6851806640625, 1983.333984375
645.4091186523438, 612.1035766601562, 1983.333984375
652.8182373046875, 628.3821411132812, 1983.333984375
660.2581176757812, 644.5208740234375, 1871.9716796875
667.7283325195312, 660.5196533203125, 805.6654052734375
675.228271484375, 676.3785400390625, -206.46490478515625
682.757568359375, 692.1068115234375, -748.39892578125
690.3155517578125, 707.69580078125, -2182.41015625
697.9017944335938, 723.1541748046875, -1619.46240234375
705.5156860351562, 738.482666015625, -1967.60302734375
713.1567993164062, 746.0478515625, -2289.549072265625
720.8245849609375, 719.3741455078125, -1491.2183837890625
728.5184936523438, 690.2056884765625, 1199.563720703125
736.2379760742188, 684.1172485351562, 1983.333984375
743.9825439453125, 698.395263671875, 1983.333984375
751.7515869140625, 713.9331665039062, 1983.333984375
759.544677734375, 729.3319702148438, 1983.333984375
767.3612060546875, 744.6002197265625, 1983.333984375
775.20068359375, 759.7385864257812, 1952.7059326171875
783.0625, 774.7470703125, 1120.3250732421875
790.9461669921875, 789.6256103515625, 485.6219787597656
798.8511962890625, 804.3834228515625, -887.22021484375
806.7769165039062, 819.011962890625, -1725.646728515625
814.7228393554688, 833.5111083984375, -3272.156005859375
822.6884155273438, 847.8890380859375, -2648.978515625
830.673095703125, 862.14697265625, -2774.922607421875
838.6763305664062, 868.647216796875, -2722.451904296875
846.6975708007812, 841.881103515625, -1517.45361328125
854.7362670898438, 812.7119750976562, 1718.830810546875
862.7918701171875, 806.6365966796875, 1983.333984375
870.8638305664062, 819.947509765625, 1983.333984375
878.9515380859375, 834.445068359375, 1983.333984375
887.0545043945312, 848.8135375976562, 1983.333984375
895.1721801757812, 863.061279296875, 1983.333984375
903.3038940429688, 877.1891479492188, 1983.333984375
911.44921875, 891.1976318359375, 1983.333984375
919.6075439453125, 905.0855712890625, 1983.333984375
927.7782592773438, 918.8535766601562, 1359.8785400390625
935.9608154296875, 932.5015869140625, 1097.5103759765625
944.1547241210938, 946.0296630859375, 251.006591796875
952.359375, 959.447021484375, -55.24043655395508
960.5741577148438, 972.7450561523438, -927.931396484375
968.798583984375, 978.2901000976562, -1450.228515625
977.0320434570312, 974.5463256835938, -575.5818481445312
985.27392578125, 970.16650390625, 628.9639892578125
993.5238037109375, 965.78662109375, 1983.333984375
1001.7809448242188, 970.197021484375, 1983.333984375
1010.0448608398438, 982.8438720703125, 1983.333984375
1018.3150024414062, 995.9409790039062, 1983.333984375
1026.5908203125, 1008.9281616210938, 1983.333984375
1034.87158203125, 1021.8054809570312, 1934.5543212890625
1043.1568603515625, 1034.57275390625, 1387.72412109375
1051.4461669921875, 1047.2301025390625, 380.7215270996094
1059.7386474609375, 1059.7777099609375, -108.54550170898438
1068.0340576171875, 1072.215087890625, -64.01454162597656
1076.33154296875, 1084.5517578125, -483.968994140625
1084.6307373046875, 1096.7791748046875, -1332.47119140625
1092.9310302734375, 1108.8966064453125, -2575.394775390625
1101.231689453125, 1120.913330078125, -1355.18701171875
1109.5323486328125, 1125.19287109375, -2561.92236328125
1117.8323974609375, 1098.239990234375, -619.5023193359375
1126.131103515625, 1092.18994140625, 1920.0155029296875
1134.427978515625, 1091.9788818359375, 1983.333984375
1142.72265625, 1103.3262939453125, 1983.333984375
1151.0142822265625, 1115.393310546875, 1983.333984375
1159.3023681640625, 1127.35986328125, 1983.333984375
1167.58642578125, 1139.2171630859375, 1983.333984375
1175.8658447265625, 1150.973876953125, 1983.333984375
1184.139892578125, 1162.630615234375, 1983.333984375
1192.4083251953125, 1174.187255859375, 1983.333984375
1200.6702880859375, 1185.6441650390625, 1983.333984375
1208.92529296875, 1197.0009765625, 1975.3897705078125
1217.1728515625, 1208.2669677734375, 1633.41455078125
1225.412353515625, 1219.433837890625, 984.4486083984375
1233.6431884765625, 1230.50048828125, 996.305419921875
1241.86474609375, 1241.4765625, 703.0759887695312
1250.07666015625, 1244.7113037109375, 997.3885498046875
1258.278076171875, 1247.3729248046875, 971.5851440429688
1266.46875, 1250.0142822265625, 1584.79736328125
1274.6478271484375, 1260.278564453125, 1938.6778564453125
1282.81494140625, 1270.9951171875, 1983.333984375
1290.969482421875, 1281.62109375, 1763.504150390625
1299.11083984375, 1292.1575927734375, 1290.8582763671875
1307.2384033203125, 1302.6036376953125, 586.7086181640625
1315.351806640625, 1312.959716796875, 613.3294677734375
1323.4503173828125, 1323.2259521484375, 400.602783203125
1331.5333251953125, 1333.40185546875, -31.04231071472168
1339.6005859375, 1343.497314453125, -663.3340454101562
1347.651123046875, 1353.5035400390625, -781.6644287109375
1355.684814453125, 1363.4288330078125, -1110.552490234375
1363.70068359375, 1373.264892578125, -1631.2835693359375
1371.698486328125, 1375.3648681640625, -1450.8775634765625
1379.6776123046875, 1371.378173828125, -588.8969116210938
1387.637451171875, 1366.9981689453125, 695.9078369140625
1395.577392578125, 1366.7362060546875, 1983.333984375
1403.4969482421875, 1375.898681640625, 1983.333984375
1411.395751953125, 1385.62451171875, 1983.333984375
1419.27294921875, 1395.2698974609375, 1983.333984375
1427.128173828125, 1404.35888671875, 1983.333984375
1434.9609375, 1412.6710205078125, 1983.333984375
1442.7705078125, 1420.93115234375, 1983.333984375
1450.5565185546875, 1429.1912841796875, 1983.333984375
1458.3184814453125, 1437.451416015625, 1983.333984375
1466.0555419921875, 1445.7117919921875, 1983.333984375
1473.767578125, 1453.9718017578125, 1983.333984375
1481.4537353515625, 1462.23193359375, 1983.333984375
1489.1136474609375, 1470.4921875, 1983.333984375
1496.7467041015625, 1478.7523193359375, 1983.333984375
1504.3525390625, 1487.0123291015625, 1983.333984375
1511.930419921875, 1495.2723388671875, 1983.333984375
1519.47998046875, 1503.532470703125, 1983.333984375
1527.0006103515625, 1511.7926025390625, 1983.333984375
1534.49169921875, 1520.052734375, 1983.333984375
1541.9530029296875, 1528.3128662109375, 1983.333984375
1549.3837890625, 1536.572998046875, 1983.333984375
1556.78369140625, 1544.8331298828125, 1983.333984375
1564.1519775390625, 1553.09326171875, 1983.333984375
1571.4884033203125, 1561.3536376953125, 1983.333984375
1578.7923583984375, 1569.6136474609375, 1983.333984375
1586.063232421875, 1577.873779296875, 1900.5638427734375
1593.3006591796875, 1586.1339111328125, 1704.91455078125
1600.5040283203125, 1594.3939208984375, 1398.146240234375
1607.6729736328125, 1602.6541748046875, 981.8611450195312
1614.8070068359375, 1610.914306640625, 457.5395812988281
1621.905517578125, 1619.1744384765625, 768.6155395507812
1628.968017578125, 1627.4344482421875, 927.1002197265625
1635.994140625, 1627.9735107421875, 878.0997924804688
1642.9832763671875, 1627.9736328125, 1631.46337890625
1649.9349365234375, 1635.695556640625, 1983.333984375
1656.848876953125, 1643.95556640625, 1983.333984375
1663.724365234375, 1652.2156982421875, 1983.333984375
1670.5609130859375, 1660.4757080078125, 1983.333984375
1677.3582763671875, 1668.73583984375, 1950.4527587890625
1684.1158447265625, 1676.9959716796875, 1747.279541015625
1690.8331298828125, 1685.256103515625, 1377.71875
1697.509765625, 1693.51611328125, 845.46533203125
1704.1451416015625, 1701.7762451171875, 1095.987548828125
1710.7388916015625, 1710.0364990234375, 1143.28515625
1717.2906494140625, 1718.2967529296875, 992.7274780273438
1723.7998046875, 1726.556884765625, 649.3175659179688
1730.2659912109375, 1727.0921630859375, 1001.93701171875
1736.688720703125, 1727.0924072265625, 1129.9322509765625
1743.067626953125, 1727.0924072265625, 1981.6025390625
1749.4022216796875, 1734.818115234375, 1983.333984375
1755.692138671875, 1743.078125, 1983.333984375
1761.936767578125, 1751.3382568359375, 1983.333984375
1768.1358642578125, 1759.5982666015625, 1941.092529296875
1774.288818359375, 1767.8583984375, 1659.8306884765625
1780.3953857421875, 1776.11865234375, 1146.1768798828125
1786.455078125, 1784.3787841796875, 406.39984130859375
1792.4674072265625, 1792.638916015625, 388.4827880859375
1798.43212890625, 1800.8990478515625, 108.7865982055664
1804.3486328125, 1809.1591796875, -425.1181945800781
1810.2166748046875, 1817.41943359375, -708.2674560546875
1816.0357666015625, 1825.6795654296875, -1256.60107421875
1821.8055419921875, 1826.2110595703125, -1177.9283447265625
1827.5255126953125, 1822.112548828125, -477.2650146484375
1833.1953125, 1817.7325439453125, 396.46600341796875
1838.814697265625, 1817.451416015625, 1901.8348388671875
1844.3831787109375, 1825.1812744140625, 1983.333984375
1849.900390625, 1833.4412841796875, 1983.333984375
1855.3658447265625, 1841.7012939453125, 1983.333984375
1860.779296875, 1849.96142578125, 1983.333984375
1866.1402587890625, 1858.2215576171875, 1870.6527099609375
1871.448486328125, 1866.481689453125, 1425.796630859375
1876.70361328125, 1874.7418212890625, 659.2974243164062
1881.9051513671875, 1883.0020751953125, 523.1876831054688
1887.0528564453125, 1891.2620849609375, 37.7172737121582
1892.1463623046875, 1899.522216796875, -288.06268310546875
1897.1851806640625, 1907.7825927734375, -966.2095947265625
1902.169189453125, 1916.042724609375, -1985.36376953125
1907.0977783203125, 1916.570068359375, -2449.7529296875
1911.970947265625, 1912.469482421875, -1863.8887939453125
1916.7879638671875, 1908.089599609375, -254.7318572998047
1921.548828125, 1903.7093505859375, 880.2572021484375
1926.2530517578125, 1899.329345703125, 1983.333984375
1930.900390625, 1906.7845458984375, 1983.333984375
1935.490478515625, 1915.044677734375, 1983.333984375
1940.02294921875, 1923.3048095703125, 1983.333984375
1944.49755859375, 1931.5650634765625, 1983.333984375
1948.9139404296875, 1939.8250732421875, 1983.333984375
1953.2718505859375, 1948.0853271484375, 1558.3262939453125
1957.571044921875, 1956.345458984375, 701.279296875
1961.81103515625, 1964.605712890625, 369.1167907714844
1965.99169921875, 1972.8658447265625, -413.2926940917969
1970.1126708984375, 1981.1259765625, -1132.468505859375
1974.1737060546875, 1989.38623046875, -2296.23193359375
1978.174560546875, 1997.646240234375, -1062.9766845703125
1982.1148681640625, 1998.1693115234375, -2326.4580078125
1985.994384765625, 1970.8441162109375, -453.34759521484375
1989.8128662109375, 1964.896728515625, 1501.7125244140625
1993.5699462890625, 1964.6199951171875, 1983.333984375
1997.265625, 1972.3582763671875, 1983.333984375
2000.8994140625, 1980.6185302734375, 1983.333984375
2004.4710693359375, 1988.878662109375, 1983.333984375
2007.98046875, 1997.138916015625, 1983.333984375
2011.42724609375, 2005.39892578125, 1655.240234375
2014.811279296875, 2013.6590576171875, 785.52392578125
2018.1322021484375, 2021.9193115234375, 336.12713623046875
2021.389892578125, 2030.179443359375, -165.4865264892578
2024.5841064453125, 2038.4395751953125, -1221.7711181640625
2027.7147216796875, 2046.6998291015625, -2812.271240234375
2030.78125, 2054.9599609375, -2091.346923828125
2033.7838134765625, 2063.22021484375, -2008.168212890625
2036.721923828125, 2063.73876953125, -1652.1260986328125
2039.595458984375, 2036.39794921875, -682.2896118164062
2042.404296875, 2007.2275390625, 1983.333984375
2045.148193359375, 2001.2939453125, 1983.333984375
2047.8270263671875, 2008.7623291015625, 1983.333984375
2050.4404296875, 2017.022216796875, 1983.333984375
2052.988525390625, 2025.2823486328125, 1983.333984375
2055.470947265625, 2033.54248046875, 1983.333984375
2057.88720703125, 2041.802978515625, 1983.333984375
2060.23779296875, 2050.06298828125, 1983.333984375
2062.522216796875, 2058.3232421875, 1446.08642578125
2064.740234375, 2066.58349609375, 244.24114990234375
2066.8916015625, 2074.843505859375, -156.7164764404297
2068.9765625, 2083.103759765625, -1244.3424072265625
2070.994873046875, 2091.364013671875, -2991.903076171875
2072.946044921875, 2099.624267578125, -2547.86376953125
2074.830322265625, 2100.138427734375, -1969.1087646484375
2076.647216796875, 2072.781982421875, -906.850341796875
2078.39697265625, 2043.6114501953125, 1983.333984375
2080.079345703125, 2037.691162109375, 1983.333984375
2081.694091796875, 2045.166259765625, 1983.333984375
2083.2412109375, 2053.426513671875, 1983.333984375
2084.720703125, 2061.6865234375, 1983.333984375
2086.13232421875, 2069.946533203125, 1983.333984375
2087.475830078125, 2078.206787109375, 1983.333984375
2088.75146484375, 2086.466796875, 1227.1395263671875
2089.958984375, 2094.72705078125, 643.70166015625
2091.09814453125, 2102.987060546875, -227.69662475585938
2092.169189453125, 2111.247314453125, -1878.2529296875
2093.171630859375, 2119.507568359375, -1450.6387939453125
2094.10595703125, 2127.767822265625, -1882.7802734375
2094.971435546875, 2136.028076171875, -3139.596923828125
2095.7685546875, 2136.5380859375, -4300.63037109375
2096.4970703125, 2109.167236328125, -2187.806396484375
2097.156982421875, 2079.996826171875, -90.7365951538086
2097.748046875, 2050.826416015625, 1983.333984375
2098.2705078125, 2049.029296875, 1983.333984375
2098.72412109375, 2056.78076171875, 1983.333984375
2099.10888671875, 2065.041015625, 1983.333984375
2099.4248046875, 2073.30078125, 1983.333984375
2099.671875, 2081.56103515625, 1983.333984375
2099.85009765625, 2089.8212890625, 1983.333984375
2099.959228515625, 2098.081787109375, 1180.6173095703125
2099.999755859375, 2106.342529296875, 419.3688049316406
2099.97119140625, 2114.6025390625, -754.5923461914062
2099.873779296875, 2122.86279296875, -2826.337646484375
2099.70751953125, 2131.123046875, -2932.579345703125
2099.472412109375, 2139.383056640625, -4005.75
2099.168212890625, 2147.6435546875, -6005.38330078125
2098.79541015625, 2148.148193359375, -7000.0
2098.353759765625, 2120.759033203125, -5866.27783203125
2097.84326171875, 2091.588623046875, -1509.2828369140625
2097.263916015625, 2062.41796875, 1635.7802734375
2096.615966796875, 2033.247314453125, 1983.333984375
2095.8994140625, 2039.226318359375, 1983.333984375
2095.114013671875, 2047.486328125, 1983.333984375
2094.26025390625, 2055.746337890625, 1983.333984375
2093.337890625, 2064.006591796875, 1983.333984375
2092.34716796875, 2072.266845703125, 1983.333984375
2091.2880859375, 2080.527099609375, 1983.333984375
2090.16064453125, 2088.787109375, 1122.8350830078125
2088.96484375, 2097.04736328125, 165.2830047607422
2087.701171875, 2105.3076171875, -1336.520751953125
2086.369140625, 2113.56787109375, -1034.7652587890625
2084.969482421875, 2121.827880859375, -1853.590087890625
2083.501708984375, 2130.08837890625, -3744.78955078125
2081.96630859375, 2130.5888671875, -5774.3466796875
2080.363037109375, 2103.183837890625, -4749.5751953125
2078.6923828125, 2074.01318359375, -3455.081787109375
2076.954345703125, 2044.842529296875, 416.357666015625
2075.14892578125, 2038.9642333984375, 1983.333984375
2073.2763671875, 2038.6995849609375, 1983.333984375
2071.336669921875, 2046.4608154296875, 1983.333984375
2069.330078125, 2054.720947265625, 1983.333984375
2067.256591796875, 2062.98095703125, 1454.9158935546875
2065.11669921875, 2071.24169921875, 704.7083129882812
2062.91015625, 2079.501708984375, -708.0271606445312
2060.63720703125, 2087.761962890625, -3255.592041015625
2058.298095703125, 2096.022216796875, -4062.56640625
2055.89306640625, 2104.282470703125, -6049.74658203125
2053.422119140625, 2112.542724609375, -7000.0
2050.88525390625, 2120.802978515625, -7000.0
2048.283203125, 2129.0634765625, -7000.0
2045.6156005859375, 2137.323486328125, -7000.0
2042.8829345703125, 2137.8193359375, -7000.0
2040.0853271484375, 2110.39697265625, -7000.0
2037.222900390625, 2081.2265625, -7000.0
2034.2958984375, 2052.056396484375, -5334.94873046875
2031.3045654296875, 2022.8856201171875, -3583.379150390625
2028.2490234375, 1993.7139892578125, 571.60986328125
2025.1295166015625, 1987.852783203125, 1983.333984375
2021.9462890625, 1987.5911865234375, 1983.333984375
2018.699462890625, 1995.358154296875, 1983.333984375
2015.389404296875, 2003.6182861328125, 1983.333984375
2012.0162353515625, 2011.8785400390625, 981.1314086914062
2008.580322265625, 2020.138671875, -367.4413146972656
2005.081787109375, 2028.39892578125, -2496.5302734375
2001.520751953125, 2036.6591796875, -3045.7705078125
1997.897705078125, 2044.91943359375, -4927.529296875
1994.2127685546875, 2053.179443359375, -7000.0
1990.4661865234375, 2061.439697265625, -7000.0
1986.6583251953125, 2069.7001953125, -7000.0
1982.789306640625, 2077.96044921875, -7000.0
1978.8594970703125, 2086.220703125, -7000.0
1974.869140625, 2086.710693359375, -7000.0
1970.8184814453125, 2059.268310546875, -7000.0
1966.7078857421875, 2030.0977783203125, -7000.0
1962.5374755859375, 2000.927001953125, -7000.0
1958.3076171875, 1971.756591796875, -4841.87060546875
1954.0186767578125, 1942.5859375, -2770.38427734375
1949.6708984375, 1913.4151611328125, 598.4373779296875
1945.2646484375, 1907.5709228515625, 1983.333984375
1940.800048828125, 1915.0848388671875, 1983.333984375
1936.2774658203125, 1923.3448486328125, 1983.333984375
1931.6973876953125, 1931.60498046875, 975.87841796875
1927.0599365234375, 1939.865234375, -17.676586151123047
1922.365478515625, 1948.12548828125, -2444.16845703125
1917.6143798828125, 1956.3857421875, -3412.155029296875
1912.8070068359375, 1964.6461181640625, -5827.279296875
1907.943603515625, 1972.9063720703125, -7000.0
1903.0245361328125, 1981.1668701171875, -7000.0
1898.050048828125, 1989.427001953125, -7000.0
1893.0206298828125, 1997.687255859375, -7000.0
1887.9366455078125, 2005.947509765625, -7000.0
1882.7982177734375, 2006.432373046875, -7000.0
1877.60595703125, 1978.97216796875, -7000.0
1872.360107421875, 1949.8016357421875, -7000.0
1867.06103515625, 1920.6309814453125, -7000.0
1861.7091064453125, 1891.4605712890625, -6707.99169921875
1856.3046875, 1862.2901611328125, -3710.748291015625
1850.84814453125, 1833.1195068359375, -975.4528198242188
1845.33984375, 1803.948974609375, 1983.333984375
1839.7802734375, 1798.12109375, 1983.333984375
1834.169677734375, 1805.64306640625, 1983.333984375
1828.508544921875, 1813.9031982421875, 1983.333984375
1822.797119140625, 1822.16357421875, 1037.3631591796875
1817.0360107421875, 1830.423828125, -26.129289627075195
1811.225341796875, 1838.6842041015625, -2647.088134765625
1805.3658447265625, 1846.9444580078125, -3926.69873046875
1799.4576416015625, 1855.2049560546875, -6763.83935546875
1793.501220703125, 1863.4654541015625, -7000.0
1787.4970703125, 1871.7259521484375, -7000.0
1781.445556640625, 1879.9864501953125, -7000.0
1775.3470458984375, 1888.2469482421875, -7000.0
1769.2020263671875, 1896.50732421875, -7000.0
1763.0108642578125, 1896.9869384765625, -7000.0
1756.7740478515625, 1869.5076904296875, -7000.0
1750.491943359375, 1840.3372802734375, -7000.0
1744.1651611328125, 1811.1668701171875, -7000.0
1737.7938232421875, 1781.9964599609375, -7000.0
1731.378662109375, 1752.826171875, -5758.1875
1724.919921875, 1723.65478515625, -1979.181640625
1718.4180908203125, 1694.484619140625, 881.3156127929688
1711.8736572265625, 1665.3143310546875, 1983.333984375
1705.287109375, 1663.6319580078125, 1983.333984375
1698.658935546875, 1671.416015625, 1983.333984375
1691.9893798828125, 1679.6766357421875, 1983.333984375
1685.279052734375, 1687.937255859375, 660.0872802734375
1678.5284423828125, 1696.19775390625, -875.1045532226562
1671.738037109375, 1704.4583740234375, -1230.0699462890625
1664.9080810546875, 1712.7191162109375, -3294.330810546875
