843.7906494140625, 862.0449829101562, -1584.64892578125
835.7758178710938, 854.0061645507812, -3087.368896484375
827.7792358398438, 845.9889526367188, -1686.2930908203125
819.8014526367188, 860.2550048828125, -2902.067138671875
811.8428955078125, 874.4031372070312, -6587.89453125
803.9042358398438, 888.43017578125, -7000.0
795.9859619140625, 902.3348999023438, -7000.0
788.088623046875, 916.1177368164062, -7000.0
780.2128295898438, 929.7808837890625, -7000.0
772.3590087890625, 943.33203125, -7000.0
764.52783203125, 955.5009765625, -7000.0
756.7197265625, 955.350830078125, -7000.0
748.9352416992188, 926.1806030273438, -7000.0
741.1749877929688, 897.0119018554688, -7000.0
733.439453125, 867.8449096679688, -7000.0
725.7291870117188, 838.6790771484375, -7000.0
718.044677734375, 809.5142211914062, -7000.0
710.386474609375, 780.3499755859375, -7000.0
702.7551879882812, 751.1859741210938, -7000.0
695.1511840820312, 722.0217895507812, -6380.9541015625
687.5751342773438, 692.85693359375, -3320.81396484375
680.0274658203125, 663.6890869140625, -764.5313720703125
672.5087890625, 634.5224609375, 1801.0986328125
665.01953125, 609.1878051757812, 1983.333984375
657.5602416992188, 608.0098876953125, 1983.333984375
650.1314697265625, 624.31494140625, 1983.333984375
642.733642578125, 640.4801025390625, 327.12469482421875
635.3673706054688, 656.50732421875, -1588.7703857421875
628.0330810546875, 672.4030151367188, -3241.7548828125
620.7313232421875, 688.1604614257812, -7000.0
613.4625854492188, 703.7869873046875, -7000.0
606.2273559570312, 719.2754516601562, -7000.0
599.0261840820312, 734.6340942382812, -7000.0
591.8594970703125, 749.8635864257812, -7000.0
584.7278442382812, 764.962646484375, -7000.0
577.6317138671875, 779.9318237304688, -7000.0
570.571533203125, 793.5013427734375, -7000.0
563.5478515625, 794.503173828125, -7000.0
556.5610961914062, 765.3343505859375, -7000.0
549.61181640625, 736.1654663085938, -7000.0
542.7005004882812, 706.9967651367188, -7000.0
535.8275146484375, 677.8281860351562, -7000.0
528.9934692382812, 648.6597290039062, -7000.0
522.19873046875, 619.4915161132812, -7000.0
515.4437866210938, 590.3236083984375, -7000.0
508.7291259765625, 561.156005859375, -7000.0
502.0552062988281, 531.98876953125, -6730.1953125
495.4225158691406, 502.8219299316406, -3894.605712890625
488.8314514160156, 473.65557861328125, -1443.003662109375
482.2825012207031, 444.4898681640625, 948.3261108398438
475.776123046875, 419.1789855957031, 1983.333984375
469.3127746582031, 418.27349853515625, 1983.333984375
462.8928527832031, 436.20611572265625, 1983.333984375
456.516845703125, 453.989501953125, 1118.2784423828125
450.1851501464844, 471.6217956542969, -871.2590942382812
443.89825439453125, 489.0960388183594, -2654.713623046875
437.65655517578125, 506.422119140625, -7000.0
431.46051025390625, 523.6068725585938, -7000.0
425.3105163574219, 540.641845703125, -7000.0
419.2070007324219, 557.528564453125, -7000.0
413.1504211425781, 574.2738037109375, -7000.0
407.1411437988281, 590.8707275390625, -7000.0
401.1795959472656, 607.3276977539062, -7000.0
395.2662353515625, 622.3685302734375, -7000.0
389.4013977050781, 624.5801391601562, -7000.0
383.5855407714844, 595.4125366210938, -7000.0
377.81903076171875, 566.2451171875, -7000.0
372.102294921875, 537.0780029296875, -7000.0
366.4356994628906, 507.9112243652344, -7000.0
360.8196716308594, 478.7447814941406, -7000.0
355.25457763671875, 449.5789489746094, -7000.0
349.74078369140625, 420.4073181152344, -7000.0
344.2786560058594, 391.2030029296875, -7000.0
338.86865234375, 361.9748840332031, -5945.98046875
333.51104736328125, 332.8130187988281, -2219.460693359375
328.206298828125, 303.6528625488281, -496.5184326171875
322.9546813964844, 274.49505615234375, 1983.333984375
317.75665283203125, 251.0686492919922, 1983.333984375
312.61248779296875, 259.71014404296875, 1983.333984375
307.5225830078125, 278.9944152832031, 1983.333984375
302.4872741699219, 298.119140625, 238.35861206054688
297.5069580078125, 317.07623291015625, -1490.0032958984375
292.5818786621094, 335.87445068359375, -3021.429443359375
287.71246337890625, 354.5134582519531, -7000.0
282.8990173339844, 372.9932861328125, -7000.0
278.1418762207031, 391.3135986328125, -7000.0
273.44134521484375, 409.4759521484375, -7000.0
268.79779052734375, 427.4870910644531, -7000.0
264.21148681640625, 445.34014892578125, -7000.0
259.6827697753906, 463.0434875488281, -7000.0
255.2119598388672, 479.2799377441406, -7000.0
250.7993621826172, 482.3395690917969, -7000.0
246.4452667236328, 453.17303466796875, -7000.0
242.14999389648438, 424.0081481933594, -7000.0
237.913818359375, 394.8439636230469, -7000.0
233.73704528808594, 365.6807861328125, -7000.0
229.61996459960938, 336.51873779296875, -7000.0
225.5628662109375, 307.35833740234375, -7000.0
221.5659942626953, 278.2001647949219, -7000.0
217.62966918945312, 249.04393005371094, -6892.07568359375
213.75413513183594, 219.89292907714844, -3894.7275390625
209.93966674804688, 190.7480010986328, -971.685546875
206.18650817871094, 161.61244201660156, 1910.79833984375
202.49496459960938, 136.47900390625, 1983.333984375
198.865234375, 136.0915069580078, 1983.333984375
195.297607421875, 156.41485595703125, 1983.333984375
191.79232788085938, 176.56973266601562, 1370.7950439453125
188.349609375, 196.56101989746094, -933.8499755859375
184.96971130371094, 216.38681030273438, -1127.7779541015625
181.65286254882812, 236.04566955566406, -3943.1689453125
178.3992919921875, 255.537109375, -7000.0
175.20921325683594, 274.86029052734375, -7000.0
172.08287048339844, 294.0164489746094, -7000.0
169.02044677734375, 313.0137023925781, -7000.0
166.02218627929688, 331.8502197265625, -7000.0
163.08827209472656, 350.5191345214844, -7000.0
160.21890258789062, 367.70611572265625, -7000.0
157.414306640625, 371.5367431640625, -7000.0
154.6746368408203, 342.375, -7000.0
152.0001220703125, 313.21466064453125, -7000.0
149.3909149169922, 284.0562744140625, -7000.0
146.84719848632812, 254.9006805419922, -7000.0
144.36917114257812, 225.7487030029297, -7000.0
141.9569854736328, 196.60235595703125, -7000.0
139.61080932617188, 167.46453857421875, -6476.771484375
137.330810546875, 138.3288116455078, -2900.806884765625
135.1171417236328, 109.23007202148438, -1157.31103515625
132.96995544433594, 80.18380737304688, 1983.333984375
130.889404296875, 56.32436752319336, 1983.333984375
128.8756103515625, 61.62306594848633, 1983.333984375
126.92874908447266, 82.46499633789062, 1983.333984375
125.0489273071289, 103.19364929199219, 1983.333984375
123.23628234863281, 123.77452087402344, 467.1228332519531
121.49093627929688, 144.19509887695312, -1616.7867431640625
119.8130111694336, 164.45562744140625, -3284.5576171875
118.20262908935547, 184.54454040527344, -7000.0
116.65989685058594, 204.46832275390625, -7000.0
115.1849136352539, 224.22561645507812, -7000.0
113.77778625488281, 243.81556701660156, -7000.0
112.43861389160156, 263.2375183105469, -7000.0
111.16748809814453, 282.4926452636719, -7000.0
109.96449279785156, 300.2551574707031, -7000.0
108.82971954345703, 304.5230407714844, -7000.0
107.76322937011719, 275.3658142089844, -7000.0
106.7651138305664, 246.21151733398438, -7000.0
105.83543395996094, 217.06130981445312, -7000.0
104.97425842285156, 187.9174346923828, -7000.0
104.181640625, 158.78306579589844, -7000.0
103.45763397216797, 129.6651153564453, -6281.1083984375
102.80229187011719, 100.57783508300781, -2334.795166015625
102.21566772460938, 71.5586929321289, -90.14122009277344
101.69778442382812, 42.74663543701172, 1983.333984375
101.24868774414062, 21.297088623046875, 1983.333984375
100.868408203125, 34.372623443603516, 1983.333984375
100.55697631835938, 55.183372497558594, 1983.333984375
100.31439971923828, 76.04563903808594, 1983.333984375
100.14070892333984, 96.81119537353516, 892.6353759765625
100.0359115600586, 117.43687438964844, -599.1590576171875
100.00001525878906, 137.91143798828125, -1542.715576171875
100.03302001953125, 158.22044372558594, -4763.390625
100.13492584228516, 178.36569213867188, -7000.0
100.30572509765625, 198.33799743652344, -7000.0
100.54540252685547, 218.14418029785156, -7000.0
100.85395050048828, 237.7832489013672, -7000.0
101.23133850097656, 257.2561340332031, -7000.0
101.67754364013672, 275.2337951660156, -7000.0
102.19253540039062, 279.6424865722656, -7000.0
102.77628326416016, 250.4867706298828, -7000.0
103.4287338256836, 221.3360595703125, -7000.0
104.14985656738281, 192.19113159179688, -7000.0
104.9395980834961, 163.05535888671875, -7000.0
105.79789733886719, 133.9343719482422, -6503.01904296875
106.72470092773438, 104.84114074707031, -2586.3388671875
107.7199478149414, 75.80760955810547, -184.71469116210938
108.78356170654297, 46.94474411010742, 1983.333984375
109.91547393798828, 25.176782608032227, 1983.333984375
111.1156005859375, 37.73956298828125, 1983.333984375
112.38387298583984, 58.5826530456543, 1983.333984375
113.72018432617188, 79.44174194335938, 1983.333984375
115.12446594238281, 100.18982696533203, 1280.593505859375
116.59659576416016, 120.79779052734375, -621.989990234375
118.13648986816406, 141.2445831298828, -2697.15234375
119.74403381347656, 161.52487182617188, -3982.939453125
121.41912841796875, 181.64334106445312, -7000.0
123.1616439819336, 201.59451293945312, -7000.0
124.97146606445312, 221.3710174560547, -7000.0
126.84846496582031, 240.98190307617188, -7000.0
128.7925262451172, 260.4332580566406, -7000.0
130.80349731445312, 278.36761474609375, -7000.0
132.88125610351562, 282.7138366699219, -7000.0
135.02565002441406, 253.55886840820312, -7000.0
137.2365264892578, 224.4076385498047, -7000.0
139.5137481689453, 195.26194763183594, -7000.0
141.85714721679688, 166.125, -6066.29443359375
144.2665557861328, 137.00198364257812, -1565.1533203125
146.74183654785156, 107.90485382080078, 650.6270751953125
149.2827911376953, 78.86224365234375, 1983.333984375
151.8892364501953, 58.15129470825195, 1983.333984375
154.56103515625, 79.00580596923828, 1983.333984375
157.29795837402344, 99.75654602050781, 1983.333984375
160.09983825683594, 120.36302185058594, 1983.333984375
162.96649169921875, 140.81085205078125, 1983.333984375
165.89768981933594, 161.09866333007812, 1106.623779296875
168.8932647705078, 181.21688842773438, -1668.965087890625
171.95298767089844, 201.1695098876953, -1573.0775146484375
175.07666015625, 220.95584106445312, -3390.7216796875
178.26406860351562, 240.57492065429688, -6999.5888671875
181.5149688720703, 260.026123046875, -7000.0
184.8291778564453, 279.3105773925781, -7000.0
188.2064208984375, 297.0804138183594, -7000.0
191.64651489257812, 301.2658386230469, -7000.0
195.149169921875, 272.10888671875, -7000.0
198.7141876220703, 242.95498657226562, -7000.0
202.34130859375, 213.80538940429688, -4606.482421875
206.0302734375, 184.66241455078125, -1398.31689453125
209.7808380126953, 155.52944946289062, 1983.333984375
213.5927276611328, 130.51173400878906, 1983.333984375
217.46571350097656, 130.2451629638672, 1983.333984375
221.3994903564453, 150.61447143554688, 1983.333984375
225.39381408691406, 170.8164825439453, 1983.333984375
229.4484100341797, 190.85556030273438, 1983.333984375
233.56297302246094, 210.72952270507812, 1983.333984375
237.73724365234375, 230.4368438720703, 511.2322082519531
241.97093200683594, 249.97691345214844, -1679.1527099609375
246.26373291015625, 269.3488464355469, -885.9014282226562
250.6153564453125, 288.55389404296875, -1833.291259765625
255.0255126953125, 307.5984802246094, -4408.96826171875
259.4938659667969, 326.4756774902344, -7000.0
264.0201721191406, 345.19366455078125, -7000.0
268.60406494140625, 362.39239501953125, -7000.0
273.2452087402344, 366.0850830078125, -7000.0
277.943359375, 336.9236145019531, -7000.0
282.6981506347656, 307.763671875, -6168.765625
287.50921630859375, 278.6057434082031, -1490.103759765625
292.3763122558594, 249.45074462890625, 1306.458984375
297.2990417480469, 220.29966735839844, 1983.333984375
302.2770690917969, 199.29798889160156, 1983.333984375
307.31005859375, 219.09156799316406, 1983.333984375
312.3976745605469, 238.72071838378906, 1983.333984375
317.53955078125, 258.1908264160156, 1983.333984375
322.7353515625, 277.49298095703125, 1983.333984375
327.9847106933594, 296.6282653808594, 1983.333984375
333.2872619628906, 315.6031799316406, 1778.46533203125
338.6426086425781, 334.41064453125, 1003.9810180664062
344.0504455566406, 353.058837890625, -1229.4346923828125
349.5103759765625, 371.547607421875, -3168.82373046875
355.0220031738281, 389.87860107421875, -3652.5615234375
360.5849609375, 408.0583190917969, -5556.4443359375
366.1988830566406, 424.713623046875, -7000.0
371.86334228515625, 427.9335021972656, -7000.0
377.5780029296875, 398.7694396972656, -5728.2763671875
383.3424072265625, 369.6063232421875, -3348.139404296875
389.1562194824219, 340.4443054199219, 288.3706970214844
395.01898193359375, 315.4186096191406, 1983.333984375
400.9303283691406, 314.91510009765625, 1983.333984375
406.8898620605469, 333.7311096191406, 1983.333984375
412.8971252441406, 352.388427734375, 1983.333984375
418.9517517089844, 370.88671875, 1983.333984375
425.05328369140625, 389.2257080078125, 1983.333984375
431.20135498046875, 407.4068298339844, 1983.333984375
437.3954772949219, 425.4368591308594, 1227.5931396484375
443.63525390625, 443.3089294433594, 137.61036682128906
449.9202880859375, 461.0312805175781, -621.352294921875
456.2500915527344, 478.6038513183594, -2629.305908203125
462.6242370605469, 496.02667236328125, -2975.313720703125
469.0423278808594, 513.2996215820312, -4546.6728515625
475.5038757324219, 529.0532836914062, -7000.0
482.0084533691406, 531.509521484375, -7000.0
488.5556335449219, 502.3430480957031, -4882.556640625
495.1449279785156, 473.177001953125, -1604.575927734375
501.77587890625, 444.011474609375, 1983.333984375
508.44805908203125, 418.9965515136719, 1983.333984375
515.1610107421875, 418.3586120605469, 1983.333984375
521.9142456054688, 436.2894592285156, 1983.333984375
528.7073364257812, 454.071044921875, 1983.333984375
535.539794921875, 471.703125, 1983.333984375
542.4111328125, 489.1838684082031, 1983.333984375
549.3208618164062, 506.5089111328125, 1983.333984375
556.2685546875, 523.69189453125, 1983.333984375
563.2537231445312, 540.7250366210938, 1983.333984375
570.27587890625, 557.6100463867188, 1436.073486328125
577.3345336914062, 574.353515625, 766.0972900390625
584.4291381835938, 590.94873046875, -941.5986328125
591.559326171875, 607.404052734375, -2189.77392578125
598.7245483398438, 622.344482421875, -1439.1961669921875
605.92431640625, 628.27392578125, -3406.914306640625
613.1580810546875, 619.730712890625, -3470.499267578125
620.4254150390625, 594.7275390625, -1275.2291259765625
627.725830078125, 590.3480834960938, 1200.7105712890625
635.0587768554688, 586.736572265625, 1983.333984375
642.4237060546875, 589.666259765625, 1983.333984375
649.8201904296875, 606.130859375, 1983.333984375
657.2476806640625, 622.455810546875, 1983.333984375
664.7056884765625, 638.6410522460938, 1983.333984375
672.1937255859375, 654.6864624023438, 1983.333984375
679.711181640625, 670.5936889648438, 1139.7337646484375
687.2576293945312, 686.3693237304688, 353.9297180175781
694.83251953125, 702.0067138671875, -1300.0819091796875
702.435302734375, 717.5125732421875, -2442.9677734375
710.0654907226562, 732.880126953125, -1588.02001953125
717.7225952148438, 748.1176147460938, -1643.4072265625
725.406005859375, 763.2252197265625, -2545.7373046875
733.1151733398438, 776.8232421875, -4076.906005859375
740.8496704101562, 777.4629516601562, -4719.43408203125
748.60888671875, 748.2942504882812, -1103.4110107421875
756.392333984375, 719.1255493164062, 1476.4283447265625
764.199462890625, 689.95703125, 1983.333984375
772.0297241210938, 668.3744506835938, 1983.333984375
779.882568359375, 684.16943359375, 1983.333984375
787.7575073242188, 699.8264770507812, 1983.333984375
795.6539306640625, 715.3526000976562, 1983.333984375
803.5713500976562, 730.7399291992188, 1983.333984375
811.5091552734375, 745.9978637695312, 1983.333984375
819.4668579101562, 761.1254272460938, 1983.333984375
827.4439086914062, 776.123046875, 1983.333984375
835.439697265625, 790.9906616210938, 1983.333984375
843.4537353515625, 805.7299194335938, 1983.333984375
851.4854736328125, 820.34765625, 1983.333984375
859.5343017578125, 834.8370361328125, 1983.333984375
867.5997314453125, 849.205322265625, 1983.333984375
875.68115234375, 863.4447631835938, 1684.751220703125
883.7780151367188, 877.5641479492188, 725.62744140625
891.8897705078125, 891.5636596679688, 96.38661193847656
900.0159301757812, 905.4431762695312, -12.115456581115723
908.1558227539062, 917.8165893554688, -599.678466796875
916.3088989257812, 921.6194458007812, -659.8955688476562
924.4746704101562, 917.2398071289062, -403.8907165527344
932.6525268554688, 912.8599853515625, 330.1744079589844
940.8419189453125, 909.553955078125, 1983.333984375
949.0422973632812, 913.5045166015625, 1983.333984375
957.2530517578125, 927.1953125, 1983.333984375
965.4736328125, 940.7745361328125, 1983.333984375
973.7035522460938, 954.2339477539062, 1983.333984375
981.9420776367188, 967.5750732421875, 1983.333984375
990.1887817382812, 980.8045654296875, 1473.0472412109375
998.4430541992188, 993.9158325195312, 445.2316589355469
1006.704345703125, 1006.9171142578125, -118.86959075927734
1014.9720458984375, 1019.808349609375, -148.8933563232422
1023.24560546875, 1032.589599609375, -693.3009033203125
1031.5244140625, 1045.2608642578125, -1713.163818359375
1039.8079833984375, 1057.822265625, -3171.591064453125
1048.095703125, 1068.883056640625, -2048.188720703125
1056.386962890625, 1071.6014404296875, -3169.309326171875
1064.6812744140625, 1063.01123046875, -2301.934326171875
1072.97802734375, 1038.052734375, 381.35333251953125
1081.276611328125, 1033.6728515625, 1983.333984375
1089.576416015625, 1032.1937255859375, 1983.333984375
1097.8770751953125, 1044.8646240234375, 1983.333984375
1106.1778564453125, 1057.4273681640625, 1983.333984375
1114.4781494140625, 1069.888427734375, 1983.333984375
1122.7774658203125, 1082.23974609375, 1983.333984375
1131.0751953125, 1094.4825439453125, 1983.333984375
1139.3707275390625, 1106.62548828125, 1983.333984375
1147.6636962890625, 1118.6668701171875, 1983.333984375
1155.9532470703125, 1130.599853515625, 1983.333984375
1164.239013671875, 1142.4329833984375, 1983.333984375
1172.5203857421875, 1154.1658935546875, 1983.333984375
1180.7967529296875, 1165.7989501953125, 1983.333984375
1189.0675048828125, 1177.3319091796875, 1934.5166015625
1197.3321533203125, 1188.7650146484375, 1536.7188720703125
1205.5899658203125, 1200.0980224609375, 817.9517211914062
1213.8406982421875, 1211.332763671875, 746.7152099609375
1222.08349609375, 1222.4757080078125, 358.0431823730469
1230.31787109375, 1232.1226806640625, -163.40867614746094
1238.543212890625, 1234.8896484375, -31.29248046875
1246.7591552734375, 1237.394287109375, 750.362548828125
1254.96484375, 1238.8970947265625, 1319.486328125
1263.159912109375, 1241.3800048828125, 1983.333984375
1271.34375, 1245.4642333984375, 1983.333984375
1279.515869140625, 1256.3087158203125, 1983.333984375
1287.6754150390625, 1267.063232421875, 1983.333984375
1295.8221435546875, 1277.727783203125, 1983.333984375
1303.9554443359375, 1288.302490234375, 1983.333984375
1312.0745849609375, 1298.7872314453125, 1983.333984375
1320.17919921875, 1309.1820068359375, 1979.17724609375
1328.2685546875, 1319.486572265625, 1731.80078125
1336.34228515625, 1329.7020263671875, 1261.68896484375
1344.399658203125, 1339.826904296875, 588.3977661132812
1352.440185546875, 1349.86328125, 672.2703857421875
1360.46337890625, 1359.8179931640625, 540.6476440429688
1368.468505859375, 1368.281494140625, 371.45806884765625
1376.4552001953125, 1369.8800048828125, 943.48193359375
1384.4228515625, 1371.468505859375, 1276.5032958984375
1392.3709716796875, 1373.0452880859375, 1983.333984375
1400.298828125, 1376.0057373046875, 1983.333984375
1408.2060546875, 1385.7320556640625, 1983.333984375
1416.092041015625, 1395.337158203125, 1983.333984375
1423.956298828125, 1404.4920654296875, 1983.333984375
1431.7982177734375, 1412.752197265625, 1983.333984375
1439.6171875, 1421.01220703125, 1983.333984375
1447.412841796875, 1429.2725830078125, 1983.333984375
1455.1844482421875, 1437.5328369140625, 1983.333984375
1462.9317626953125, 1445.7928466796875, 1983.333984375
1470.6539306640625, 1454.052978515625, 1983.333984375
1478.3505859375, 1462.3131103515625, 1983.333984375
1486.021240234375, 1470.5732421875, 1983.333984375
1493.6651611328125, 1478.8333740234375, 1983.333984375
1501.2821044921875, 1487.0933837890625, 1983.333984375
1508.871337890625, 1495.3533935546875, 1983.333984375
1516.432373046875, 1503.613525390625, 1983.333984375
1523.9647216796875, 1511.8740234375, 1983.333984375
1531.4678955078125, 1520.1341552734375, 1983.333984375
1538.9412841796875, 1528.394287109375, 1983.333984375
1546.3843994140625, 1536.6544189453125, 1983.333984375
1553.796875, 1544.91455078125, 1979.7349853515625
1561.177978515625, 1553.1746826171875, 1875.7418212890625
1568.52734375, 1561.434814453125, 1672.755615234375
1575.844482421875, 1569.6949462890625, 1372.0238037109375
1583.1287841796875, 1577.9552001953125, 974.6617431640625
1590.3797607421875, 1586.2152099609375, 481.7149353027344
1597.5970458984375, 1594.475341796875, 836.17626953125
1604.780029296875, 1602.7354736328125, 1049.666015625
1611.9281005859375, 1609.573486328125, 345.9247741699219
1619.041015625, 1609.57373046875, 491.478759765625
1626.1181640625, 1610.99658203125, 1276.91455078125
1633.1590576171875, 1619.256591796875, 1883.5404052734375
1640.1632080078125, 1627.5164794921875, 1983.333984375
1647.130126953125, 1635.776611328125, 1983.333984375
1654.059326171875, 1644.0367431640625, 1983.333984375
1660.9503173828125, 1652.296875, 1953.9315185546875
1667.802734375, 1660.5570068359375, 1764.9180908203125
1674.615966796875, 1668.817138671875, 1419.7900390625
1681.3896484375, 1677.077392578125, 921.826416015625
1688.123291015625, 1685.3377685546875, 274.0587463378906
1694.81640625, 1693.5977783203125, 421.4646301269531
1701.468505859375, 1701.8580322265625, 377.49359130859375
1708.0792236328125, 1708.6922607421875, 310.1828918457031
1714.64794921875, 1708.6925048828125, 998.0648803710938
1721.17431640625, 1708.692626953125, 1456.4207763671875
1727.657958984375, 1708.6927490234375, 1983.333984375
1734.098388671875, 1710.11962890625, 1983.333984375
1740.4949951171875, 1718.379638671875, 1983.333984375
1746.8475341796875, 1726.6397705078125, 1983.333984375
1753.155517578125, 1734.89990234375, 1983.333984375
1759.4185791015625, 1743.159912109375, 1983.333984375
1765.6361083984375, 1751.4200439453125, 1983.333984375
1771.8077392578125, 1759.6802978515625, 1983.333984375
1777.93310546875, 1767.9404296875, 1983.333984375
1784.0118408203125, 1776.2005615234375, 1858.037109375
1790.0433349609375, 1784.4608154296875, 1483.97216796875
1796.02734375, 1792.720947265625, 868.1428833007812
1801.96337890625, 1800.98095703125, 959.2445678710938
1807.85107421875, 1809.2410888671875, 774.3007202148438
1813.68994140625, 1816.071044921875, 485.23272705078125
1819.479736328125, 1816.0712890625, 873.2990112304688
1825.2198486328125, 1816.0714111328125, 956.8452758789062
1830.9100341796875, 1816.071533203125, 1687.4532470703125
1836.5498046875, 1817.5029296875, 1983.333984375
1842.138916015625, 1825.7628173828125, 1983.333984375
1847.6768798828125, 1834.02294921875, 1983.333984375
1853.1632080078125, 1842.2830810546875, 1983.333984375
1858.5977783203125, 1850.5430908203125, 1886.2159423828125
1863.97998046875, 1858.80322265625, 1464.5970458984375
1869.3096923828125, 1867.0633544921875, 728.709228515625
1874.5863037109375, 1875.3236083984375, 630.2722778320312
1879.8094482421875, 1883.583740234375, 189.21087646484375
1884.97900390625, 1891.8438720703125, -85.67684936523438
1890.0943603515625, 1900.10400390625, -706.6886596679688
1895.1553955078125, 1908.3642578125, -1662.762939453125
1900.16162109375, 1915.1900634765625, -2779.223388671875
1905.1126708984375, 1914.429443359375, -3186.10693359375
1910.0081787109375, 1910.0494384765625, -2511.063232421875
1914.8480224609375, 1905.669189453125, -814.5732421875
1919.631591796875, 1901.2891845703125, 405.9665832519531
1924.3587646484375, 1896.9093017578125, 1983.333984375
1929.029052734375, 1894.7269287109375, 1983.333984375
1933.642333984375, 1902.9869384765625, 1983.333984375
1938.1981201171875, 1911.2469482421875, 1983.333984375
1942.6961669921875, 1919.507080078125, 1983.333984375
1947.1361083984375, 1927.7672119140625, 1983.333984375
1951.5177001953125, 1936.0272216796875, 1983.333984375
1955.8406982421875, 1944.2874755859375, 1983.333984375
1960.1046142578125, 1952.547607421875, 1829.64892578125
1964.309326171875, 1960.807861328125, 1219.5452880859375
1968.4544677734375, 1969.0679931640625, 1111.10986328125
1972.539794921875, 1977.3282470703125, 530.316162109375
1976.56494140625, 1985.5885009765625, -8.291509628295898
1980.5296630859375, 1992.4093017578125, -846.7967529296875
1984.433837890625, 1991.646240234375, -1109.1414794921875
1988.2769775390625, 1987.26611328125, -417.21234130859375
1992.0589599609375, 1982.885986328125, 676.435791015625
1995.779541015625, 1978.5059814453125, 1700.419921875
1999.438232421875, 1974.8900146484375, 1983.333984375
2003.0350341796875, 1976.3311767578125, 1983.333984375
2006.5697021484375, 1984.591064453125, 1983.333984375
2010.041748046875, 1992.8511962890625, 1983.333984375
2013.451171875, 2001.111083984375, 1983.333984375
2016.7977294921875, 2009.3712158203125, 1814.9659423828125
2020.0810546875, 2017.63134765625, 1085.46337890625
2023.3009033203125, 2025.8914794921875, 757.7019653320312
2026.4571533203125, 2034.1517333984375, -137.76768493652344
2029.5496826171875, 2042.4119873046875, -1082.0528564453125
2032.578125, 2050.672119140625, -2577.8193359375
2035.542236328125, 2058.93212890625, -1778.647705078125
2038.44189453125, 2067.1923828125, -1632.8829345703125
2041.2769775390625, 2074.0087890625, -1950.0010986328125
2044.047119140625, 2068.90673828125, -1350.2862548828125
2046.7523193359375, 2039.736083984375, -456.5932922363281
2049.39208984375, 2010.5655517578125, 1983.333984375
2051.966552734375, 1986.499755859375, 1983.333984375
2054.4755859375, 1987.945556640625, 1983.333984375
2056.918701171875, 1996.20556640625, 1983.333984375
2059.2958984375, 2004.4656982421875, 1983.333984375
2061.60693359375, 2012.7257080078125, 1983.333984375
2063.851806640625, 2020.9857177734375, 1983.333984375
2066.0302734375, 2029.2459716796875, 1983.333984375
2068.14208984375, 2037.506103515625, 1983.333984375
2070.187255859375, 2045.766357421875, 1983.333984375
2072.16552734375, 2054.026611328125, 1983.333984375
2074.076904296875, 2062.28662109375, 1983.333984375
2075.921142578125, 2070.546630859375, 1580.67919921875
2077.697998046875, 2078.806884765625, 456.20721435546875
2079.407470703125, 2087.067138671875, -419.6192932128906
2081.0498046875, 2095.3271484375, -1511.22802734375
2082.624267578125, 2102.138427734375, -3147.538818359375
2084.131103515625, 2101.369873046875, -1615.3162841796875
2085.570068359375, 2096.989990234375, -2319.97705078125
2086.941162109375, 2088.257568359375, -1833.0869140625
2088.244140625, 2063.440185546875, 1120.9732666015625
2089.479248046875, 2059.06005859375, 1983.333984375
2090.64599609375, 2055.44921875, 1983.333984375
2091.74462890625, 2056.900390625, 1983.333984375
2092.774658203125, 2065.160400390625, 1983.333984375
2093.736572265625, 2073.42041015625, 1983.333984375
2094.6298828125, 2081.680419921875, 1983.333984375
2095.454833984375, 2089.9404296875, 1596.773193359375
2096.2109375, 2098.20068359375, 370.7685852050781
2096.898681640625, 2106.4609375, -220.67576599121094
2097.517578125, 2114.72119140625, -1657.0228271484375
2098.067626953125, 2122.981201171875, -1077.6849365234375
2098.549072265625, 2131.241455078125, -1417.5196533203125
2098.961669921875, 2139.501708984375, -2638.44775390625
2099.305419921875, 2147.761962890625, -4704.32177734375
2099.580322265625, 2154.568115234375, -7000.0
2099.786376953125, 2149.43212890625, -7000.0
2099.923583984375, 2120.26123046875, -5629.671875
2099.99169921875, 2091.0908203125, -981.6812133789062
2099.990966796875, 2061.92041015625, 1983.333984375
2099.92138671875, 2032.7496337890625, 1983.333984375
2099.782958984375, 2010.17529296875, 1983.333984375
2099.57568359375, 2018.435302734375, 1983.333984375
2099.299560546875, 2026.6953125, 1983.333984375
2098.954345703125, 2034.9554443359375, 1983.333984375
2098.54052734375, 2043.2156982421875, 1983.333984375
2098.057861328125, 2051.475830078125, 1983.333984375
2097.50634765625, 2059.736083984375, 1983.333984375
2096.88623046875, 2067.99609375, 1983.333984375
2096.197265625, 2076.25634765625, 1983.333984375
2095.439697265625, 2084.5166015625, 1983.333984375
2094.613525390625, 2092.77685546875, 1175.9232177734375
2093.718994140625, 2101.036865234375, 303.2564697265625
2092.755859375, 2109.297119140625, -1083.5107421875
2091.724365234375, 2116.09814453125, -3297.320556640625
2090.62451171875, 2115.32421875, -2611.435302734375
2089.456298828125, 2110.9443359375, -1592.2501220703125
2088.219970703125, 2102.1826171875, -2589.015625
2086.915771484375, 2073.0107421875, -346.6809997558594
2085.543212890625, 2048.224609375, 1983.333984375
2084.10302734375, 2043.8446044921875, 1983.333984375
2082.594970703125, 2041.7008056640625, 1983.333984375
2081.01904296875, 2049.960693359375, 1983.333984375
2079.375732421875, 2058.220703125, 1983.333984375
2077.664794921875, 2066.48095703125, 1983.333984375
2075.88671875, 2074.740966796875, 1096.7381591796875
2074.041259765625, 2083.001220703125, 40.04240798950195
2072.128662109375, 2091.26123046875, -1630.243408203125
2070.14892578125, 2099.521484375, -1562.6461181640625
2068.1025390625, 2107.78173828125, -2677.965087890625
2065.989501953125, 2116.0419921875, -4924.6552734375
2063.809814453125, 2124.302001953125, -7000.0
2061.563720703125, 2132.56201171875, -7000.0
2059.25146484375, 2139.35791015625, -7000.0
2056.872802734375, 2134.185546875, -7000.0
2054.428466796875, 2105.014892578125, -7000.0
2051.91845703125, 2075.844482421875, -6040.51904296875
2049.3427734375, 2046.6737060546875, -2085.393798828125
2046.7015380859375, 2017.5032958984375, 441.91583251953125
2043.9951171875, 1988.3316650390625, 1983.333984375
2041.2237548828125, 1965.8065185546875, 1983.333984375
2038.387451171875, 1974.0665283203125, 1983.333984375
2035.486572265625, 1982.32666015625, 1983.333984375
2032.521240234375, 1990.586669921875, 1983.333984375
2029.4915771484375, 1998.84716796875, 1983.333984375
2026.39794921875, 2007.1072998046875, 1983.333984375
2023.2403564453125, 2015.367431640625, 1866.377685546875
2020.019287109375, 2023.627685546875, 441.3215026855469
2016.7347412109375, 2031.8876953125, -793.8106689453125
2013.3870849609375, 2040.1480712890625, -3295.649658203125
2009.9764404296875, 2048.408203125, -4181.80419921875
2006.503173828125, 2056.66845703125, -6366.4619140625
2002.9674072265625, 2063.458740234375, -7000.0
1999.369384765625, 2058.26708984375, -7000.0
1995.70947265625, 2029.0963134765625, -7000.0
1991.98779296875, 1999.9259033203125, -4211.08447265625
1988.20458984375, 1970.7552490234375, -1482.4434814453125
1984.3603515625, 1941.5848388671875, 1983.333984375
1980.455078125, 1916.830322265625, 1983.333984375
1976.4891357421875, 1914.7021484375, 1983.333984375
1972.4627685546875, 1922.962158203125, 1983.333984375
1968.3763427734375, 1931.2222900390625, 1983.333984375
1964.2301025390625, 1939.482421875, 1983.333984375
1960.024169921875, 1947.7425537109375, 1983.333984375
1955.7591552734375, 1956.002685546875, 937.2359008789062
1951.43505859375, 1964.2626953125, -56.859737396240234
1947.0523681640625, 1972.5233154296875, -2448.1982421875
1942.611328125, 1980.783447265625, -3347.3037109375
1938.1121826171875, 1989.0435791015625, -5661.68798828125
1933.5552978515625, 1997.3038330078125, -7000.0
1928.9410400390625, 2005.56396484375, -7000.0
1924.26953125, 2012.34912109375, -7000.0
1919.5413818359375, 2007.13916015625, -7000.0
1914.756591796875, 1977.9686279296875, -7000.0
1909.915771484375, 1948.7982177734375, -7000.0
1905.0191650390625, 1919.6275634765625, -4974.7861328125
1900.0670166015625, 1890.45703125, -3105.486328125
1895.059814453125, 1861.28662109375, 937.8446044921875
1889.997802734375, 1836.54833984375, 1983.333984375
1884.88134765625, 1832.951416015625, 1983.333984375
1879.7108154296875, 1834.4288330078125, 1983.333984375
1874.486572265625, 1842.688720703125, 1983.333984375
1869.208984375, 1850.94873046875, 1983.333984375
1863.87841796875, 1859.2088623046875, 1499.1329345703125
1858.4951171875, 1867.468994140625, 419.8167419433594
1853.0595703125, 1875.72900390625, -1675.14990234375
1847.5721435546875, 1883.9896240234375, -2412.5
1842.0333251953125, 1892.249755859375, -4692.2041015625
1836.4432373046875, 1900.5098876953125, -7000.0
1830.802490234375, 1908.7698974609375, -7000.0
1825.111328125, 1917.0301513671875, -7000.0
1819.3702392578125, 1925.290283203125, -7000.0
1813.57958984375, 1932.06982421875, -7000.0
1807.73974609375, 1926.840087890625, -7000.0
1801.8511962890625, 1897.6695556640625, -7000.0
1795.9141845703125, 1868.4990234375, -7000.0
1789.9293212890625, 1839.3284912109375, -7000.0
1783.8968505859375, 1810.157958984375, -6308.8662109375
1777.8172607421875, 1780.9874267578125, -3009.71044921875
1771.6910400390625, 1751.81689453125, -64.52044677734375
1765.5184326171875, 1722.6463623046875, 1983.333984375
1759.300048828125, 1697.9266357421875, 1983.333984375
1753.0362548828125, 1695.8162841796875, 1983.333984375
1746.7274169921875, 1704.076171875, 1983.333984375
1740.3740234375, 1712.336181640625, 1983.333984375
1733.9765625, 1720.5966796875, 1983.333984375
1727.5352783203125, 1728.856689453125, 813.2049560546875
1721.0509033203125, 1737.1168212890625, -546.2509155273438
1714.523681640625, 1745.376953125, -3530.061279296875
1707.9541015625, 1753.63720703125, -5235.61962890625
1701.3426513671875, 1761.897216796875, -7000.0
1694.689697265625, 1770.157470703125, -7000.0
1687.995849609375, 1778.4176025390625, -7000.0
1681.261474609375, 1786.677734375, -7000.0
1674.487060546875, 1793.4512939453125, -7000.0
1667.6729736328125, 1788.20068359375, -7000.0
1660.8199462890625, 1759.0301513671875, -7000.0
1653.9281005859375, 1729.8597412109375, -7000.0
1646.9981689453125, 1700.689208984375, -7000.0
1640.030517578125, 1671.518798828125, -6907.6455078125
1633.0257568359375, 1642.3482666015625, -4283.21337890625
1625.984130859375, 1613.177734375, -2083.762451171875
1618.9063720703125, 1584.00732421875, 1094.411376953125
1611.792724609375, 1559.305419921875, 1983.333984375
1604.6439208984375, 1557.2041015625, 1983.333984375
1597.4603271484375, 1565.464111328125, 1983.333984375
1590.242431640625, 1573.7239990234375, 1983.333984375
1582.9908447265625, 1581.984130859375, 1079.09326171875
1575.7059326171875, 1590.244140625, -119.10845184326172
1568.38818359375, 1598.5042724609375, -3040.47998046875
1561.0382080078125, 1606.764404296875, -4776.03564453125
1553.656494140625, 1615.0244140625, -7000.0
1546.243408203125, 1623.28466796875, -7000.0
1538.7996826171875, 1631.544677734375, -7000.0
1531.32568359375, 1639.8048095703125, -7000.0
1523.822021484375, 1648.0650634765625, -7000.0
1516.2890625, 1654.8330078125, -7000.0
1508.7275390625, 1649.5614013671875, -7000.0
1501.1376953125, 1620.39111328125, -7000.0
1493.5203857421875, 1591.220703125, -7000.0
1485.8758544921875, 1562.0501708984375, -7000.0
1478.2047119140625, 1532.8800048828125, -7000.0
1470.507568359375, 1503.70947265625, -7000.0
1462.784912109375, 1474.5389404296875, -4649.8447265625
1455.0372314453125, 1445.36865234375, -2791.539306640625
1447.2650146484375, 1416.1982421875, 924.8994140625
1439.468994140625, 1391.5150146484375, 1983.333984375
1431.6495361328125, 1387.933349609375, 1983.333984375
1423.8072509765625, 1389.701416015625, 1983.333984375
1415.942626953125, 1399.1864013671875, 1983.333984375
1408.05615234375, 1407.9132080078125, 944.2908325195312
1400.1485595703125, 1416.173095703125, -417.9053039550781
1392.22021484375, 1424.4332275390625, -3564.701416015625
1384.2718505859375, 1432.6932373046875, -5583.13134765625
1376.3038330078125, 1440.953369140625, -7000.0
1368.3167724609375, 1449.2135009765625, -7000.0
1360.3111572265625, 1457.4735107421875, -7000.0
1352.2877197265625, 1465.733642578125, -7000.0
1344.246826171875, 1473.9937744140625, -7000.0
1336.1890869140625, 1482.25390625, -7000.0
1328.115234375, 1489.015380859375, -7000.0
1320.0255126953125, 1483.72216796875, -7000.0
1311.920654296875, 1454.5518798828125, -7000.0
1303.8011474609375, 1425.3818359375, -7000.0
1295.667724609375, 1396.21142578125, -7000.0
1287.520751953125, 1367.0411376953125, -7000.0
1279.36083984375, 1337.861083984375, -7000.0
1271.1885986328125, 1308.6907958984375, -7000.0
1263.0045166015625, 1279.5205078125, -5195.201171875
1254.8092041015625, 1250.350341796875, -1080.21533203125
1246.603271484375, 1221.18017578125, 634.2604370117188
1238.38720703125, 1192.010009765625, 1983.333984375
1230.16162109375, 1170.249267578125, 1983.333984375
1221.9271240234375, 1181.7408447265625, 1983.333984375
1213.68408203125, 1193.13232421875, 1983.333984375
1205.433349609375, 1204.4259033203125, 733.726318359375
1197.17529296875, 1215.627685546875, -896.4172973632812
1188.9105224609375, 1226.7313232421875, -1835.433349609375
1180.6396484375, 1237.7431640625, -4934.3203125
1172.36328125, 1248.6568603515625, -7000.0
1164.081787109375, 1259.47900390625, -7000.0
1155.7960205078125, 1270.2027587890625, -7000.0
1147.50634765625, 1280.83642578125, -7000.0
1139.21337890625, 1291.3800048828125, -7000.0
1130.917724609375, 1300.338623046875, -7000.0
1122.619873046875, 1296.8033447265625, -7000.0
1114.320556640625, 1267.63330078125, -7000.0
1106.020263671875, 1238.4632568359375, -7000.0
1097.719482421875, 1209.2930908203125, -7000.0
1089.4189453125, 1180.1219482421875, -7000.0
1081.1190185546875, 1150.9517822265625, -7000.0
1072.820556640625, 1121.78173828125, -7000.0
1064.5238037109375, 1092.61181640625, -6520.03173828125
1056.2296142578125, 1063.4417724609375, -3674.95166015625
1047.9383544921875, 1034.2718505859375, -1408.9158935546875
1039.6507568359375, 1005.10205078125, 1154.8184814453125
1031.3671875, 980.4676513671875, 1983.333984375
1023.0885009765625, 979.2952880859375, 1983.333984375
1014.8150634765625, 992.4247436523438, 1983.333984375
1006.5474853515625, 1005.4424438476562, 550.0865478515625
998.2863159179688, 1018.3421020507812, -1254.7698974609375
990.0322265625, 1031.1318359375, -2551.537109375
981.78564453125, 1043.8133544921875, -6178.61181640625
973.5472412109375, 1056.3931884765625, -7000.0
965.3175659179688, 1068.8629150390625, -7000.0
957.0971069335938, 1081.2227783203125, -7000.0
948.8865356445312, 1093.4744873046875, -7000.0
940.6864013671875, 1105.6248779296875, -7000.0
932.4971923828125, 1117.66650390625, -7000.0
924.319580078125, 1128.1063232421875, -7000.0
916.154052734375, 1125.7529296875, -7000.0
908.0011596679688, 1096.5831298828125, -7000.0
899.8615112304688, 1067.4134521484375, -7000.0
891.7356567382812, 1038.242431640625, -7000.0
883.6242065429688, 1009.0726928710938, -7000.0
875.527587890625, 979.9029541015625, -7000.0
867.4464721679688, 950.7332153320312, -7000.0
859.38134765625, 921.5635986328125, -7000.0
851.3328247070312, 892.39404296875, -7000.0
843.3014526367188, 863.2244873046875, -5585.7978515625
835.2877807617188, 834.05517578125, -1821.0836181640625
827.2922973632812, 804.8858642578125, 120.02824401855469
819.3156127929688, 775.7167358398438, 1983.333984375
811.3583374023438, 753.177490234375, 1983.333984375
803.4208374023438, 761.5621948242188, 1983.333984375
795.5038452148438, 776.5572509765625, 1983.333984375
787.6078491210938, 791.4226684570312, 720.1240234375
779.7333374023438, 806.1605224609375, -1822.4991455078125
771.8809204101562, 820.7761840820312, -3983.181640625
764.0510864257812, 835.263671875, -7000.0
756.244384765625, 849.62939453125, -7000.0
748.46142578125, 863.8670654296875, -7000.0
740.70263671875, 877.9847412109375, -7000.0
732.9686279296875, 891.9824829101562, -7000.0
725.2598876953125, 905.8601684570312, -7000.0
717.5769653320312, 919.6179809570312, -7000.0
709.92041015625, 931.7462768554688, -7000.0
702.290771484375, 930.733642578125, -7000.0
694.6884765625, 901.5642700195312, -7000.0
687.1141357421875, 872.3949584960938, -7000.0
679.5682373046875, 843.2255859375, -7000.0
672.0513305664062, 814.0563354492188, -7000.0
664.5639038085938, 784.8860473632812, -7000.0
657.1064453125, 755.717041015625, -7000.0
649.6795043945312, 726.548095703125, -7000.0
642.2836303710938, 697.3793334960938, -7000.0
634.9192504882812, 668.2096557617188, -7000.0
627.5869750976562, 639.0413208007812, -4616.0712890625
620.2871704101562, 609.8732299804688, -2674.6669921875
613.0205078125, 580.705322265625, 225.05763244628906
605.787353515625, 556.1187744140625, 1983.333984375
598.5882568359375, 554.1362915039062, 1983.333984375
591.4237060546875, 564.2264404296875, 1983.333984375
584.294189453125, 580.9085083007812, 397.22442626953125
577.2001953125, 597.450927734375, -1421.6715087890625
570.1422119140625, 613.8536376953125, -3008.526611328125
563.1207885742188, 630.1166381835938, -7000.0
556.1363525390625, 646.2395629882812, -7000.0
549.1893310546875, 662.2228393554688, -7000.0
542.2803344726562, 678.0680541992188, -7000.0
535.4097290039062, 693.7813720703125, -7000.0
528.5780639648438, 709.356689453125, -7000.0
521.7857055664062, 724.8001708984375, -7000.0
515.033203125, 740.10546875, -7000.0
508.321044921875, 753.7639770507812, -7000.0
501.6496276855469, 753.965576171875, -7000.0
495.0194396972656, 724.796875, -7000.0
488.43096923828125, 695.6283569335938, -7000.0
481.88458251953125, 666.4600219726562, -7000.0
475.3808288574219, 637.2918090820312, -7000.0
468.92010498046875, 608.1237182617188, -7000.0
462.5028381347656, 578.9559936523438, -7000.0
456.1295166015625, 549.7885131835938, -7000.0
449.8005676269531, 520.6213989257812, -7000.0
443.51641845703125, 491.4548034667969, -7000.0
437.2774658203125, 462.2886657714844, -6166.013671875
431.084228515625, 433.1231689453125, -2744.154296875
424.9370422363281, 403.95843505859375, -1309.0155029296875
418.8363952636719, 374.79473876953125, 1724.0799560546875
412.78265380859375, 351.0921630859375, 1983.333984375
406.7762756347656, 354.72430419921875, 1983.333984375
400.81768798828125, 373.1988830566406, 1983.333984375
394.9072570800781, 391.5163879394531, 1157.1795654296875
389.04541015625, 409.68267822265625, -741.8214111328125
383.2325439453125, 427.69146728515625, -2446.30712890625
377.46905517578125, 445.5487060546875, -6769.208984375
371.75537109375, 463.248291015625, -7000.0
366.09185791015625, 480.7980651855469, -7000.0
360.4789123535156, 498.1980895996094, -7000.0
354.9169006347656, 515.4483032226562, -7000.0
349.40625, 532.550537109375, -7000.0
343.94732666015625, 549.510986328125, -7000.0
338.5404968261719, 564.7980346679688, -7000.0
333.18609619140625, 566.2855224609375, -7000.0
327.88458251953125, 537.11865234375, -7000.0
322.63623046875, 507.9520263671875, -7000.0
317.44146728515625, 478.7857360839844, -7000.0
312.30059814453125, 449.6200256347656, -7000.0
307.2140197753906, 420.4548645019531, -7000.0
302.18206787109375, 391.29058837890625, -7000.0
297.205078125, 362.1273193359375, -7000.0
292.2834167480469, 332.9654235839844, -7000.0
287.4173889160156, 303.8052673339844, -5175.142578125
282.60736083984375, 274.6473388671875, -3479.9013671875
277.8536682128906, 245.4926300048828, -854.2169799804688
273.1565856933594, 220.96310424804688, 1983.333984375
268.5165100097656, 218.10951232910156, 1983.333984375
263.9337158203125, 224.8500213623047, 1983.333984375
259.4085388183594, 244.43402099609375, 1402.687744140625
254.94125366210938, 263.8508605957031, -922.62744140625
250.53221130371094, 283.10162353515625, -1253.1241455078125
246.18170166015625, 302.19207763671875, -4250.71484375
241.8900146484375, 321.115478515625, -7000.0
237.65745544433594, 339.8799133300781, -7000.0
233.48431396484375, 358.4858093261719, -7000.0
229.37088012695312, 376.931640625, -7000.0
225.31744384765625, 395.2213439941406, -7000.0
221.3242645263672, 413.3499450683594, -7000.0
217.39163208007812, 431.3270568847656, -7000.0
213.51980590820312, 447.613525390625, -7000.0
209.70907592773438, 449.88201904296875, -7000.0
205.9596710205078, 420.71734619140625, -7000.0
202.27188110351562, 391.55328369140625, -7000.0
198.64593505859375, 362.3902282714844, -7000.0
195.0821075439453, 333.2284240722656, -7000.0
191.58062744140625, 304.0682373046875, -7000.0
188.14173889160156, 274.9102783203125, -7000.0
184.76568603515625, 245.75546264648438, -7000.0
181.4526824951172, 216.60498046875, -7000.0
178.20297241210938, 187.4608917236328, -4351.0400390625
175.01678466796875, 158.32662963867188, -1687.056396484375
171.89431762695312, 129.20896911621094, 989.789794921875
168.8358154296875, 104.75643157958984, 1983.333984375
165.84146118164062, 105.0727767944336, 1983.333984375
162.91146850585938, 125.63823699951172, 1983.333984375
160.04605102539062, 146.04421997070312, 1206.0159912109375
157.2454071044922, 166.28958129882812, -1211.602783203125
154.50970458984375, 186.3642120361328, -1438.762939453125
151.8391571044922, 206.2737274169922, -4240.99951171875
149.23394775390625, 226.01707458496094, -7000.0
146.69424438476562, 245.5936737060547, -7000.0
144.22021484375, 265.00152587890625, -7000.0
141.8120574951172, 284.2427978515625, -7000.0
139.46990966796875, 303.32415771484375, -7000.0
137.19393920898438, 322.2376708984375, -7000.0
134.9843292236328, 339.45233154296875, -7000.0
132.84120178222656, 342.44189453125, -7000.0
130.76470947265625, 313.2816467285156, -7000.0
128.7550048828125, 284.1233825683594, -7000.0
126.81221771240234, 254.9677734375, -7000.0
124.93648529052734, 225.81600952148438, -7000.0
123.12793731689453, 196.66958618164062, -7000.0
121.38670349121094, 167.53170776367188, -7000.0
119.71289825439453, 138.4077606201172, -5423.35302734375
118.10662841796875, 109.30886840820312, -3597.14013671875
116.56802368164062, 80.26233673095703, -640.8212890625
115.09717559814453, 55.96687316894531, 1983.333984375
113.6941909790039, 53.79639434814453, 1983.333984375
112.35916137695312, 63.49312973022461, 1983.333984375
111.0921859741211, 84.3285903930664, 1983.333984375
109.89335632324219, 105.04627990722656, 1071.224853515625
108.76273345947266, 125.61447143554688, -368.8255615234375
107.7004165649414, 146.0218048095703, -1372.3863525390625
106.70647430419922, 166.26768493652344, -4760.0322265625
105.78096771240234, 186.34271240234375, -7000.0
104.9239730834961, 206.25244140625, -7000.0
104.13552856445312, 225.99560546875, -7000.0
103.41571044921875, 245.57135009765625, -7000.0
102.76455688476562, 264.97906494140625, -7000.0
102.18212127685547, 284.2201843261719, -7000.0
101.6684341430664, 301.75494384765625, -7000.0
101.2235336303711, 304.96923828125, -7000.0
100.84745025634766, 275.81201171875, -7000.0
100.54021453857422, 246.65757751464844, -7000.0
100.30184173583984, 217.5072479248047, -7000.0
100.1323471069336, 188.36318969726562, -7000.0
100.03175354003906, 159.2285614013672, -7000.0
100.00005340576172, 130.10911560058594, -6727.744140625
100.03726196289062, 101.02108764648438, -3126.462890625
100.14336395263672, 72.00025939941406, -1129.9627685546875
100.31836700439453, 43.18230056762695, 1983.333984375
100.56224060058594, 21.06414031982422, 1983.333984375
100.87498474121094, 27.018007278442383, 1983.333984375
101.2565689086914, 47.686058044433594, 1983.333984375
101.70697021484375, 68.55963134765625, 1983.333984375
102.22615814208984, 89.36907196044922, 1037.221435546875
102.81409454345703, 110.0478744506836, -1207.4715576171875
103.47074127197266, 130.57374572753906, -881.9530029296875
104.196044921875, 150.94276428222656, -2825.072265625
104.9899673461914, 171.14356994628906, -6895.35205078125
105.85244750976562, 191.17979431152344, -7000.0
106.7834243774414, 211.05039978027344, -7000.0
107.7828369140625, 230.7549285888672, -7000.0
108.85061645507812, 250.2911376953125, -7000.0
109.9866943359375, 268.1056823730469, -7000.0
111.19097900390625, 271.52032470703125, -7000.0
112.4634017944336, 242.3665008544922, -7000.0
113.80386352539062, 213.21595764160156, -7000.0
115.2122802734375, 184.0729522705078, -7000.0
116.68854522705078, 154.9404754638672, -7000.0
118.2325668334961, 125.8253402709961, -4149.72216796875
119.84423828125, 96.7439193725586, -745.3751831054688
121.5234375, 67.73958587646484, 1983.333984375
123.27005767822266, 43.593441009521484, 1983.333984375
125.083984375, 44.0643196105957, 1983.333984375
126.96508026123047, 64.93529510498047, 1983.333984375
128.91322326660156, 85.760498046875, 1983.333984375
130.9282684326172, 106.4638900756836, 1983.333984375
133.0100860595703, 127.02403259277344, 273.8644104003906
135.15853881835938, 147.4202880859375, -605.9598999023438
137.37347412109375, 167.64881896972656, -3506.6962890625
139.6547393798828, 187.7139892578125, -5474.11962890625
142.00216674804688, 207.6137237548828, -7000.0
144.4156036376953, 227.3468475341797, -7000.0
146.89488220214844, 246.91246032714844, -7000.0
149.4398193359375, 266.3100280761719, -7000.0
152.05027770996094, 283.9793395996094, -7000.0
154.72604370117188, 287.25048828125, -7000.0
157.46693420410156, 258.0948791503906, -7000.0
160.27276611328125, 228.9427947998047, -7000.0
163.1433563232422, 199.7959442138672, -7000.0
166.0784912109375, 170.65724182128906, -3813.594970703125
169.07798767089844, 141.5313262939453, -1811.779541015625
172.14161682128906, 112.4288330078125, 1983.333984375
175.26918029785156, 88.96728515625, 1983.333984375
178.46046447753906, 93.1440658569336, 1983.333984375
181.71524047851562, 113.7939682006836, 1983.333984375
185.0332794189453, 134.2908172607422, 1983.333984375
188.41436767578125, 154.63021850585938, 1983.333984375
191.8582763671875, 174.8007049560547, 1579.0010986328125
195.36474609375, 194.80718994140625, 265.7694396972656
198.93356323242188, 214.6481475830078, -1017.3005981445312
202.564453125, 234.32215881347656, -1247.574462890625
206.25718688964844, 253.8284149169922, -3277.40625
210.01148986816406, 273.16644287109375, -6990.435546875
213.82711791992188, 292.3378601074219, -7000.0
217.7038116455078, 311.35101318359375, -7000.0
221.64129638671875, 328.63690185546875, -7000.0
225.63931274414062, 331.5735168457031, -7000.0
229.6975555419922, 302.41400146484375, -7000.0
233.81578063964844, 273.2566223144531, -7000.0
237.99368286132812, 244.10226440429688, -3995.878173828125
242.23097229003906, 214.9522705078125, -144.86920166015625
246.52735900878906, 185.80853271484375, 1983.333984375
250.882568359375, 161.41444396972656, 1983.333984375
255.29627990722656, 161.7346649169922, 1983.333984375
259.7681884765625, 181.84510803222656, 1983.333984375
264.2980041503906, 201.79197692871094, 1983.333984375
268.8853759765625, 221.57315063476562, 1983.333984375
273.530029296875, 241.18751525878906, 1983.333984375
278.23162841796875, 260.63409423828125, 1717.305908203125
282.9898681640625, 279.91448974609375, 762.498046875
287.80438232421875, 299.03424072265625, -37.15309524536133
292.67486572265625, 317.98699951171875, -2409.352294921875
297.6009521484375, 336.7812805175781, -3424.501220703125
302.5823669433594, 355.41558837890625, -5951.970703125
307.6186828613281, 373.8904724121094, -7000.0
312.7096252441406, 390.6347351074219, -7000.0
317.85479736328125, 393.1172790527344, -7000.0
323.0538635253906, 363.9544677734375, -7000.0
328.3064880371094, 334.7927551269531, -4043.402587890625
333.61224365234375, 305.63262939453125, -115.26612091064453
338.9708557128906, 276.4747314453125, 1983.333984375
344.3818664550781, 252.0787811279297, 1983.333984375
349.8449401855469, 252.26495361328125, 1983.333984375
355.3597106933594, 271.6128845214844, 1983.333984375
360.9258117675781, 290.80108642578125, 1983.333984375
366.54278564453125, 309.8227844238281, 1983.333984375
372.2103271484375, 328.6863708496094, 1983.333984375
377.92803955078125, 347.39007568359375, 1983.333984375
383.6954650878906, 365.93463134765625, 1834.764892578125
389.51226806640625, 384.31976318359375, 272.7376708984375
395.3780212402344, 402.5452880859375, -40.638187408447266
401.29229736328125, 420.6131896972656, -1729.634033203125
407.2547607421875, 438.5295104980469, -1876.3250732421875
413.2649230957031, 456.28802490234375, -3360.525146484375
419.3224182128906, 472.32037353515625, -5912.44287109375
425.42681884765625, 474.2134094238281, -7000.0
431.57769775390625, 445.04803466796875, -4845.33837890625
437.7746276855469, 415.88323974609375, -1577.0384521484375
444.0171813964844, 386.7192077636719, 1983.333984375
