1987.4119873046875, 1998.6650390625, -129.8746337890625
1979.52099609375, 2007.01318359375, -2762.480712890625
1975.540771484375, 1991.210205078125, -1080.4951171875
1971.5001220703125, 1999.4739990234375, -894.11328125
1967.3995361328125, 2015.9822998046875, -3108.2509765625
1958.9566650390625, 2024.292724609375, -7000.0
1954.6767578125, 2032.55078125, -7000.0
1950.1451416015625, 2041.0821533203125, -7000.0
1945.7451171875, 2057.599853515625, -7000.0
1936.7706298828125, 2065.8623046875, -7000.0
1932.19677734375, 2069.91015625, -7000.0
1927.4969482421875, 2054.5498046875, -7000.0
1922.807861328125, 1996.18408203125, -7000.0
1913.2598876953125, 1967.0025634765625, -7000.0
1908.4017333984375, 1908.6419677734375, -3327.71728515625
1898.5185546875, 1879.461181640625, -458.4418029785156
1893.4942626953125, 1850.22998046875, 1983.333984375
1888.4154052734375, 1834.2130126953125, 1983.333984375
1883.2821044921875, 1845.1195068359375, 1983.333984375
1872.62158203125, 1853.379150390625, 1983.333984375
1867.3250732421875, 1869.8968505859375, 807.6865844726562
1856.573974609375, 1878.1749267578125, -1182.6005859375
1851.1199951171875, 1894.6920166015625, -3106.57470703125
1840.0572509765625, 1902.9508056640625, -6801.5673828125
1834.4490966796875, 1911.2098388671875, -7000.0
1828.7069091796875, 1927.9873046875, -7000.0
1817.067626953125, 1931.2476806640625, -7000.0
1811.25732421875, 1913.586181640625, -7000.0
1805.3980712890625, 1855.23876953125, -6165.9609375
1793.5340576171875, 1826.0650634765625, -6180.029296875
1787.44140625, 1796.75, -3574.285888671875
1781.3001708984375, 1767.2421875, -1266.104736328125
1775.2005615234375, 1738.06884765625, 1983.333984375
1769.054443359375, 1724.3272705078125, 1983.333984375
1762.770751953125, 1727.883056640625, 1983.333984375
1756.5322265625, 1736.1436767578125, 1983.333984375
1750.2484130859375, 1744.4075927734375, 1623.0545654296875
1743.8262939453125, 1752.763671875, 541.5518188476562
1737.4527587890625, 1761.024658203125, -1624.1549072265625
1730.9404296875, 1769.3294677734375, -2589.86083984375
1724.478759765625, 1777.5904541015625, -5192.21826171875
1717.97412109375, 1785.8616943359375, -7000.0
1711.3302001953125, 1794.2183837890625, -7000.0
1704.740234375, 1802.501953125, -7000.0
1697.912841796875, 1810.969970703125, -7000.0
1691.23876953125, 1819.231689453125, -7000.0
1684.52392578125, 1821.7911376953125, -7000.0
1677.768798828125, 1801.64990234375, -7000.0
1670.973876953125, 1772.4771728515625, -7000.0
1663.93798828125, 1742.722412109375, -7000.0
1657.063720703125, 1713.5498046875, -7000.0
1650.1510009765625, 1684.378173828125, -7000.0
1643.200439453125, 1655.1114501953125, -4667.12646484375
1636.2125244140625, 1625.94091796875, -2755.61572265625
1629.083984375, 1596.604736328125, 1121.35107421875
1622.02197265625, 1585.28125, 1983.333984375
1614.8194580078125, 1584.0545654296875, 1983.333984375
1607.5804443359375, 1590.1898193359375, 1983.333984375
1600.4110107421875, 1598.45263671875, 1188.1336669921875
1593.2071533203125, 1606.71337890625, -395.0869140625
1585.96923828125, 1614.9739990234375, -3175.1220703125
1578.6978759765625, 1623.2347412109375, -4694.189453125
1571.285888671875, 1631.52734375, -7000.0
1563.840576171875, 1639.884033203125, -7000.0
1556.3621826171875, 1648.190185546875, -7000.0
1548.9605712890625, 1656.4512939453125, -7000.0
1541.5279541015625, 1664.712158203125, -7000.0
1533.955078125, 1673.0220947265625, -7000.0
1526.351318359375, 1681.3167724609375, -7000.0
1518.71728515625, 1683.1728515625, -7000.0
1511.1649169921875, 1660.0943603515625, -7000.0
1503.472412109375, 1630.6556396484375, -7000.0
1495.863525390625, 1601.478759765625, -7000.0
1488.227294921875, 1572.3018798828125, -7000.0
1480.451416015625, 1542.8770751953125, -7000.0
1472.7618408203125, 1513.7001953125, -7000.0
1465.0465087890625, 1484.523193359375, -5533.38623046875
1457.30615234375, 1455.330078125, -1688.5721435546875
1449.4266357421875, 1425.857666015625, 1075.283203125
1441.5224609375, 1396.5877685546875, 1983.333984375
1433.7091064453125, 1391.502685546875, 1983.333984375
1425.75732421875, 1399.4652099609375, 1983.333984375
1417.898193359375, 1408.0640869140625, 1983.333984375
1409.901123046875, 1416.4036865234375, 1171.667236328125
1401.882080078125, 1424.763671875, -986.6257934570312
1393.958251953125, 1433.026611328125, -2063.25439453125
1386.01416015625, 1441.289306640625, -4849.71630859375
1377.93310546875, 1449.57861328125, -7000.0
1369.949951171875, 1457.8414306640625, -7000.0
1361.830322265625, 1466.2275390625, -7000.0
1353.8101806640625, 1474.490478515625, -7000.0
1345.7725830078125, 1482.7532958984375, -7000.0
1337.718017578125, 1491.02587890625, -7000.0
1329.5281982421875, 1492.0655517578125, -7000.0
1321.4412841796875, 1466.34130859375, -7000.0
1313.2197265625, 1436.902587890625, -7000.0
1304.983154296875, 1407.623046875, -7000.0
1296.6123046875, 1377.7557373046875, -7000.0
1288.466796875, 1348.572509765625, -7000.0
1280.308349609375, 1319.3892822265625, -7000.0
1272.1375732421875, 1290.2059326171875, -5372.83642578125
1263.954833984375, 1261.023681640625, -1428.93359375
1255.6402587890625, 1231.4813232421875, 1110.4619140625
1247.435302734375, 1202.298095703125, 1983.333984375
1239.099365234375, 1203.2242431640625, 1983.333984375
1230.8746337890625, 1213.9339599609375, 1983.333984375
1222.640869140625, 1225.054931640625, 366.11761474609375
1214.27734375, 1236.1273193359375, -1598.448974609375
1205.9056396484375, 1247.1920166015625, -2898.91845703125
1197.6480712890625, 1258.05517578125, -6125.6982421875
1189.1405029296875, 1269.0623779296875, -7000.0
1180.8697509765625, 1279.7100830078125, -7000.0
1172.593505859375, 1290.2713623046875, -7000.0
1164.312255859375, 1300.7379150390625, -7000.0
1155.78271484375, 1311.3623046875, -7000.0
1147.4930419921875, 1321.64697265625, -7000.0
1139.2000732421875, 1331.7596435546875, -7000.0
1130.9044189453125, 1333.321044921875, -7000.0
1122.606689453125, 1304.14013671875, -7000.0
1114.3072509765625, 1274.960205078125, -7000.0
1106.0069580078125, 1245.7802734375, -7000.0
1097.7061767578125, 1216.6014404296875, -7000.0
1089.4056396484375, 1187.417236328125, -7000.0
1080.8616943359375, 1157.6400146484375, -7000.0
1072.441162109375, 1128.2806396484375, -7000.0
1064.14453125, 1099.100830078125, -7000.0
1055.8504638671875, 1069.9222412109375, -4915.95654296875
1047.5594482421875, 1040.721923828125, -3369.39892578125
1039.27197265625, 1011.4828491210938, -532.7073974609375
1030.9886474609375, 983.429931640625, 1983.333984375
1022.5884399414062, 979.2550659179688, 1983.333984375
1014.3153076171875, 980.0594482421875, 1983.333984375
1005.9265747070312, 993.314453125, 1855.4501953125
997.6659545898438, 1006.331298828125, 267.46484375
989.2910766601562, 1019.3441162109375, -2667.40966796875
981.0452270507812, 1032.1312255859375, -4869.95947265625
972.5654296875, 1045.0313720703125, -7000.0
964.3367919921875, 1057.606201171875, -7000.0
956.1174926757812, 1070.07080078125, -7000.0
947.7875366210938, 1082.57373046875, -7000.0
939.5888061523438, 1094.817626953125, -7000.0
931.401123046875, 1106.9615478515625, -7000.0
923.22509765625, 1119.0057373046875, -7000.0
915.0612182617188, 1130.068359375, -7000.0
906.790283203125, 1130.01025390625, -7000.0
898.5330810546875, 1100.6629638671875, -7000.0
890.2902221679688, 1071.3763427734375, -7000.0
882.0621948242188, 1042.099365234375, -7000.0
873.968505859375, 1012.9176025390625, -7000.0
865.653076171875, 983.0238647460938, -7000.0
857.5916137695312, 953.841064453125, -7000.0
849.546875, 924.6595458984375, -7000.0
841.5193481445312, 895.4791259765625, -7000.0
833.5097045898438, 866.298828125, -7000.0
825.5183715820312, 837.11962890625, -4633.3798828125
817.5459594726562, 807.9406127929688, -2800.499755859375
809.4761352539062, 778.66650390625, 74.51203155517578
801.427001953125, 753.4168701171875, 1983.333984375
793.3990478515625, 750.9069213867188, 1983.333984375
785.392822265625, 759.2537231445312, 1983.333984375
777.5244750976562, 774.3078002929688, 560.5162353515625
769.5631103515625, 789.27099609375, -1141.172119140625
761.5103149414062, 804.418212890625, -2650.6494140625
753.7113037109375, 819.04931640625, -6651.75537109375
745.9360961914062, 833.5577392578125, -7000.0
738.1853637695312, 847.9498901367188, -7000.0
730.45947265625, 862.210205078125, -7000.0
722.7590942382812, 876.3504638671875, -7000.0
715.084716796875, 890.39697265625, -7000.0
707.3245849609375, 904.4509887695312, -7000.0
699.7041625976562, 918.2294311523438, -7000.0
692.111328125, 930.0411376953125, -7000.0
684.5465698242188, 927.590576171875, -7000.0
676.8998413085938, 898.2588500976562, -7000.0
669.2831420898438, 868.96728515625, -7000.0
661.697021484375, 839.3466796875, -7000.0
654.251220703125, 810.16455078125, -7000.0
646.8361206054688, 780.9823608398438, -7000.0
639.4523315429688, 751.80029296875, -7000.0
631.9923095703125, 722.408447265625, -7000.0
624.6729125976562, 693.2180786132812, -7000.0
617.3862915039062, 664.0365600585938, -7000.0
610.0264892578125, 634.6983032226562, -6088.11572265625
602.701416015625, 605.2943115234375, -2735.42529296875
595.5170288085938, 576.0303344726562, -1305.3721923828125
588.367431640625, 546.8325805664062, 1606.1466064453125
581.2530517578125, 525.9085693359375, 1983.333984375
574.0706176757812, 530.9580078125, 1983.333984375
566.8222045898438, 548.2476196289062, 1983.333984375
559.8181762695312, 565.0794677734375, 334.2480163574219
552.8513793945312, 581.7860717773438, -2475.296630859375
545.9222412109375, 598.3310546875, -5004.791015625
539.0313110351562, 614.7359619140625, -7000.0
532.0785522460938, 631.0980834960938, -7000.0
525.1660766601562, 647.385009765625, -7000.0
518.3936767578125, 663.3674926757812, -7000.0
511.6613464355469, 679.2132568359375, -7000.0
504.96954345703125, 710.5844116210938, -7000.0
491.612548828125, 723.281982421875, -7000.0
484.9494934082031, 717.7750854492188, -7000.0
478.330078125, 688.2548828125, -7000.0
471.8497314453125, 629.8795166015625, -7000.0
459.01934814453125, 600.6693115234375, -7000.0
452.670166015625, 542.143798828125, -7000.0
440.0143737792969, 512.9432983398438, -7000.0
433.7099609375, 454.1293029785156, -4474.234375
421.3330078125, 424.9435119628906, -1316.6851806640625
415.2599792480469, 395.7574462890625, -162.36859130859375
409.1458740234375, 337.065185546875, 1789.7392578125
397.06512451171875, 323.47607421875, 1983.333984375
391.1854553222656, 336.5860290527344, 1983.333984375
385.3546142578125, 373.7401123046875, 463.1196594238281
373.841064453125, 392.072021484375, -1095.5115966796875
368.075927734375, 410.390380859375, -2536.577392578125
362.4451904296875, 446.28509521484375, -3836.845947265625
351.2555847167969, 464.2010498046875, -7000.0
345.7792053222656, 499.357177734375, -7000.0
334.9040832519531, 516.6105346679688, -7000.0
329.5076904296875, 547.062255859375, -7000.0
318.9554748535156, 537.6033325195312, -7000.0
313.7987976074219, 508.4129638671875, -7000.0
308.6962890625, 450.0194396972656, -7000.0
298.6552429199219, 420.8316650390625, -7000.0
293.6451416015625, 391.4650573730469, -7000.0
288.6922607421875, 361.95989990234375, -7000.0
283.8674621582031, 303.59033203125, -4432.76220703125
274.31805419921875, 274.30810546875, -858.2354736328125
269.6637878417969, 245.08094787597656, 704.6105346679688
264.9995422363281, 215.74571228027344, 1983.333984375
260.46087646484375, 219.39320373535156, 1983.333984375
251.4927520751953, 235.22412109375, 1542.566162109375
247.12939453125, 254.73692321777344, -636.810791015625
242.76193237304688, 293.40826416015625, -2970.634765625
234.2708740234375, 312.4252014160156, -7000.0
230.0858917236328, 331.38348388671875, -7000.0
226.02194213867188, 368.8586730957031, -7000.0
218.01742553710938, 387.22998046875, -7000.0
214.13584899902344, 405.4471740722656, -7000.0
210.3153076171875, 423.5080871582031, -7000.0
206.50123596191406, 454.84881591796875, -7000.0
199.0105743408203, 440.6681213378906, -7000.0
195.44044494628906, 382.291259765625, -7000.0
188.4873809814453, 353.10699462890625, -7000.0
185.10494995117188, 294.7461853027344, -7000.0
178.5294189453125, 265.57080078125, -7000.0
175.33677673339844, 236.39886474609375, -7000.0
172.20785522460938, 207.23184204101562, -7000.0
169.09825134277344, 177.81265258789062, -4287.650390625
166.09832763671875, 148.6645965576172, -1569.51708984375
163.1200714111328, 119.38772583007812, 1141.130859375
160.20828247070312, 105.91832733154297, 1983.333984375
157.40391540527344, 117.7640380859375, 1983.333984375
154.6645050048828, 138.24142456054688, 1477.17919921875
151.99021911621094, 158.5587615966797, -676.98876953125
149.38125610351562, 178.73936462402344, -3470.47509765625
146.83779907226562, 198.76548767089844, -5797.8037109375
144.32406616210938, 218.67320251464844, -7000.0
141.87814331054688, 238.54867553710938, -7000.0
139.53414916992188, 258.02606201171875, -7000.0
137.2233428955078, 277.40667724609375, -7000.0
135.0128631591797, 296.5567626953125, -7000.0
132.83782958984375, 315.6744079589844, -7000.0
130.76144409179688, 334.5058898925781, -7000.0
128.72279357910156, 347.6798400878906, -7000.0
126.78108978271484, 330.1910095214844, -7000.0
124.90645599365234, 301.0099182128906, -7000.0
123.07292938232422, 271.6676940917969, -7000.0
121.33378601074219, 242.4920196533203, -7000.0
119.66207122802734, 213.3141632080078, -7000.0
118.0348129272461, 184.04991149902344, -7000.0
116.49930572509766, 154.85670471191406, -7000.0
115.03155517578125, 125.68025970458984, -4482.40625
113.6115951538086, 96.2855453491211, -1721.9595947265625
112.28067779541016, 67.26074981689453, 1193.37109375
111.01781463623047, 56.394676208496094, 1983.333984375
109.80603790283203, 70.83352661132812, 1983.333984375
108.66451263427734, 91.92807006835938, 1482.7584228515625
107.60832977294922, 112.610595703125, -526.8988647460938
106.62053680419922, 133.13890075683594, -2995.146484375
105.70117950439453, 153.50096130371094, -4953.5615234375
104.85033416748047, 173.69961547851562, -7000.0
104.06806182861328, 193.72564697265625, -7000.0
103.34442901611328, 213.7897186279297, -7000.0
102.70045471191406, 233.47914123535156, -7000.0
102.12519836425781, 253.04757690429688, -7000.0
101.61870574951172, 272.407958984375, -7000.0
101.1691665649414, 291.96392822265625, -7000.0
100.80229949951172, 304.42230224609375, -7000.0
100.50428771972656, 283.1174011230469, -7000.0
100.27228546142578, 253.49716186523438, -7000.0
100.113037109375, 224.32090759277344, -7000.0
100.0226821899414, 195.15147399902344, -7000.0
100.00122833251953, 165.99050903320312, -7000.0
100.04867553710938, 136.77145385742188, -7000.0
100.16502380371094, 107.65086364746094, -4131.826171875
100.35025787353516, 78.53689575195312, -865.4446411132812
100.60437774658203, 49.58513259887695, 1983.333984375
100.9326171875, 41.11803436279297, 1983.333984375
101.32544708251953, 58.0772705078125, 1983.333984375
101.7870864868164, 78.96580505371094, 1983.333984375
102.32582092285156, 99.80702209472656, 801.5546264648438
102.92599487304688, 120.4297103881836, -642.3270874023438
103.61558532714844, 141.26959228515625, -1554.952392578125
104.35513305664062, 161.56887817382812, -4664.107421875
105.16327667236328, 181.7033233642578, -7000.0
106.03997802734375, 201.66383361816406, -7000.0
106.98516082763672, 221.45578002929688, -7000.0
108.0141830444336, 241.29237365722656, -7000.0
109.0971450805664, 260.7563781738281, -7000.0
110.24837493896484, 280.0521240234375, -7000.0
111.46781158447266, 291.8951721191406, -7000.0
112.77479553222656, 267.0093994140625, -7000.0
114.15182495117188, 237.6810302734375, -7000.0
115.57731628417969, 208.5010986328125, -7000.0
117.09310913085938, 179.18460083007812, -7000.0
118.67863464355469, 149.5875244140625, -6823.5791015625
120.30928802490234, 120.45121002197266, -3128.33056640625
122.03292846679688, 91.17472839355469, -814.6486206054688
123.7994613647461, 62.169803619384766, 1983.333984375
125.63326263427734, 65.37996673583984, 1983.333984375
127.56265258789062, 85.34004974365234, 1983.333984375
129.56103515625, 106.12272644042969, 1983.333984375
131.62826538085938, 126.7626953125, 1087.6357421875
133.7327423095703, 147.1837158203125, -1844.1142578125
135.90380859375, 167.4390106201172, -1949.04931640625
138.1746826171875, 187.82449340820312, -4176.29052734375
140.47943115234375, 207.74119567871094, -7000.0
142.88563537597656, 227.54800415039062, -7000.0
145.3597412109375, 247.26438903808594, -7000.0
147.8642578125, 266.6762390136719, -7000.0
150.4343719482422, 285.9192810058594, -7000.0
153.10916137695312, 305.07806396484375, -7000.0
155.8109130859375, 315.8976745605469, -7000.0
158.57772827148438, 287.135009765625, -7000.0
161.45152282714844, 257.8603515625, -7000.0
164.39190673828125, 228.6033477783203, -7000.0
167.39866638183594, 199.27720642089844, -6941.42626953125
170.4265899658203, 170.10926818847656, -3198.571044921875
173.5644989013672, 140.88009643554688, -694.8104248046875
176.76812744140625, 111.64681243896484, 1983.333984375
179.9894256591797, 83.09754943847656, 1983.333984375
183.3228759765625, 89.93738555908203, 1983.333984375
186.67164611816406, 110.63201141357422, 1983.333984375
190.08335876464844, 131.1741485595703, 1983.333984375
193.55775451660156, 151.5603485107422, 1983.333984375
197.14707946777344, 171.85972595214844, 1983.333984375
200.80047607421875, 191.97373962402344, 636.6085205078125
204.5176544189453, 211.929931640625, -1514.656494140625
208.29835510253906, 231.76480102539062, -3597.220458984375
212.08616638183594, 251.31472778320312, -4489.9521484375
215.99220275878906, 270.7787170410156, -7000.0
219.9029998779297, 289.9910888671875, -7000.0
223.93328857421875, 309.255126953125, -7000.0
227.96597290039062, 327.48876953125, -7000.0
232.119384765625, 334.42071533203125, -7000.0
236.27284240722656, 305.2275695800781, -7000.0
240.48580932617188, 276.03656005859375, -7000.0
244.75799560546875, 246.84947204589844, -3536.313720703125
249.08912658691406, 217.62452697753906, -1035.8096923828125
253.47886657714844, 188.43479919433594, 1983.333984375
257.9927978515625, 162.53414916992188, 1983.333984375
262.4997253417969, 166.9108428955078, 1983.333984375
267.1319580078125, 187.23153686523438, 1983.333984375
271.7548522949219, 207.15390014648438, 1983.333984375
276.4347839355469, 226.91424560546875, 1983.333984375
281.2415771484375, 246.58563232421875, 1983.333984375
286.1064453125, 266.1915283203125, 1954.2376708984375
291.029052734375, 285.5989074707031, 320.2868347167969
295.93646240234375, 304.68994140625, -174.0699920654297
300.8992919921875, 323.6200866699219, -2205.7119140625
305.9913635253906, 342.6534423828125, -2943.01513671875
311.06475830078125, 361.25347900390625, -5192.0615234375
316.1925048828125, 379.69476318359375, -7000.0
321.374267578125, 396.5753173828125, -7000.0
326.60968017578125, 399.75909423828125, -7000.0
331.89837646484375, 370.5635681152344, -7000.0
337.2400207519531, 341.3595275878906, -3766.254638671875
342.7138977050781, 311.95025634765625, -1247.738037109375
348.1610412597656, 282.7583923339844, 1983.333984375
353.65997314453125, 259.06414794921875, 1983.333984375
359.2923278808594, 263.2522888183594, 1983.333984375
364.89447021484375, 282.53155517578125, 1983.333984375
370.5472717285156, 301.65667724609375, 1983.333984375
376.2503356933594, 320.6084899902344, 1983.333984375
382.0882263183594, 339.4619445800781, 1983.333984375
387.97705078125, 358.21160888671875, 1983.333984375
393.9164123535156, 376.734375, 1778.813232421875
399.8186950683594, 395.0465087890625, 1123.80908203125
405.7691955566406, 413.20166015625, -865.8361206054688
411.85614013671875, 431.2806396484375, -2493.7080078125
417.99188232421875, 449.17431640625, -2591.797607421875
424.0860290527344, 466.8799133300781, -3943.45361328125
430.3174133300781, 482.5455017089844, -6291.90576171875
436.5962829589844, 481.7437744140625, -7000.0
442.8302307128906, 452.54156494140625, -4415.24365234375
449.1094665527344, 423.3409423828125, -724.8578491210938
455.43353271484375, 394.1010437011719, 1983.333984375
461.802001953125, 371.5896301269531, 1983.333984375
468.2144775390625, 373.37005615234375, 1983.333984375
474.7657165527344, 391.7821044921875, 1983.333984375
481.2654113769531, 409.9805908203125, 1983.333984375
487.9042663574219, 428.1187438964844, 1983.333984375
494.5865783691406, 446.1470031738281, 1983.333984375
501.2140197753906, 463.861572265625, 1983.333984375
507.88275146484375, 481.4260559082031, 1983.333984375
514.59228515625, 498.87115478515625, 1676.931640625
521.541259765625, 516.4638061523438, 236.6988983154297
528.3321533203125, 533.578369140625, -1354.4017333984375
535.1624755859375, 550.5496826171875, -2529.1630859375
542.0316772460938, 567.3733520507812, -1958.33544921875
548.9392700195312, 577.3258056640625, -2952.770751953125
563.073974609375, 547.8394775390625, -542.7700805664062
570.0951538085938, 527.1731567382812, 1983.333984375
577.1528930664062, 522.7883911132812, 1983.333984375
584.2466430664062, 525.8433227539062, 1983.333984375
591.3759155273438, 542.8851928710938, 1983.333984375
598.6458129882812, 559.8801879882812, 1983.333984375
605.9513549804688, 593.345458984375, 722.2031860351562
620.6669921875, 609.980712890625, 1004.34228515625
627.9684448242188, 642.4740600585938, -758.7144165039062
642.66845703125, 658.5093383789062, -2015.8521728515625
650.0659790039062, 690.1630249023438, -858.3750610351562
665.0634155273438, 705.8543701171875, -2072.526611328125
672.6632080078125, 710.9711303710938, -3636.788330078125
687.8419799804688, 681.6881103515625, -2243.13427734375
695.5307006835938, 662.4174194335938, 750.0241088867188
703.248046875, 653.61669921875, 1697.4564208984375
718.7667236328125, 654.3923950195312, 1983.333984375
726.4536743164062, 665.6705322265625, 1983.333984375
734.1663818359375, 681.5084838867188, 1983.333984375
741.9042358398438, 712.9990844726562, 1770.0181884765625
757.5681762695312, 728.4290161132812, 1983.333984375
765.3788452148438, 758.8981323242188, 543.7297973632812
781.0687866210938, 773.9551391601562, 585.5670166015625
788.9469604492188, 803.6417236328125, -1004.0410766601562
804.8837280273438, 818.347412109375, -1955.18017578125
812.9418334960938, 832.92626953125, -3562.297607421875
821.1375122070312, 844.550537109375, -1389.528564453125
837.1181640625, 840.1654052734375, -1151.1336669921875
845.135986328125, 823.5260620117188, 683.1279296875
853.1713256835938, 806.606689453125, 1983.333984375
861.2236938476562, 818.0923461914062, 1983.333984375
877.377197265625, 832.618408203125, 1983.333984375
885.5964965820312, 847.1278076171875, 1983.333984375
893.7115478515625, 875.5767822265625, 1316.93310546875
910.103515625, 889.7992553710938, 1983.333984375
918.2597045898438, 903.7122802734375, 1964.1824951171875
926.5486450195312, 917.6099853515625, 1342.0760498046875
934.7294921875, 944.8383178710938, 108.94860076904297
951.124755859375, 958.2793579101562, -197.85140991210938
959.3380737304688, 971.6061401367188, -1054.44140625
967.6820678710938, 980.3914184570312, -1917.90478515625
976.0354614257812, 975.8074340820312, -1301.2283935546875
992.889404296875, 971.3477783203125, 677.150390625
1001.1460571289062, 966.9625854492188, 1983.333984375
1009.4094848632812, 973.0933227539062, 1983.333984375
1026.076171875, 982.8952026367188, 1983.333984375
1034.478515625, 996.0697631835938, 1983.333984375
1042.763671875, 1021.9586791992188, 1620.4703369140625
1059.3450927734375, 1034.7376708984375, 1983.333984375
1067.7623291015625, 1047.48388671875, 1983.333984375
1076.181884765625, 1060.131591796875, 1983.333984375
1084.4810791015625, 1072.5789794921875, 1851.0062255859375
1092.78125, 1084.92236328125, 1261.3272705078125
1101.2041015625, 1097.280029296875, 276.2159729003906
1109.504638671875, 1109.4119873046875, -144.16864013671875
1117.8046875, 1128.2149658203125, -220.12335205078125
1134.5223388671875, 1131.1256103515625, -222.0626678466797
1142.9388427734375, 1129.1839599609375, 965.6105346679688
1151.23046875, 1130.44384765625, 758.7692260742188
1167.8023681640625, 1133.4072265625, 1983.333984375
1176.0816650390625, 1142.3807373046875, 1983.333984375
1184.3555908203125, 1154.154296875, 1983.333984375
1192.745361328125, 1165.840576171875, 1983.333984375
1201.1285400390625, 1177.5599365234375, 1983.333984375
1209.3831787109375, 1189.0057373046875, 1983.333984375
1217.6302490234375, 1200.3509521484375, 1983.333984375
1225.8692626953125, 1211.595947265625, 1983.333984375
1234.099609375, 1222.7635498046875, 1933.2947998046875
1242.3206787109375, 1233.8265380859375, 1543.022216796875
1250.7733154296875, 1245.016357421875, 898.2864379882812
1258.9739990234375, 1255.878662109375, 933.8981323242188
1267.16357421875, 1266.6475830078125, 683.0672607421875
1275.341796875, 1271.502197265625, 810.609619140625
1283.8677978515625, 1274.0296630859375, 698.131103515625
1292.0206298828125, 1276.4403076171875, 1250.8638916015625
1300.16015625, 1284.9869384765625, 1737.69189453125
1308.2860107421875, 1295.509765625, 1914.6197509765625
1316.5166015625, 1305.9718017578125, 1859.0286865234375
1324.6129150390625, 1316.3133544921875, 1559.3748779296875
1332.69384765625, 1326.5643310546875, 1036.3653564453125
1340.7586669921875, 1336.7249755859375, 309.615234375
1348.806884765625, 1346.7945556640625, 339.8005676269531
1356.837890625, 1356.8038330078125, 151.87745666503906
1364.851318359375, 1366.703125, -232.76654052734375
1372.846435546875, 1376.519287109375, -123.11058044433594
1380.82275390625, 1386.24755859375, -219.41537475585938
1388.77978515625, 1395.8931884765625, -504.13214111328125
1396.7169189453125, 1399.1820068359375, -238.74072265625
1404.749755859375, 1396.1236572265625, 609.6865844726562
1412.7611083984375, 1391.71337890625, 1905.5408935546875
1420.634521484375, 1391.83642578125, 1983.333984375
1428.601318359375, 1399.668701171875, 1983.333984375
1436.4296875, 1408.224853515625, 1983.333984375
1444.464111328125, 1416.6502685546875, 1983.333984375
1452.2449951171875, 1424.916748046875, 1983.333984375
1460.1153564453125, 1433.2178955078125, 1983.333984375
1467.8466796875, 1441.484375, 1983.333984375
1475.552734375, 1449.7509765625, 1983.333984375
1483.345703125, 1458.119873046875, 1983.333984375
1490.9990234375, 1466.386474609375, 1983.333984375
1498.6253662109375, 1474.652587890625, 1983.333984375
1506.224365234375, 1482.9185791015625, 1983.333984375
1514.017578125, 1491.328125, 1983.333984375
1521.55908203125, 1499.6051025390625, 1983.333984375
1529.0716552734375, 1507.8714599609375, 1983.333984375
1536.5546875, 1516.1376953125, 1983.333984375
1544.007568359375, 1524.4036865234375, 1983.333984375
1551.4298095703125, 1532.6695556640625, 1983.333984375
1558.9295654296875, 1541.036376953125, 1983.333984375
1566.2886962890625, 1549.3026123046875, 1983.333984375
1573.6156005859375, 1557.5689697265625, 1983.333984375
1580.9100341796875, 1565.8526611328125, 1983.333984375
1588.1712646484375, 1574.118896484375, 1983.333984375
1595.5048828125, 1582.4886474609375, 1983.333984375
1602.69775390625, 1590.7550048828125, 1983.333984375
1609.8560791015625, 1599.021240234375, 1983.333984375
1616.979248046875, 1607.2874755859375, 1983.333984375
1624.1707763671875, 1615.5924072265625, 1930.689453125
1631.3251953125, 1623.9180908203125, 1761.181640625
1638.3388671875, 1632.2021484375, 1454.785400390625
1645.3155517578125, 1640.478515625, 1006.6720581054688
1652.3564453125, 1648.860107421875, 435.8871765136719
1659.2569580078125, 1657.1270751953125, 675.5355834960938
1666.219482421875, 1665.425048828125, 754.2220458984375
1673.0418701171875, 1666.033203125, 598.1890869140625
1679.8248291015625, 1666.0333251953125, 1203.099609375
1686.6666259765625, 1673.761474609375, 1677.7806396484375
1693.466796875, 1682.0506591796875, 1980.0338134765625
1700.127197265625, 1690.3173828125, 1983.333984375
1706.84326171875, 1698.648681640625, 1887.7330322265625
1713.516357421875, 1706.954345703125, 1612.777099609375
1720.1458740234375, 1715.2540283203125, 1163.22119140625
1726.7314453125, 1723.544189453125, 549.5147094726562
1733.177978515625, 1731.8194580078125, 696.7701416015625
1739.6748046875, 1740.2218017578125, 621.1654663085938
1746.0330810546875, 1748.4892578125, 330.86895751953125
1752.3468017578125, 1756.7564697265625, -168.45608520507812
1758.6156005859375, 1765.0341796875, -374.88690185546875
1764.8389892578125, 1765.1519775390625, -369.94549560546875
1771.0166015625, 1760.8260498046875, 819.667724609375
1777.23779296875, 1760.772216796875, 1743.125
1783.32177734375, 1760.772216796875, 1983.333984375
1789.4471435546875, 1769.0279541015625, 1983.333984375
1795.4359130859375, 1777.3060302734375, 1983.333984375
1801.4637451171875, 1785.5989990234375, 1983.333984375
1807.4417724609375, 1793.9195556640625, 1983.333984375
1813.36962890625, 1802.2142333984375, 1983.333984375
1819.2469482421875, 1810.609619140625, 1952.7020263671875
1824.989013671875, 1818.8778076171875, 1634.5501708984375
1830.6812744140625, 1827.1458740234375, 1037.54052734375
1836.3231201171875, 1835.4140625, 1110.0997314453125
1841.99609375, 1843.71142578125, 880.53515625
1847.535400390625, 1851.9794921875, 357.2402648925781
1853.1033935546875, 1859.8907470703125, -415.0893859863281
1858.5384521484375, 1859.890869140625, -28.92020606994629
1863.9212646484375, 1859.89111328125, 456.2294921875
1869.25146484375, 1859.616943359375, 616.4556884765625
1874.5286865234375, 1855.51123046875, 1810.664306640625
1879.8289794921875, 1856.162109375, 1983.333984375
1884.998291015625, 1864.43017578125, 1983.333984375
1890.113525390625, 1872.6981201171875, 1983.333984375
1895.248291015625, 1881.0260009765625, 1983.333984375
1900.25341796875, 1889.294189453125, 1983.333984375
1905.27587890625, 1897.6143798828125, 1841.38427734375
1910.1695556640625, 1905.8824462890625, 1320.3709716796875
1915.0074462890625, 1914.1513671875, 432.7790222167969
1919.789306640625, 1922.41943359375, 136.7552947998047
1924.5836181640625, 1930.751708984375, -45.667259216308594
1929.3194580078125, 1939.0443115234375, -620.1027221679688
1933.9964599609375, 1947.3385009765625, -1595.5806884765625
1938.5477294921875, 1954.6297607421875, -2809.453857421875
1943.10693359375, 1954.083251953125, -3404.58837890625
1947.5416259765625, 1949.6988525390625, -2957.3583984375
1951.981689453125, 1945.2601318359375, -1531.0657958984375
1956.3614501953125, 1940.83984375, 344.7315979003906
1960.6181640625, 1936.455078125, 1983.333984375
1964.815673828125, 1932.73046875, 1983.333984375
1968.95361328125, 1933.9830322265625, 1983.333984375
1973.0316162109375, 1942.2513427734375, 1983.333984375
1977.0494384765625, 1950.526123046875, 1983.333984375
1981.064697265625, 1958.873291015625, 1983.333984375
1984.96044921875, 1967.1417236328125, 1983.333984375
1988.851318359375, 1975.43798828125, 1983.333984375
1992.678955078125, 1983.7955322265625, 1981.59326171875
1996.3892822265625, 1992.064208984375, 1458.27783203125
2000.037841796875, 2000.33544921875, 432.2933654785156
2003.6766357421875, 2008.62939453125, -117.65704345703125
2007.302734375, 2017.0416259765625, -705.5939331054688
2010.76171875, 2025.3106689453125, -1814.6031494140625
2014.157958984375, 2031.8489990234375, -3227.708984375
2017.4912109375, 2030.9268798828125, -1256.81103515625
2020.76123046875, 2026.542724609375, -1334.6961669921875
2023.9678955078125, 2016.888916015625, -446.7345275878906
2027.156494140625, 1992.9556884765625, 1983.333984375
2030.234619140625, 1989.539794921875, 1983.333984375
2033.29248046875, 1991.4033203125, 1983.333984375
2036.2412109375, 1999.671630859375, 1983.333984375
2039.16748046875, 2008.010986328125, 1983.333984375
2042.0269775390625, 2016.4068603515625, 1983.333984375
2044.77978515625, 2024.675537109375, 1983.333984375
2047.4674072265625, 2032.963623046875, 1983.333984375
2050.08984375, 2041.2320556640625, 1978.8968505859375
2052.646728515625, 2049.50048828125, 1321.0535888671875
2055.137939453125, 2057.77685546875, 976.1199951171875
2057.563232421875, 2066.04541015625, -6.508462429046631
2059.95703125, 2074.353271484375, -1109.2431640625
2062.282470703125, 2082.677734375, -2866.911865234375
2064.507568359375, 2088.658447265625, -2100.503662109375
2066.697509765625, 2087.384765625, -1015.6650390625
2068.78857421875, 2075.763427734375, -1230.7303466796875
2070.842041015625, 2046.4779052734375, 700.3593139648438
2072.79833984375, 2024.6385498046875, 1983.333984375
2074.687744140625, 2024.0218505859375, 1983.333984375
2076.536376953125, 2032.42529296875, 1983.333984375
2078.290283203125, 2040.6943359375, 1983.333984375
2079.976806640625, 2048.96337890625, 1983.333984375
2081.595703125, 2057.231689453125, 1983.333984375
2083.147216796875, 2065.500732421875, 1983.333984375
2084.652099609375, 2073.89013671875, 1983.333984375
2086.06689453125, 2082.1591796875, 1412.864501953125
2087.41357421875, 2090.42822265625, 1020.81396484375
2088.6923828125, 2098.697998046875, -135.43472290039062
2089.92041015625, 2107.072998046875, -1570.260009765625
2091.06201171875, 2120.67822265625, -2676.341064453125
2093.139892578125, 2119.110595703125, -2124.193359375
2094.089599609375, 2114.673583984375, -1025.8765869140625
2094.95654296875, 2101.0634765625, -1151.8695068359375
2095.7548828125, 2051.93994140625, 483.166015625
2097.145751953125, 2047.5552978515625, 1983.333984375
2097.738037109375, 2047.93798828125, 1983.333984375
2098.268798828125, 2064.5927734375, 1983.333984375
2099.11279296875, 2072.86181640625, 1983.333984375
2099.43212890625, 2081.153564453125, 1983.333984375
2099.680419921875, 2097.744384765625, 1064.27294921875
2099.96337890625, 2106.013671875, 351.9933776855469
2100.0, 2114.399169921875, -792.0548095703125
2099.966552734375, 2130.938232421875, -2014.596923828125
2099.693359375, 2139.20751953125, -3023.081787109375
2099.44921875, 2143.938232421875, -4615.625
2099.139404296875, 2101.868896484375, -1204.620849609375
2098.31298828125, 2072.65087890625, 874.1737060546875
2097.796630859375, 2043.3968505859375, 1983.333984375
2097.20263671875, 2031.04443359375, 1983.333984375
2096.53759765625, 2047.64697265625, 1983.333984375
2095.0078125, 2055.916748046875, 1983.333984375
2094.11865234375, 2064.33349609375, 1983.333984375
2093.185546875, 2080.873291015625, 1658.886474609375
2091.114013671875, 2089.14306640625, 883.0098876953125
2089.975830078125, 2097.41259765625, 23.38766098022461
2088.7509765625, 2105.707763671875, -1369.1737060546875
2087.4560546875, 2122.31103515625, -2785.090087890625
2084.698974609375, 2126.378173828125, -4068.041015625
2083.218505859375, 2119.743408203125, -2588.141845703125
2080.005859375, 2102.223388671875, -1653.6094970703125
2078.320556640625, 2073.01953125, -451.8427734375
2076.54150390625, 2043.62255859375, 1983.333984375
2074.720458984375, 2023.3682861328125, 1983.333984375
2070.847900390625, 2025.845703125, 1983.333984375
2068.82470703125, 2034.1151123046875, 1983.333984375
2066.73486328125, 2042.3843994140625, 1983.333984375
2064.546142578125, 2058.98583984375, 1267.6995849609375
2059.9638671875, 2067.3388671875, 383.7660827636719
2057.60546875, 2083.888427734375, -629.3735961914062
2052.691162109375, 2092.158447265625, -1767.1590576171875
2050.135498046875, 2108.802978515625, -1675.18115234375
2044.7877197265625, 2117.0732421875, -6516.515625
2042.03515625, 2120.46826171875, -7000.0
2039.2177734375, 2073.99267578125, -5289.12841796875
2033.3450927734375, 2044.3035888671875, -2931.22119140625
2030.3331298828125, 2015.098388671875, -519.8321533203125
2027.257080078125, 1985.89306640625, 1983.333984375
2024.1171875, 1971.9276123046875, 1983.333984375
2020.91357421875, 1967.54248046875, 1983.333984375
2017.5008544921875, 1971.2664794921875, 1983.333984375
2014.1678466796875, 1979.5361328125, 1983.333984375
2010.771728515625, 1987.804931640625, 1983.333984375
2007.31298828125, 1996.07373046875, 1983.333984375
2003.7916259765625, 2004.341796875, 902.351318359375
2000.2080078125, 2012.60986328125, -41.061058044433594
1996.5623779296875, 2020.8775634765625, -2300.70654296875
1992.85498046875, 2029.145263671875, -2991.592529296875
1989.0860595703125, 2037.4124755859375, -5025.40625
1985.255859375, 2045.6796875, -7000.0
1981.3070068359375, 2053.9931640625, -7000.0
1977.354248046875, 2062.260498046875, -7000.0
1973.3409423828125, 2064.978759765625, -7000.0
1969.267578125, 2045.320068359375, -7000.0
1965.072998046875, 2016.010009765625, -7000.0
1960.8170166015625, 1986.3946533203125, -6187.8173828125
1956.5, 1957.0562744140625, -2594.83544921875
1952.1861572265625, 1927.86083984375, 341.9607849121094
1947.8135986328125, 1898.6654052734375, 1983.333984375
1943.382568359375, 1889.9609375, 1983.333984375
1938.8270263671875, 1895.8143310546875, 1983.333984375
1934.2791748046875, 1904.081298828125, 1983.333984375
1929.6739501953125, 1912.348388671875, 1983.333984375
1924.9425048828125, 1920.64599609375, 1456.7041015625
1920.222412109375, 1928.93310546875, 464.0314025878906
1915.1630859375, 1937.611572265625, -1607.5936279296875
1910.3270263671875, 1945.879638671875, -2249.074462890625
1905.43505859375, 1954.1461181640625, -4364.3984375
1900.487548828125, 1962.412109375, -7000.0
1895.4849853515625, 1970.6778564453125, -7000.0
1890.4276123046875, 1978.9429931640625, -7000.0
1885.3157958984375, 1987.2073974609375, -7000.0
1880.1497802734375, 1989.0794677734375, -7000.0
1874.9300537109375, 1966.4937744140625, -7000.0
1869.656982421875, 1937.3126220703125, -7000.0
1864.330810546875, 1908.05322265625, -7000.0
1858.9520263671875, 1878.873046875, -5582.9541015625
1853.5208740234375, 1849.692626953125, -1518.852783203125
1848.037841796875, 1820.5123291015625, 741.8968505859375
1842.4215087890625, 1791.1361083984375, 1983.333984375
1836.8349609375, 1791.3974609375, 1983.333984375
1831.19775390625, 1799.677734375, 1983.333984375
1825.4261474609375, 1808.07275390625, 1983.333984375
1819.687744140625, 1816.3363037109375, 1348.3902587890625
1813.8997802734375, 1824.5994873046875, 96.33454132080078
1807.9764404296875, 1832.946044921875, -2245.87353515625
1802.08984375, 1841.2095947265625, -3264.135498046875
1796.15478515625, 1849.4727783203125, -5768.26708984375
1790.08349609375, 1857.77490234375, -7000.0
1783.9632568359375, 1866.0706787109375, -7000.0
1777.79443359375, 1874.365478515625, -7000.0
1771.5775146484375, 1882.7467041015625, -7000.0
1765.4041748046875, 1884.0106201171875, -7000.0
1759.1849365234375, 1859.27392578125, -7000.0
1752.9202880859375, 1830.0665283203125, -7000.0
1746.42431640625, 1800.08544921875, -7000.0
1740.06884765625, 1770.9019775390625, -6832.27392578125
1733.669189453125, 1741.720703125, -4065.75732421875
1727.2259521484375, 1712.54052734375, -1661.738525390625
1720.7393798828125, 1683.361328125, 1779.439697265625
