1653.8768310546875, 1639.9661865234375, 662.033203125
1660.7689208984375, 1646.93603515625, 1282.1075439453125
1667.622314453125, 1654.8780517578125, 1746.7001953125
1674.4366455078125, 1663.1138916015625, 1983.333984375
1681.21142578125, 1671.362060546875, 1983.333984375
1687.946044921875, 1679.6107177734375, 1901.2763671875
1694.6402587890625, 1687.8594970703125, 1644.02294921875
1701.29345703125, 1696.1158447265625, 1215.3603515625
1707.9051513671875, 1704.37109375, 619.905029296875
1714.47509765625, 1712.625, 804.1127319335938
1721.0025634765625, 1720.8795166015625, 782.5997314453125
1727.4874267578125, 1729.1424560546875, 560.3712158203125
1733.9288330078125, 1737.405029296875, 142.81072998046875
1740.3267822265625, 1745.66748046875, -465.06512451171875
1746.680419921875, 1752.9158935546875, -644.5949096679688
1752.9896240234375, 1752.91748046875, -90.99676513671875
1759.2537841796875, 1752.38134765625, 717.5184936523438
1765.4725341796875, 1748.0025634765625, 1758.4486083984375
1771.6453857421875, 1744.1612548828125, 1983.333984375
1777.77197265625, 1745.1763916015625, 1983.333984375
1783.8519287109375, 1753.4354248046875, 1983.333984375
1789.884765625, 1761.694091796875, 1983.333984375
1795.8699951171875, 1769.9520263671875, 1983.333984375
1801.8072509765625, 1778.2099609375, 1983.333984375
1807.6962890625, 1786.4674072265625, 1983.333984375
1813.5364990234375, 1794.7247314453125, 1983.333984375
1819.3275146484375, 1802.98193359375, 1983.333984375
1825.0689697265625, 1811.2393798828125, 1983.333984375
1830.760498046875, 1819.496826171875, 1983.333984375
1836.401611328125, 1827.7542724609375, 1955.1468505859375
1841.9920654296875, 1836.0123291015625, 1622.7066650390625
1847.53125, 1844.2706298828125, 995.6656494140625
1853.01904296875, 1852.5291748046875, 1024.94189453125
1858.4549560546875, 1860.7879638671875, 729.7124633789062
1863.838623046875, 1868.02783203125, 236.8356475830078
1869.169677734375, 1868.02685546875, 378.6004638671875
1874.4476318359375, 1868.0260009765625, 1117.4630126953125
1879.6722412109375, 1868.025146484375, 1475.36572265625
1884.84326171875, 1868.0244140625, 1983.333984375
1889.9600830078125, 1869.0438232421875, 1983.333984375
1895.0224609375, 1877.3031005859375, 1983.333984375
1900.0301513671875, 1885.5626220703125, 1983.333984375
1904.982666015625, 1893.822265625, 1983.333984375
1909.879638671875, 1902.0821533203125, 1857.352783203125
1914.720947265625, 1910.342041015625, 1346.41015625
1919.506103515625, 1918.60205078125, 463.3699035644531
1924.2347412109375, 1926.862060546875, 162.43817138671875
1928.906494140625, 1935.1220703125, -36.27052688598633
1933.521240234375, 1943.3822021484375, -642.219482421875
1938.07861328125, 1951.642333984375, -1641.6129150390625
1942.578125, 1959.9024658203125, -3021.38671875
1947.0196533203125, 1967.1395263671875, -1825.8341064453125
1951.40283203125, 1966.596923828125, -2952.498291015625
1955.727294921875, 1959.14453125, -2674.989013671875
1959.9927978515625, 1933.047119140625, 565.6934204101562
1964.1990966796875, 1928.6671142578125, 1983.333984375
1968.3458251953125, 1924.830322265625, 1983.333984375
1972.4327392578125, 1925.8551025390625, 1983.333984375
1976.45947265625, 1934.1151123046875, 1983.333984375
1980.42578125, 1942.3751220703125, 1983.333984375
1984.33154296875, 1950.63525390625, 1983.333984375
1988.1763916015625, 1958.8953857421875, 1983.333984375
1991.9599609375, 1967.155517578125, 1983.333984375
1995.6820068359375, 1975.4158935546875, 1983.333984375
1999.342529296875, 1983.676025390625, 1983.333984375
2002.94091796875, 1991.936279296875, 1983.333984375
2006.4771728515625, 2000.1962890625, 1684.1175537109375
2009.950927734375, 2008.45654296875, 852.10302734375
2013.362060546875, 2016.7166748046875, 448.8471374511719
2016.710205078125, 2024.9769287109375, -496.38055419921875
2019.9951171875, 2032.2091064453125, -1348.2578125
2023.2166748046875, 2032.209228515625, -1788.78759765625
2026.374755859375, 2031.6639404296875, -1783.4093017578125
2029.4688720703125, 2027.283935546875, -922.8947143554688
2032.4990234375, 2022.9039306640625, 244.86476135253906
2035.46484375, 2018.52392578125, 1252.8607177734375
2038.3662109375, 2014.689697265625, 1983.333984375
2041.2030029296875, 2015.719482421875, 1983.333984375
2043.974853515625, 2023.9794921875, 1983.333984375
2046.6817626953125, 2032.2396240234375, 1983.333984375
2049.3232421875, 2040.4996337890625, 1975.3204345703125
2051.899658203125, 2048.760009765625, 1317.2369384765625
2054.41015625, 2057.02001953125, 976.1265869140625
2056.85498046875, 2065.2802734375, -13.4312162399292
2059.23388671875, 2073.54052734375, -1128.7861328125
2061.546875, 2081.80078125, -2868.964599609375
2063.79345703125, 2090.060791015625, -2384.074951171875
2065.9736328125, 2098.321044921875, -2619.249267578125
2068.087158203125, 2106.5810546875, -3546.083740234375
2070.134033203125, 2113.808349609375, -5019.4326171875
2072.1142578125, 2110.159912109375, -5774.87353515625
2074.02734375, 2080.9892578125, -2935.15625
2075.873291015625, 2051.81884765625, -11.855749130249023
2077.65185546875, 2022.648193359375, 1983.333984375
2079.36328125, 1997.1298828125, 1983.333984375
2081.00732421875, 1998.164306640625, 1983.333984375
2082.58349609375, 2006.4241943359375, 1983.333984375
2084.092041015625, 2014.6844482421875, 1983.333984375
2085.532958984375, 2022.9444580078125, 1983.333984375
2086.90576171875, 2031.20458984375, 1983.333984375
2088.210693359375, 2039.4647216796875, 1983.333984375
2089.447509765625, 2047.724853515625, 1983.333984375
2090.615966796875, 2055.98486328125, 1983.333984375
2091.71630859375, 2064.245361328125, 1983.333984375
2092.74853515625, 2072.50537109375, 1983.333984375
2093.712158203125, 2080.765625, 1983.333984375
2094.607177734375, 2089.02587890625, 1604.42919921875
2095.433837890625, 2097.2861328125, 393.7726745605469
2096.19189453125, 2105.546142578125, -175.01593017578125
2096.88134765625, 2113.806396484375, -1581.7930908203125
2097.501953125, 2121.0283203125, -847.4268798828125
2098.053955078125, 2120.477783203125, -2849.790771484375
2098.537109375, 2112.980224609375, -1012.3892211914062
2098.95166015625, 2086.927978515625, 438.05523681640625
2099.297119140625, 2079.4287109375, 1771.671630859375
2099.573974609375, 2053.92919921875, 1983.333984375
2099.78173828125, 2054.968994140625, 1983.333984375
2099.920654296875, 2063.22900390625, 1983.333984375
2099.99072265625, 2071.489013671875, 1983.333984375
2099.991943359375, 2079.74951171875, 1983.333984375
2099.92431640625, 2088.010009765625, 1983.333984375
2099.78759765625, 2096.27001953125, 1368.2982177734375
2099.58203125, 2104.530029296875, 757.2377319335938
2099.3076171875, 2112.790283203125, -302.18145751953125
2098.96435546875, 2121.050537109375, -2293.220947265625
2098.55224609375, 2129.310791015625, -2350.956787109375
2098.071533203125, 2137.571044921875, -3406.12841796875
2097.521728515625, 2145.8310546875, -5416.7978515625
2096.9033203125, 2153.048095703125, -7000.0
2096.21630859375, 2149.3623046875, -7000.0
2095.460693359375, 2120.191650390625, -6132.50146484375
2094.63623046875, 2091.021240234375, -2064.323486328125
2093.743408203125, 2061.8505859375, 770.4868774414062
2092.7822265625, 2032.6800537109375, 1983.333984375
2091.75244140625, 2008.2447509765625, 1983.333984375
2090.654296875, 2016.5047607421875, 1983.333984375
2089.488037109375, 2024.7647705078125, 1983.333984375
2088.253662109375, 2033.02490234375, 1983.333984375
2086.950927734375, 2041.2850341796875, 1983.333984375
2085.580322265625, 2049.54541015625, 1983.333984375
2084.141845703125, 2057.805419921875, 1983.333984375
2082.6357421875, 2066.065673828125, 1983.333984375
2081.0615234375, 2074.32568359375, 1736.5072021484375
2079.419921875, 2082.5859375, 368.8114013671875
2077.7109375, 2090.84619140625, -631.5100708007812
2075.9345703125, 2099.1064453125, -2730.44921875
2074.0908203125, 2106.318359375, -2934.557373046875
2072.179931640625, 2105.7626953125, -3283.478271484375
2070.2021484375, 2098.235595703125, -2979.849853515625
2068.157470703125, 2069.0654296875, -2413.2763671875
2066.046142578125, 2039.8946533203125, 723.9169311523438
2063.8681640625, 2013.873291015625, 1983.333984375
2061.623779296875, 2010.0498046875, 1983.333984375
2059.313232421875, 2011.0994873046875, 1983.333984375
2056.9365234375, 2019.3594970703125, 1983.333984375
2054.493896484375, 2027.619873046875, 1983.333984375
2051.985595703125, 2035.8800048828125, 1983.333984375
2049.41162109375, 2044.14013671875, 1568.8182373046875
2046.7720947265625, 2052.400146484375, 869.6780395507812
2044.0675048828125, 2060.660400390625, -551.5433959960938
2041.2977294921875, 2068.920654296875, -3164.00244140625
2038.4632568359375, 2077.1806640625, -4089.319091796875
2035.56396484375, 2085.44091796875, -6245.4912109375
2032.600341796875, 2093.701171875, -7000.0
2029.5723876953125, 2101.96142578125, -7000.0
2026.4803466796875, 2109.168212890625, -7000.0
2023.3245849609375, 2105.4482421875, -7000.0
2020.1051025390625, 2076.27783203125, -7000.0
2016.822265625, 2047.107177734375, -6768.40087890625
2013.476318359375, 2017.9366455078125, -3592.9453125
2010.0672607421875, 1988.7659912109375, -454.2855529785156
2006.595703125, 1959.5953369140625, 1983.333984375
2003.0615234375, 1933.591064453125, 1983.333984375
1999.4652099609375, 1930.8258056640625, 1983.333984375
1995.806884765625, 1939.0858154296875, 1983.333984375
1992.0867919921875, 1947.345703125, 1983.333984375
1988.3052978515625, 1955.6058349609375, 1983.333984375
1984.4625244140625, 1963.865966796875, 1983.333984375
1980.5589599609375, 1972.1260986328125, 1930.2933349609375
1976.5946044921875, 1980.38623046875, 480.87591552734375
1972.56982421875, 1988.6463623046875, -862.1310424804688
1968.4849853515625, 1996.9066162109375, -3550.805419921875
1964.34033203125, 2005.1668701171875, -4698.4736328125
1960.135986328125, 2013.427001953125, -7000.0
1955.87255859375, 2021.687255859375, -7000.0
1951.550048828125, 2028.88916015625, -7000.0
1947.1688232421875, 2025.1510009765625, -7000.0
1942.729248046875, 1995.98046875, -7000.0
1938.231689453125, 1966.8099365234375, -6573.41357421875
1933.6763916015625, 1937.639404296875, -3351.126708984375
1929.0634765625, 1908.4688720703125, -305.7689514160156
1924.3935546875, 1879.298095703125, 1983.333984375
1919.6668701171875, 1853.3092041015625, 1983.333984375
1914.8836669921875, 1850.5516357421875, 1983.333984375
1910.0443115234375, 1858.8116455078125, 1983.333984375
1905.149169921875, 1867.0716552734375, 1983.333984375
1900.198486328125, 1875.331787109375, 1983.333984375
1895.1927490234375, 1883.5919189453125, 1983.333984375
1890.1322021484375, 1891.8519287109375, 768.0100708007812
1885.01708984375, 1900.112060546875, -477.393310546875
1879.8480224609375, 1908.372314453125, -3197.430908203125
1874.625244140625, 1916.6324462890625, -4498.2685546875
1869.3489990234375, 1924.8927001953125, -7000.0
1864.019775390625, 1933.15283203125, -7000.0
1858.637939453125, 1941.4130859375, -7000.0
1853.2037353515625, 1948.60986328125, -7000.0
1847.7177734375, 1944.853759765625, -7000.0
1842.18017578125, 1915.683349609375, -7000.0
1836.5914306640625, 1886.51171875, -7000.0
1830.9520263671875, 1857.341064453125, -6323.31103515625
1825.26220703125, 1828.1705322265625, -2993.284423828125
1819.5224609375, 1799.0, -472.3364562988281
1813.7330322265625, 1769.8294677734375, 1983.333984375
1807.89453125, 1744.4224853515625, 1983.333984375
1802.0072021484375, 1745.488525390625, 1983.333984375
1796.071533203125, 1753.7484130859375, 1983.333984375
1790.087890625, 1762.0084228515625, 1983.333984375
1784.0567626953125, 1770.2684326171875, 1983.333984375
1777.9783935546875, 1778.528564453125, 901.4152221679688
1771.8533935546875, 1786.7886962890625, -332.8459777832031
1765.6820068359375, 1795.048828125, -3156.9970703125
1759.46484375, 1803.30908203125, -4670.57470703125
1753.2021484375, 1811.5693359375, -7000.0
1746.89453125, 1819.8294677734375, -7000.0
1740.5423583984375, 1828.089599609375, -7000.0
1734.14599609375, 1836.3497314453125, -7000.0
1727.7059326171875, 1843.5408935546875, -7000.0
1721.22265625, 1839.7647705078125, -7000.0
1714.696533203125, 1810.5943603515625, -7000.0
1708.1280517578125, 1781.4237060546875, -7000.0
1701.5177001953125, 1752.25341796875, -7000.0
1694.8658447265625, 1723.0828857421875, -6533.0517578125
1688.173095703125, 1693.912353515625, -3517.033203125
1681.4398193359375, 1664.741943359375, -910.3271484375
1674.6663818359375, 1635.5712890625, 1983.333984375
1667.8533935546875, 1609.6162109375, 1983.333984375
1661.0013427734375, 1606.8759765625, 1983.333984375
1654.110595703125, 1615.1358642578125, 1983.333984375
1647.181640625, 1623.3958740234375, 1983.333984375
1640.2149658203125, 1631.6558837890625, 1943.64892578125
1633.2110595703125, 1639.9158935546875, 1101.1217041015625
1626.1705322265625, 1648.176025390625, -952.832275390625
1619.0936279296875, 1656.4361572265625, -1833.0889892578125
1611.98095703125, 1664.6962890625, -4428.6767578125
1604.8331298828125, 1672.95654296875, -7000.0
1597.650390625, 1681.216796875, -7000.0
1590.4334716796875, 1689.476806640625, -7000.0
1583.1827392578125, 1697.737060546875, -7000.0
1575.898681640625, 1704.9224853515625, -7000.0
1568.581787109375, 1701.1265869140625, -7000.0
1561.232666015625, 1671.9561767578125, -7000.0
1553.8516845703125, 1642.7857666015625, -7000.0
1546.4395751953125, 1613.615478515625, -7000.0
1538.99658203125, 1584.44482421875, -7000.0
1531.5234375, 1555.2744140625, -6022.56689453125
1524.0205078125, 1526.10400390625, -2614.323974609375
1516.48828125, 1496.93359375, -223.9629669189453
1508.927490234375, 1467.76318359375, 1983.333984375
1501.3385009765625, 1442.39697265625, 1983.333984375
1493.7218017578125, 1443.4744873046875, 1983.333984375
1486.0780029296875, 1451.7342529296875, 1983.333984375
1478.4075927734375, 1459.9942626953125, 1983.333984375
1470.7110595703125, 1468.2542724609375, 1244.6307373046875
1462.9891357421875, 1476.5142822265625, -344.1110534667969
1455.2420654296875, 1484.774169921875, -3187.565185546875
1447.4705810546875, 1493.0343017578125, -4897.59130859375
1439.675048828125, 1501.2945556640625, -7000.0
1431.856201171875, 1509.5546875, -7000.0
1424.0145263671875, 1517.8148193359375, -7000.0
1416.1505126953125, 1526.074951171875, -7000.0
1408.2646484375, 1534.3350830078125, -7000.0
1400.3575439453125, 1541.5147705078125, -7000.0
1392.4298095703125, 1537.6981201171875, -7000.0
1384.48193359375, 1508.52783203125, -7000.0
1376.514404296875, 1479.3575439453125, -7000.0
1368.52783203125, 1450.187255859375, -7000.0
1360.522705078125, 1421.0169677734375, -7000.0
1352.499755859375, 1391.8465576171875, -7000.0
1344.4593505859375, 1362.67626953125, -5389.8525390625
1336.402099609375, 1333.505859375, -1443.748046875
1328.3284912109375, 1304.335693359375, 1148.7711181640625
1320.2392578125, 1275.1654052734375, 1983.333984375
1312.134765625, 1250.16455078125, 1983.333984375
1304.0157470703125, 1253.856201171875, 1983.333984375
1295.882568359375, 1264.63427734375, 1983.333984375
1287.7359619140625, 1275.321044921875, 1983.333984375
1279.576416015625, 1285.9091796875, 915.5869750976562
1271.4044189453125, 1296.407470703125, -1473.1298828125
1263.220703125, 1306.815673828125, -3043.92333984375
1255.0257568359375, 1317.1339111328125, -6655.16552734375
1246.820068359375, 1327.363525390625, -7000.0
1238.604248046875, 1337.51171875, -7000.0
1230.37890625, 1347.570068359375, -7000.0
1222.14453125, 1357.5396728515625, -7000.0
1213.90185546875, 1367.427978515625, -7000.0
1205.6512451171875, 1376.150146484375, -7000.0
1197.393310546875, 1373.6494140625, -7000.0
1189.1287841796875, 1344.479248046875, -7000.0
1180.8580322265625, 1315.30908203125, -7000.0
1172.581787109375, 1286.1387939453125, -7000.0
1164.300537109375, 1256.96875, -7000.0
1156.0147705078125, 1227.7984619140625, -7000.0
1147.7252197265625, 1198.6282958984375, -7000.0
1139.4322509765625, 1169.458251953125, -6741.6611328125
1131.13671875, 1140.2880859375, -4107.2685546875
1122.8389892578125, 1111.1180419921875, -2042.1405029296875
1114.5396728515625, 1081.9481201171875, 404.48602294921875
1106.2393798828125, 1056.048583984375, 1983.333984375
1097.9385986328125, 1053.8958740234375, 1983.333984375
1089.6380615234375, 1066.38232421875, 1983.333984375
1081.338134765625, 1078.767578125, 789.5842895507812
1073.03955078125, 1091.0428466796875, -792.23388671875
1064.7427978515625, 1103.2095947265625, -1810.6846923828125
1056.448486328125, 1115.2763671875, -5108.46533203125
1048.1572265625, 1127.241943359375, -7000.0
1039.8695068359375, 1139.0987548828125, -7000.0
1031.5858154296875, 1150.8555908203125, -7000.0
1023.3069458007812, 1162.5123291015625, -7000.0
1015.0333862304688, 1174.069091796875, -7000.0
1006.765625, 1185.5260009765625, -7000.0
998.5043334960938, 1195.799072265625, -7000.0
990.25, 1194.61083984375, -7000.0
982.0032348632812, 1165.44091796875, -7000.0
973.7645874023438, 1136.27099609375, -7000.0
965.53466796875, 1107.1009521484375, -7000.0
957.3140258789062, 1077.93115234375, -7000.0
949.1031494140625, 1048.76123046875, -7000.0
940.9027099609375, 1019.59130859375, -7000.0
932.7132568359375, 990.4215087890625, -7000.0
924.5352783203125, 961.2517700195312, -7000.0
916.3694458007812, 932.08203125, -5103.91015625
908.2162475585938, 902.9124145507812, -897.3640747070312
900.0762329101562, 873.742919921875, 572.1395874023438
891.9500122070312, 844.5734252929688, 1983.333984375
883.838134765625, 821.2014770507812, 1983.333984375
875.7411499023438, 835.6847534179688, 1983.333984375
867.6596069335938, 850.0469360351562, 1983.333984375
859.5940551757812, 864.280517578125, 691.4835205078125
851.5451049804688, 878.3942260742188, -1898.045654296875
843.5132446289062, 892.387939453125, -4052.63134765625
835.4990844726562, 906.2617797851562, -7000.0
827.5031127929688, 920.0156860351562, -7000.0
819.5259399414062, 933.6509399414062, -7000.0
811.568115234375, 947.1748046875, -7000.0
803.630126953125, 960.5786743164062, -7000.0
795.7125854492188, 973.864013671875, -7000.0
787.8159790039062, 985.9476928710938, -7000.0
779.94091796875, 986.2939453125, -7000.0
772.087890625, 957.1244506835938, -7000.0
764.2574462890625, 927.9549560546875, -7000.0
756.4501953125, 898.785400390625, -7000.0
748.6665649414062, 869.615966796875, -7000.0
740.9071044921875, 840.4465942382812, -7000.0
733.1724853515625, 811.2772827148438, -7000.0
725.4630737304688, 782.108154296875, -7000.0
717.7794799804688, 752.9390258789062, -7000.0
710.1221923828125, 723.7700805664062, -4867.43603515625
702.4918212890625, 694.601318359375, -3202.661376953125
694.8887939453125, 665.4328002929688, -521.6024780273438
687.313720703125, 639.574462890625, 1983.333984375
679.76708984375, 636.2017822265625, 1983.333984375
672.2493896484375, 641.0834350585938, 1983.333984375
664.7611694335938, 657.1131591796875, 959.0966796875
657.3029174804688, 673.0032348632812, -367.48126220703125
649.8751831054688, 688.7548828125, -1454.390625
642.4784545898438, 704.3753662109375, -5121.275390625
635.11328125, 719.8572387695312, -7000.0
627.7800903320312, 735.2092895507812, -7000.0
620.4794921875, 750.4313354492188, -7000.0
613.2118530273438, 765.5234985351562, -7000.0
605.9778442382812, 780.485595703125, -7000.0
598.77783203125, 795.3178100585938, -7000.0
591.6123657226562, 810.0213623046875, -7000.0
584.48193359375, 823.506591796875, -7000.0
577.3870239257812, 825.036865234375, -7000.0
570.3280639648438, 795.867919921875, -7000.0
563.3056640625, 766.6990356445312, -7000.0
556.3202514648438, 737.5300903320312, -7000.0
549.3722534179688, 708.3614501953125, -7000.0
542.4622192382812, 679.1928100585938, -7000.0
535.590576171875, 650.0243530273438, -7000.0
528.7578735351562, 620.8561401367188, -7000.0
521.9644775390625, 591.688232421875, -7000.0
515.2109375, 562.5205688476562, -7000.0
508.4977111816406, 533.3533325195312, -6149.05322265625
501.8252258300781, 504.1865234375, -2765.93701171875
495.1939392089844, 475.0201110839844, -1353.55712890625
488.6043395996094, 445.8544006347656, 1601.9583740234375
482.0568542480469, 420.6407165527344, 1983.333984375
475.5519714355469, 423.2486572265625, 1983.333984375
469.090087890625, 441.1432189941406, 1983.333984375
462.67169189453125, 458.8797912597656, 325.6322021484375
456.2972106933594, 476.46685791015625, -1479.3350830078125
449.9670715332031, 493.90435791015625, -3088.188232421875
443.68170166015625, 511.19207763671875, -7000.0
437.44158935546875, 528.330078125, -7000.0
431.24713134765625, 545.3195190429688, -7000.0
425.0987243652344, 562.1679077148438, -7000.0
418.996826171875, 578.8677368164062, -7000.0
412.9418640136719, 595.4276123046875, -7000.0
406.9342346191406, 611.8475952148438, -7000.0
400.974365234375, 627.0222778320312, -7000.0
395.0626525878906, 629.9755249023438, -7000.0
389.19952392578125, 600.807861328125, -7000.0
383.3853454589844, 571.6403198242188, -7000.0
377.6205749511719, 542.4719848632812, -7000.0
371.9055480957031, 513.30517578125, -7000.0
366.24072265625, 484.138671875, -7000.0
360.6264343261719, 454.97271728515625, -7000.0
355.0630798339844, 425.8074645996094, -7000.0
349.5510559082031, 396.6429748535156, -7000.0
344.09075927734375, 367.4795227050781, -5978.46484375
338.6825256347656, 338.3174133300781, -2288.6005859375
333.3267822265625, 309.1568908691406, -600.9367065429688
328.0238342285156, 279.99859619140625, 1983.333984375
322.7740783691406, 255.5475616455078, 1983.333984375
317.577880859375, 263.0133056640625, 1983.333984375
312.43560791015625, 282.2711486816406, 1983.333984375
307.34759521484375, 301.3695983886719, 425.7720947265625
302.3141784667969, 320.30084228515625, -1130.947021484375
297.33575439453125, 339.0732116699219, -2502.448486328125
292.4126281738281, 357.68634033203125, -6499.59912109375
287.5451354980469, 376.1402587890625, -7000.0
282.7336120605469, 394.43463134765625, -7000.0
277.9784240722656, 412.57080078125, -7000.0
273.27984619140625, 430.5559997558594, -7000.0
268.6382751464844, 448.3828430175781, -7000.0
264.053955078125, 466.0599365234375, -7000.0
259.5272216796875, 482.4762268066406, -7000.0
255.05844116210938, 486.477294921875, -7000.0
250.64784240722656, 457.3117980957031, -7000.0
246.29579162597656, 428.1467590332031, -7000.0
242.00254821777344, 398.982421875, -7000.0
237.7684326171875, 369.819091796875, -7000.0
233.59371948242188, 340.6568298339844, -7000.0
229.47869873046875, 311.4961853027344, -7000.0
225.42367553710938, 282.337646484375, -7000.0
221.42889404296875, 253.18202209472656, -6931.11474609375
217.49465942382812, 224.0303192138672, -3977.570068359375
213.62123107910156, 194.8843536376953, -1102.8890380859375
209.8088836669922, 165.7471923828125, 1730.9232177734375
206.057861328125, 139.9916534423828, 1983.333984375
202.36843872070312, 138.98191833496094, 1983.333984375
198.74085998535156, 159.2812042236328, 1983.333984375
195.17538452148438, 179.41127014160156, 1435.195556640625
191.67225646972656, 199.37745666503906, -812.2635498046875
188.23170471191406, 219.17796325683594, -958.613525390625
184.85398864746094, 238.8114471435547, -3732.825439453125
181.53932189941406, 258.27740478515625, -7000.0
178.28794860839844, 277.5763854980469, -7000.0
175.10006713867188, 296.7153625488281, -7000.0
171.97592163085938, 315.6867370605469, -7000.0
168.9157257080078, 334.4990234375, -7000.0
165.919677734375, 353.1520080566406, -7000.0
162.9879913330078, 370.52777099609375, -7000.0
160.12086486816406, 375.3251953125, -7000.0
157.31849670410156, 346.16217041015625, -7000.0
154.58108520507812, 317.0016174316406, -7000.0
151.9088134765625, 287.8428955078125, -7000.0
149.3018798828125, 258.6868896484375, -7000.0
146.76043701171875, 229.53433227539062, -7000.0
144.28468322753906, 200.38714599609375, -7000.0
141.87477111816406, 171.24795532226562, -6651.21337890625
139.5308837890625, 142.121826171875, -3249.64111328125
137.253173828125, 113.01882934570312, -1675.436279296875
135.0417938232422, 83.96292877197266, 1934.751708984375
132.89691162109375, 59.018096923828125, 1983.333984375
130.81866455078125, 62.12400817871094, 1983.333984375
128.80718994140625, 82.962646484375, 1983.333984375
126.86264038085938, 103.68684387207031, 1983.333984375
124.98513793945312, 124.26277923583984, 611.7452392578125
123.17481994628906, 144.677978515625, -1342.0367431640625
121.43180084228516, 164.9325408935547, -2892.930419921875
119.75621032714844, 185.01588439941406, -6859.15771484375
118.14816284179688, 204.93408203125, -7000.0
116.6077651977539, 224.68576049804688, -7000.0
115.1351318359375, 244.27008056640625, -7000.0
113.73035430908203, 263.687744140625, -7000.0
112.3935317993164, 282.94561767578125, -7000.0
111.124755859375, 300.91015625, -7000.0
109.92412567138672, 306.1826477050781, -7000.0
108.79170227050781, 277.0252990722656, -7000.0
107.72758483886719, 247.87075805664062, -7000.0
106.7318344116211, 218.7202606201172, -7000.0
105.80451965332031, 189.57598876953125, -7000.0
104.94570922851562, 160.44090270996094, -7000.0
104.15546417236328, 131.3217315673828, -6391.24853515625
103.43383026123047, 102.23206329345703, -2557.155029296875
102.78086853027344, 73.20708465576172, -425.0777893066406
102.19660949707031, 44.373878479003906, 1983.333984375
101.68110656738281, 21.471487045288086, 1983.333984375
101.23439025878906, 31.826032638549805, 1983.333984375
100.85649108886719, 52.59404754638672, 1983.333984375
100.54743957519531, 73.46438598632812, 1983.333984375
100.3072509765625, 94.24768829345703, 261.6512451171875
100.13594055175781, 114.89289093017578, -895.2164916992188
100.03352355957031, 135.3814697265625, -1530.037109375
100.00000762939453, 155.71292114257812, -4467.73388671875
100.03539276123047, 175.873291015625, -7000.0
100.13967895507812, 195.86935424804688, -7000.0
100.31285858154297, 215.6994171142578, -7000.0
100.55492401123047, 235.36248779296875, -7000.0
100.8658447265625, 254.8577880859375, -7000.0
101.24561309814453, 273.0540466308594, -7000.0
101.69419860839844, 278.5008239746094, -7000.0
102.2115707397461, 249.3463592529297, -7000.0
102.79769134521484, 220.19583129882812, -7000.0
103.45252227783203, 191.0511932373047, -7000.0
104.17601776123047, 161.91590881347656, -7000.0
104.96812438964844, 132.79568481445312, -6467.287109375
105.82879638671875, 103.70397186279297, -2524.3388671875
106.75797271728516, 74.67408752441406, -106.43838500976562
107.75557708740234, 45.82364273071289, 1983.333984375
108.8215560913086, 23.231779098510742, 1983.333984375
109.95582580566406, 36.09292984008789, 1983.333984375
111.15831756591797, 56.920745849609375, 1983.333984375
112.4289321899414, 77.77732849121094, 1983.333984375
113.7676010131836, 98.53286743164062, 1314.0130615234375
115.17422485351562, 119.15348052978516, -565.9804077148438
116.6487045288086, 139.614501953125, -2627.322509765625
118.1909408569336, 159.90846252441406, -3909.103271484375
119.80081939697266, 180.03866577148438, -7000.0
121.47824096679688, 199.99554443359375, -7000.0
123.22309112548828, 219.78619384765625, -7000.0
125.03523254394531, 239.4096221923828, -7000.0
126.91455841064453, 258.8666076660156, -7000.0
128.86093139648438, 277.0265808105469, -7000.0
130.8742218017578, 282.4172058105469, -7000.0
132.95428466796875, 253.26226806640625, -7000.0
135.10096740722656, 224.11111450195312, -7000.0
137.31414794921875, 194.96548461914062, -7000.0
139.59365844726562, 165.8286590576172, -6291.38427734375
141.93934631347656, 136.70584106445312, -2011.26171875
144.35104370117188, 107.60905456542969, 928.9595336914062
146.82858276367188, 78.56727600097656, 1983.333984375
149.37179565429688, 55.451637268066406, 1983.333984375
151.98052978515625, 69.32040405273438, 1983.333984375
154.65457153320312, 90.12617492675781, 1983.333984375
157.39373779296875, 110.80274963378906, 1983.333984375
160.19786071777344, 131.3252410888672, 1983.333984375
163.06674194335938, 151.6842498779297, 910.4058837890625
166.00018310546875, 171.881103515625, -1125.958251953125
168.9979705810547, 191.90594482421875, -3160.639892578125
172.05992126464844, 211.76507568359375, -4191.6552734375
175.185791015625, 231.4573516845703, -7000.0
178.37539672851562, 250.98341369628906, -7000.0
181.6284942626953, 270.3499450683594, -7000.0
184.94488525390625, 289.5478515625, -7000.0
188.32431030273438, 307.4355773925781, -7000.0
191.7665557861328, 312.57159423828125, -7000.0
195.27139282226562, 283.41363525390625, -7000.0
198.8385467529297, 254.2583770751953, -7000.0
202.46780395507812, 225.1068115234375, -5886.3623046875
206.15890502929688, 195.9609375, -1067.59033203125
209.91159057617188, 166.82334899902344, 1653.7174072265625
213.72561645507812, 137.69989013671875, 1983.333984375
217.60069274902344, 115.54216003417969, 1983.333984375
221.5365753173828, 136.02584838867188, 1983.333984375
225.53298950195312, 156.34579467773438, 1983.333984375
229.58966064453125, 176.5048828125, 1983.333984375
233.706298828125, 196.49880981445312, 1983.333984375
237.88262939453125, 216.3182830810547, 1983.333984375
242.11834716796875, 235.9710693359375, 384.2789306640625
246.41319274902344, 255.45748901367188, -144.31488037109375
250.766845703125, 274.78424072265625, -2361.150634765625
255.17901611328125, 293.94378662109375, -3329.57177734375
259.6493835449219, 312.9430236816406, -5913.119140625
264.17767333984375, 331.7745361328125, -7000.0
268.7635498046875, 349.2978515625, -7000.0
273.4067077636719, 354.09869384765625, -7000.0
278.1068115234375, 324.9378662109375, -7000.0
282.863525390625, 295.77874755859375, -4777.70654296875
287.67657470703125, 266.6219177246094, -1603.5587158203125
292.5455627441406, 237.468505859375, 1983.333984375
297.47021484375, 211.80162048339844, 1983.333984375
302.45013427734375, 210.8135528564453, 1983.333984375
307.48504638671875, 230.51333618164062, 1983.333984375
312.57452392578125, 250.04656982421875, 1983.333984375
317.7182922363281, 269.4135437011719, 1983.333984375
322.91595458984375, 288.6208801269531, 1983.333984375
328.1671447753906, 307.660888671875, 1983.333984375
333.4715270996094, 326.5421142578125, 557.8053588867188
338.8287048339844, 345.2641296386719, -1366.224365234375
344.23834228515625, 363.82684326171875, -3018.32470703125
349.7000732421875, 382.23004150390625, -3243.13671875
355.2134704589844, 400.4737243652344, -4914.05322265625
360.7781982421875, 418.5592346191406, -7000.0
366.39385986328125, 435.3397521972656, -7000.0
372.0600891113281, 439.4803161621094, -7000.0
377.7764587402344, 410.3160095214844, -7000.0
383.5425720214844, 381.1523742675781, -3028.823486328125
389.35809326171875, 351.9898376464844, 246.4882354736328
395.2225341796875, 322.8287048339844, 1983.333984375
401.13555908203125, 299.3079528808594, 1983.333984375
407.09674072265625, 311.2273254394531, 1983.333984375
413.10565185546875, 330.0772399902344, 1983.333984375
419.16192626953125, 348.7684631347656, 1983.333984375
425.26507568359375, 367.30072021484375, 1983.333984375
431.41473388671875, 385.6737060546875, 1983.333984375
437.6104431152344, 403.88720703125, 1983.333984375
443.851806640625, 421.9427490234375, 1983.333984375
450.13836669921875, 439.8471374511719, 1050.607421875
456.4697265625, 457.5932922363281, -182.71502685546875
462.84539794921875, 475.18963623046875, -1067.001953125
469.2649841308594, 492.6362609863281, -3169.2998046875
475.72802734375, 509.93304443359375, -3580.318115234375
482.2341003417969, 525.9205322265625, -5056.04443359375
488.78271484375, 529.3690185546875, -6103.080078125
495.37347412109375, 500.2026672363281, -3005.072509765625
502.005859375, 471.0367126464844, -349.4267272949219
508.6794738769531, 441.8711853027344, 1983.333984375
515.393798828125, 417.76611328125, 1983.333984375
522.1484375, 425.9051513671875, 1983.333984375
528.94287109375, 443.7699890136719, 1983.333984375
535.7766723632812, 461.4855651855469, 1983.333984375
542.6493530273438, 479.0516052246094, 1983.333984375
549.5604248046875, 496.468017578125, 1983.333984375
556.5094604492188, 513.734619140625, 1983.333984375
563.495849609375, 530.8515625, 1983.333984375
570.519287109375, 547.820068359375, 1983.333984375
577.5791625976562, 564.6472778320312, 1473.343505859375
584.675048828125, 581.3260498046875, 850.3828125
591.8064575195312, 597.864990234375, -802.0440063476562
598.972900390625, 614.2639770507812, -1993.8681640625
606.173828125, 629.3590087890625, -1203.3642578125
613.4088134765625, 635.5560913085938, -3159.759521484375
620.6773071289062, 627.6514282226562, -3281.7001953125
627.9788208007812, 602.009765625, -1057.7601318359375
635.3128662109375, 597.6301879882812, 1449.2718505859375
642.6788940429688, 593.9009399414062, 1983.333984375
650.0764770507812, 596.4022827148438, 1983.333984375
657.5050659179688, 612.8104858398438, 1983.333984375
664.964111328125, 629.0791015625, 1983.333984375
672.453125, 645.2079467773438, 1983.333984375
679.9716186523438, 661.1970825195312, 1983.333984375
687.51904296875, 677.047607421875, 1300.9600830078125
695.0949096679688, 692.7669067382812, 678.1011962890625
702.6986694335938, 708.3477172851562, -811.388427734375
710.3297729492188, 723.798583984375, -1794.646484375
717.98779296875, 739.1194458007812, -3605.766357421875
725.6720581054688, 754.3103637695312, -3359.229736328125
733.3821411132812, 769.3713989257812, -3966.335205078125
741.1174926757812, 783.1336669921875, -5232.85498046875
748.8776245117188, 784.654052734375, -5721.81640625
756.661865234375, 755.4852294921875, -1957.0491943359375
764.4697875976562, 726.3165893554688, 773.9322509765625
772.3008422851562, 697.1478881835938, 1983.333984375
780.1544799804688, 674.39794921875, 1983.333984375
788.0301513671875, 690.1380004882812, 1983.333984375
795.9273071289062, 705.7469482421875, 1983.333984375
803.845458984375, 721.2174682617188, 1983.333984375
811.783935546875, 736.5582275390625, 1983.333984375
819.7423095703125, 751.76904296875, 1983.333984375
827.7200317382812, 766.8499145507812, 1983.333984375
835.7164916992188, 781.8008422851562, 1983.333984375
843.7311401367188, 796.6218872070312, 1983.333984375
851.763427734375, 811.3148803710938, 1983.333984375
859.8128662109375, 825.8858642578125, 1983.333984375
867.8788452148438, 840.3284301757812, 1983.333984375
875.9608154296875, 854.6495361328125, 1983.333984375
884.0582275390625, 868.8421020507812, 1983.333984375
892.1704711914062, 882.9146118164062, 1362.65625
900.297119140625, 896.8671875, 1061.976318359375
908.4374389648438, 910.6998291015625, 138.3704833984375
916.5910034179688, 923.2378540039062, -111.78996276855469
924.7572021484375, 928.6525268554688, -34.433555603027344
932.9354858398438, 932.6322021484375, -587.9739379882812
941.125244140625, 928.25244140625, 320.4760437011719
949.3259887695312, 924.5257568359375, 1602.8582763671875
957.537109375, 925.44677734375, 1983.333984375
965.758056640625, 932.0170288085938, 1983.333984375
973.9882202148438, 945.5492553710938, 1983.333984375
982.22705078125, 958.9630737304688, 1983.333984375
990.4740600585938, 972.2669677734375, 1983.333984375
998.7285766601562, 985.4595336914062, 1922.2303466796875
1006.9900512695312, 998.5336303710938, 1326.1600341796875
1015.2579956054688, 1011.4976806640625, 1177.2030029296875
1023.53173828125, 1024.3519287109375, 524.0565185546875
1031.810791015625, 1037.095947265625, -594.9821166992188
1040.094482421875, 1049.7301025390625, -1150.43310546875
1048.38232421875, 1062.254150390625, -2162.90478515625
1056.6737060546875, 1074.669921875, -3596.7490234375
1064.9681396484375, 1085.8048095703125, -2457.70458984375
1073.264892578125, 1088.6240234375, -3574.890869140625
1081.5634765625, 1080.6734619140625, -2776.48095703125
1089.8634033203125, 1055.0750732421875, 873.6034545898438
1098.1640625, 1050.695068359375, 1983.333984375
1106.4647216796875, 1047.575439453125, 1983.333984375
1114.7650146484375, 1053.110595703125, 1983.333984375
1123.0643310546875, 1065.604248046875, 1983.333984375
1131.362060546875, 1077.9896240234375, 1983.333984375
1139.6575927734375, 1090.2735595703125, 1983.333984375
1147.9503173828125, 1102.448974609375, 1983.333984375
1156.2398681640625, 1114.523193359375, 1983.333984375
1164.525390625, 1126.4888916015625, 1983.333984375
1172.806640625, 1138.3543701171875, 1983.333984375
1181.082763671875, 1150.1199951171875, 1983.333984375
1189.353271484375, 1161.78564453125, 1983.333984375
1197.61767578125, 1173.3511962890625, 1983.333984375
1205.8753662109375, 1184.8167724609375, 1983.333984375
1214.125732421875, 1196.182373046875, 1983.333984375
1222.3682861328125, 1207.44921875, 1983.333984375
1230.6024169921875, 1218.625, 1983.333984375
1238.8275146484375, 1229.7020263671875, 1687.0950927734375
1247.04296875, 1240.6876220703125, 1099.3961181640625
1255.2484130859375, 1251.57470703125, 244.84185791015625
1263.443115234375, 1262.3717041015625, 87.8519515991211
1271.62646484375, 1273.077392578125, -339.4602355957031
1279.798095703125, 1282.498291015625, -113.4173812866211
1287.9573974609375, 1284.5069580078125, 41.573978424072266
1296.1036376953125, 1283.915283203125, 246.23809814453125
1304.236328125, 1280.51220703125, 1757.592041015625
1312.3551025390625, 1284.0565185546875, 1983.333984375
1320.4591064453125, 1294.5732421875, 1983.333984375
1328.5479736328125, 1305.0, 1983.333984375
1336.62109375, 1315.3369140625, 1983.333984375
1344.6778564453125, 1325.5838623046875, 1983.333984375
1352.7178955078125, 1335.742431640625, 1983.333984375
1360.7403564453125, 1345.8194580078125, 1983.333984375
1368.7449951171875, 1355.8065185546875, 1983.333984375
1376.73095703125, 1365.7049560546875, 1983.333984375
1384.697998046875, 1375.5220947265625, 1835.7537841796875
1392.6453857421875, 1385.25048828125, 1501.2554931640625
1400.5726318359375, 1394.8685302734375, 999.4012451171875
1408.4791259765625, 1404.0772705078125, 438.1717224121094
1416.3643798828125, 1412.33740234375, 897.8013916015625
1424.227783203125, 1420.5975341796875, 346.9894714355469
1432.06884765625, 1427.6566162109375, 855.3392944335938
1439.8870849609375, 1428.8582763671875, 1153.5054931640625
1447.681884765625, 1437.1182861328125, 1383.507568359375
1455.4527587890625, 1445.3782958984375, 1546.0572509765625
1463.1990966796875, 1453.63818359375, 1641.705322265625
1470.92041015625, 1461.898193359375, 1670.918701171875
1478.6162109375, 1470.158447265625, 1634.1134033203125
1486.285888671875, 1478.41845703125, 1531.6005859375
1493.928955078125, 1486.6785888671875, 1363.619873046875
1501.544921875, 1494.938720703125, 1130.3433837890625
1509.1331787109375, 1503.1988525390625, 831.8646240234375
1516.6932373046875, 1511.458984375, 468.2164001464844
1524.224609375, 1519.71923828125, 981.4577026367188
1531.7266845703125, 1527.979248046875, 440.2239990234375
1539.1990966796875, 1535.034912109375, 915.8870849609375
1546.6412353515625, 1536.2401123046875, 1139.5662841796875
1554.0526123046875, 1544.5, 1254.9239501953125
1561.4326171875, 1552.760009765625, 1263.827880859375
1568.7808837890625, 1561.02001953125, 1167.9403076171875
1576.096923828125, 1569.280029296875, 968.8125610351562
1583.3800048828125, 1577.540283203125, 667.8485717773438
1590.6298828125, 1585.80029296875, 266.3541564941406
1597.845947265625, 1594.060546875, 707.5555419921875
1605.0277099609375, 1602.32080078125, 1003.2946166992188
1612.1746826171875, 1610.5809326171875, 1156.8768310546875
1619.2862548828125, 1618.841064453125, 1171.358642578125
1626.3621826171875, 1627.1011962890625, 1049.61572265625
1633.4017333984375, 1634.1534423828125, 932.5628662109375
1640.4046630859375, 1634.1536865234375, 680.78564453125
1647.3702392578125, 1634.15380859375, 1238.8287353515625
1654.2982177734375, 1635.3626708984375, 1983.333984375
1661.1878662109375, 1643.62255859375, 1983.333984375
1668.0389404296875, 1651.8824462890625, 1983.333984375
1674.850830078125, 1660.142578125, 1983.333984375
1681.6231689453125, 1668.4027099609375, 1983.333984375
1688.3553466796875, 1676.662841796875, 1983.333984375
1695.0469970703125, 1684.9229736328125, 1983.333984375
1701.69775390625, 1693.18310546875, 1938.2144775390625
1708.3070068359375, 1701.4432373046875, 1706.440673828125
1714.874267578125, 1709.703369140625, 1292.5394287109375
1721.399169921875, 1717.9635009765625, 700.7692260742188
1727.88134765625, 1726.2237548828125, 877.2315063476562
1734.3201904296875, 1734.48388671875, 836.4573974609375
1740.71533203125, 1741.5321044921875, 723.0213012695312
1747.06640625, 1741.5323486328125, 400.09100341796875
1753.372802734375, 1741.532470703125, 815.083740234375
1759.63427734375, 1742.745361328125, 1787.150390625
1765.8502197265625, 1751.00537109375, 1983.333984375
1772.020263671875, 1759.2652587890625, 1983.333984375
1778.14404296875, 1767.525390625, 1983.333984375
1784.2210693359375, 1775.785400390625, 1929.5107421875
1790.2509765625, 1784.0455322265625, 1623.150146484375
1796.2333984375, 1792.3056640625, 1071.458251953125
1802.167724609375, 1800.56591796875, 281.19732666015625
1808.0537109375, 1808.8260498046875, 200.84701538085938
1813.8909912109375, 1817.086181640625, -152.74606323242188
1819.678955078125, 1825.3463134765625, -273.76385498046875
1825.4173583984375, 1833.6065673828125, -677.3212280273438
1831.1058349609375, 1840.6510009765625, -1215.8162841796875
1836.743896484375, 1840.0062255859375, -1008.2783813476562
1842.3311767578125, 1835.6263427734375, -168.16297912597656
1847.867431640625, 1831.246337890625, 822.749755859375
1853.35205078125, 1827.5115966796875, 1983.333984375
1858.7847900390625, 1828.728759765625, 1983.333984375
1864.1651611328125, 1836.9886474609375, 1983.333984375
1869.492919921875, 1845.2486572265625, 1983.333984375
1874.7677001953125, 1853.5086669921875, 1983.333984375
1879.9891357421875, 1861.76904296875, 1983.333984375
1885.15673828125, 1870.029052734375, 1983.333984375
1890.270263671875, 1878.289306640625, 1983.333984375
1895.329345703125, 1886.5494384765625, 1969.3270263671875
1900.3336181640625, 1894.8095703125, 1583.43896484375
1905.2828369140625, 1903.0697021484375, 837.9487915039062
1910.176513671875, 1911.3299560546875, 686.5778198242188
1915.0142822265625, 1919.5902099609375, 151.10995483398438
1919.7960205078125, 1926.6298828125, -118.1565933227539
1924.5211181640625, 1926.630126953125, -330.9303894042969
1929.1895751953125, 1925.9827880859375, 75.35363006591797
1933.80078125, 1922.2503662109375, 474.1434631347656
1938.3546142578125, 1922.25048828125, 1374.1666259765625
1942.8505859375, 1923.472412109375, 1983.333984375
1947.28857421875, 1931.7325439453125, 1983.333984375
1951.668212890625, 1939.99267578125, 1983.333984375
1955.989013671875, 1948.2529296875, 1850.171875
1960.2509765625, 1956.51318359375, 1266.0892333984375
1964.45361328125, 1964.773681640625, 246.828369140625
