345.263427734375, 358.255126953125, -964.1639404296875
339.7646179199219, 352.8024597167969, -1906.9593505859375
334.3982849121094, 347.2728576660156, -2783.9189453125
329.084716796875, 365.8640441894531, -3526.29150390625
323.8242492675781, 384.2759094238281, -6940.337890625
318.6172790527344, 402.519287109375, -7000.0
313.3887634277344, 420.7731018066406, -7000.0
308.2160339355469, 438.94183349609375, -7000.0
303.0257568359375, 457.0605773925781, -7000.0
298.03948974609375, 474.6778259277344, -7000.0
293.1084899902344, 490.8361511230469, -7000.0
288.2330627441406, 493.82427978515625, -7000.0
283.4136047363281, 464.63299560546875, -7000.0
278.58074951171875, 435.3372497558594, -7000.0
273.8749694824219, 406.15496826171875, -7000.0
269.2261047363281, 376.9768371582031, -7000.0
264.63446044921875, 347.8036804199219, -7000.0
260.10040283203125, 318.6202087402344, -7000.0
255.55882263183594, 289.1689758300781, -7000.0
251.14166259765625, 260.0052795410156, -4313.11474609375
246.78298950195312, 230.8450927734375, -1771.2100830078125
242.42031860351562, 201.25257873535156, 797.9155883789062
238.18040466308594, 177.00210571289062, 1983.333984375
233.99986267089844, 177.47079467773438, 1983.333984375
229.8789825439453, 197.46490478515625, 1983.333984375
225.8180694580078, 217.290283203125, 629.0952758789062
221.75900268554688, 237.1468048095703, -633.3988037109375
217.81971740722656, 256.6387023925781, -1690.13720703125
213.94122314453125, 275.9627990722656, -5248.6328125
210.06808471679688, 295.2112121582031, -7000.0
206.3128662109375, 314.210693359375, -7000.0
202.6192169189453, 333.0633850097656, -7000.0
198.98739624023438, 351.7544860839844, -7000.0
195.3135986328125, 370.7686767578125, -7000.0
191.8080291748047, 389.12030029296875, -7000.0
188.3650360107422, 405.25836181640625, -7000.0
184.98484802246094, 405.2900695800781, -7000.0
181.667724609375, 376.08026123046875, -7000.0
178.36648559570312, 346.73846435546875, -7000.0
175.17706298828125, 317.5549011230469, -7000.0
172.05136108398438, 288.3765563964844, -7000.0
168.94503784179688, 258.9854431152344, -7000.0
165.94837951660156, 229.81117248535156, -7000.0
162.97341918945312, 200.22486877441406, -7000.0
160.10662841796875, 171.0630340576172, -4543.32763671875
157.30458068847656, 141.90675354003906, -2014.5904541015625
154.5675048828125, 112.78128814697266, 494.3764343261719
151.85675048828125, 90.763427734375, 1983.333984375
149.2510986328125, 94.07778930664062, 1983.333984375
146.71095275878906, 114.73587799072266, 1983.333984375
144.2364959716797, 135.2449951171875, 608.7407836914062
141.79295349121094, 155.65097045898438, -471.7221374511719
139.45135498046875, 175.82528686523438, -1191.9892578125
137.1429443359375, 195.91050720214844, -4501.439453125
134.93484497070312, 215.77816772460938, -7000.0
132.76222229003906, 235.5339813232422, -7000.0
130.65823364257812, 255.1283416748047, -7000.0
128.62301635742188, 293.9953918457031, -7000.0
124.78644561767578, 313.0073547363281, -7000.0
122.9573745727539, 329.0430603027344, -7000.0
121.22262573242188, 325.4287414550781, -7000.0
119.55531311035156, 267.0340881347656, -7000.0
116.42346954345703, 237.80926513671875, -7000.0
114.93812561035156, 208.46266174316406, -7000.0
113.54267883300781, 179.2582244873047, -7000.0
112.19618225097656, 120.54193115234375, -3776.3974609375
109.73050689697266, 91.44519805908203, -939.1285400390625
108.6094741821289, 43.14419174194336, 433.0037841796875
106.54449462890625, 38.843223571777344, 1983.333984375
105.61769104003906, 65.71244812011719, 1806.3382568359375
103.99755859375, 86.5587158203125, 1362.59033203125
103.280517578125, 127.95894622802734, -1481.56103515625
102.06645202636719, 148.4744110107422, -3355.49267578125
101.56747436523438, 168.7168426513672, -7000.0
101.13729095458984, 208.7635955810547, -7000.0
100.47964477539062, 228.6342010498047, -7000.0
100.25425720214844, 248.37010192871094, -7000.0
100.10152435302734, 267.7715759277344, -7000.0
100.01769256591797, 275.6703186035156, -7000.0
100.05804443359375, 246.48802185058594, -7000.0
100.18193054199219, 217.309814453125, -7000.0
100.37470245361328, 188.13890075683594, -7000.0
100.6363525390625, 129.71267700195312, -4955.23876953125
101.37258911132812, 100.57034301757812, -1240.079345703125
101.84916687011719, 71.11936950683594, 958.0115356445312
102.38812255859375, 34.25123977661133, 1983.333984375
103.67219543457031, 47.02512741088867, 1983.333984375
104.42870330810547, 63.93348693847656, 1983.333984375
105.2558364868164, 105.921630859375, 454.044921875
107.10721588134766, 126.50170135498047, -1246.415771484375
108.12931060791016, 167.17822265625, -1195.94189453125
110.39598846435547, 187.39181518554688, -6590.57275390625
111.6238784790039, 227.06646728515625, -7000.0
114.28387451171875, 246.6604461669922, -7000.0
115.7589340209961, 266.419189453125, -7000.0
117.26067352294922, 300.1759338378906, -7000.0
120.46717071533203, 288.5747985839844, -7000.0
122.17171478271484, 259.3368835449219, -7000.0
123.99677276611328, 229.64932250976562, -7000.0
125.83792114257812, 171.30393981933594, -5909.0576171875
129.72145080566406, 142.14862060546875, -3670.43408203125
131.76358032226562, 113.01753234863281, -794.6891479492188
133.87240600585938, 83.93365478515625, 1983.333984375
136.08029174804688, 69.36750030517578, 1983.333984375
138.32308959960938, 65.00911712646484, 1983.333984375
140.63214111328125, 75.85404968261719, 1983.333984375
143.042724609375, 96.96720123291016, 1983.333984375
145.4847869873047, 117.6151123046875, 1983.333984375
148.02999877929688, 138.2131805419922, 720.6844482421875
150.60438537597656, 158.55313110351562, -1541.2435302734375
153.28350830078125, 179.0436553955078, -1053.7322998046875
155.989501953125, 199.0359649658203, -2571.304931640625
158.76055908203125, 218.86097717285156, -5867.3056640625
161.63864135742188, 238.65792846679688, -7000.0
164.54014587402344, 258.1467590332031, -7000.0
167.50611877441406, 277.4661865234375, -7000.0
170.5363311767578, 296.63873291015625, -7000.0
173.63058471679688, 310.198486328125, -7000.0
176.78866577148438, 294.4305725097656, -7000.0
180.0103759765625, 265.183349609375, -7000.0
183.34423828125, 235.8528594970703, -7000.0
186.74314880371094, 206.57814025878906, -5531.369140625
190.2068328857422, 177.22091674804688, -3278.764892578125
193.78668212890625, 147.525390625, 842.8129272460938
197.32760620117188, 135.85256958007812, 1983.333984375
200.93072509765625, 143.16802978515625, 1983.333984375
204.5957794189453, 161.06153869628906, 1983.333984375
208.3225555419922, 181.1974639892578, 1983.333984375
212.11074829101562, 201.1663055419922, 883.67578125
216.01719665527344, 221.03721618652344, -1009.7954711914062
219.92837524414062, 240.6720733642578, -2772.59228515625
223.9590606689453, 260.323974609375, -3444.136474609375
227.9921417236328, 279.628662109375, -5745.62109375
232.1459503173828, 298.982177734375, -7000.0
236.29978942871094, 317.9567565917969, -7000.0
240.5131378173828, 336.77117919921875, -7000.0
244.84896850585938, 355.6191711425781, -7000.0
249.18133544921875, 374.1125793457031, -7000.0
253.57232666015625, 386.25250244140625, -7000.0
258.0216369628906, 366.6514587402344, -7000.0
262.5289611816406, 337.4617004394531, -7000.0
267.0939636230469, 308.2582702636719, -7000.0
271.7847900390625, 278.90777587890625, -4102.5126953125
276.53436279296875, 249.58384704589844, -286.31134033203125
281.27227783203125, 220.363525390625, 1983.333984375
286.13751220703125, 210.3538055419922, 1983.333984375
290.98870849609375, 224.83389282226562, 1983.333984375
295.8956604003906, 244.4459686279297, 1983.333984375
300.9314270019531, 264.0828857421875, 1983.333984375
306.02386474609375, 283.4918518066406, 1983.333984375
311.09759521484375, 302.59783935546875, 715.1333618164062
316.2257080078125, 321.5420837402344, -1110.98779296875
321.4078063964844, 340.3269348144531, -2667.402587890625
326.7209777832031, 358.9996643066406, -2880.415771484375
332.01080322265625, 377.46466064453125, -4516.044921875
337.4324951171875, 395.8382263183594, -7000.0
342.82855224609375, 414.0238037109375, -7000.0
348.3572998046875, 432.1062316894531, -7000.0
353.9393310546875, 443.2693176269531, -7000.0
359.4922790527344, 420.3499450683594, -7000.0
365.09625244140625, 391.15472412109375, -6242.0400390625
370.83441162109375, 361.8824462890625, -1572.4461669921875
376.624267578125, 332.34539794921875, 1460.30029296875
382.38043212890625, 303.15289306640625, 1983.333984375
388.1860656738281, 315.2992248535156, 1983.333984375
394.1271667480469, 334.2856750488281, 1983.333984375
400.03118896484375, 352.9610290527344, 1983.333984375
405.9834289550781, 371.4769592285156, 1983.333984375
412.07208251953125, 389.94390869140625, 1983.333984375
418.1202392578125, 408.139404296875, 984.8037109375
424.21539306640625, 426.1837463378906, -369.1495056152344
430.4477844238281, 444.11956787109375, -1395.5977783203125
436.63629150390625, 461.8922119140625, -870.5093994140625
442.87054443359375, 479.513427734375, -1614.63720703125
449.24273681640625, 497.0523376464844, -3504.4970703125
455.7544250488281, 514.628662109375, -6722.1376953125
462.1251525878906, 524.2511596679688, -7000.0
468.5398254394531, 498.21435546875, -6651.69384765625
475.0932922363281, 468.919677734375, -2266.56640625
481.59515380859375, 439.7218017578125, 627.927734375
488.1396484375, 410.5246276855469, 1983.333984375
494.7262878417969, 425.0247497558594, 1983.333984375
501.452392578125, 443.0255126953125, 1983.333984375
508.22100830078125, 460.97003173828125, 1983.333984375
514.9325561523438, 478.55633544921875, 1983.333984375
521.6844482421875, 495.99200439453125, 1983.333984375
528.5763549804688, 513.3449096679688, 1686.8558349609375
535.4080200195312, 530.4894409179688, 1175.146728515625
542.3799438476562, 547.7415771484375, -462.370849609375
549.28955078125, 564.5845336914062, -1671.29052734375
556.237060546875, 581.2863159179688, -1068.7230224609375
563.3250732421875, 597.95703125, -1634.3724365234375
570.3475952148438, 614.36767578125, -3246.2802734375
577.4065551757812, 622.58544921875, -4910.125
584.5015869140625, 594.0071411132812, -2392.3291015625
591.7372436523438, 564.7012329101562, -126.9403305053711
598.9033203125, 535.5015869140625, 1983.333984375
606.2100830078125, 542.7488403320312, 1983.333984375
613.5518798828125, 559.7799072265625, 1983.333984375
620.821044921875, 576.5260620117188, 1983.333984375
628.1231689453125, 593.1221313476562, 1983.333984375
635.5659790039062, 609.6187744140625, 1983.333984375
643.1502685546875, 626.2322387695312, 1983.333984375
650.5498657226562, 642.40625, 1000.8507080078125
657.9803466796875, 658.439453125, 40.616615295410156
665.4413452148438, 674.3322143554688, -461.14215087890625
672.9323120117188, 690.0942993164062, -1884.473876953125
680.45263671875, 705.723876953125, -1338.5323486328125
688.0018920898438, 721.21630859375, -1674.185302734375
695.6912231445312, 736.2620849609375, -2822.80517578125
703.4091796875, 741.4833374023438, -3632.28466796875
711.1553344726562, 712.1113891601562, -3042.21240234375
718.816162109375, 682.9072875976562, 268.00628662109375
726.729736328125, 655.1012573242188, 1983.333984375
734.443359375, 651.7190551757812, 1983.333984375
742.18212890625, 660.160400390625, 1983.333984375
749.945556640625, 676.0464477539062, 1983.333984375
757.7330932617188, 691.7919311523438, 1983.333984375
765.6593017578125, 707.4991455078125, 1983.333984375
773.4938354492188, 722.9743041992188, 1983.333984375
781.350830078125, 738.3193969726562, 1983.333984375
789.3458251953125, 753.5963134765625, 1983.333984375
797.2465209960938, 768.6802978515625, 1983.333984375
805.1680908203125, 783.658203125, 1983.333984375
813.2268676757812, 798.5616455078125, 1899.3863525390625
821.1888427734375, 813.2555541992188, 1050.0863037109375
829.2874755859375, 827.935791015625, 459.8505554199219
837.2875366210938, 842.3782958984375, -807.9749755859375
845.5418090820312, 855.7965087890625, -1423.7188720703125
853.5780029296875, 860.9444580078125, -1678.01953125
861.6312255859375, 860.415771484375, -937.382080078125
869.7008666992188, 856.0308227539062, 9.216171264648438
877.786376953125, 851.6458740234375, 1389.3511962890625
885.8871459960938, 848.84423828125, 1983.333984375
894.1221923828125, 856.246337890625, 1983.333984375
902.2521362304688, 870.4431762695312, 1983.333984375
910.3956909179688, 884.5252075195312, 1983.333984375
918.6724243164062, 898.5326538085938, 1983.333984375
926.9619750976562, 912.5054931640625, 1983.333984375
935.1434326171875, 926.2205200195312, 1366.88134765625
943.336181640625, 939.817138671875, 1112.062744140625
951.6605224609375, 953.4639282226562, 280.30322265625
959.8744506835938, 966.8287353515625, -12.124792098999023
968.0980834960938, 980.0807495117188, -865.4078979492188
976.330810546875, 993.2140502929688, -2236.869140625
984.572021484375, 1006.237060546875, -1260.7562255859375
992.8211669921875, 1017.5123291015625, -3465.313232421875
1001.19921875, 1015.2022705078125, -1527.8077392578125
1009.5842895507812, 991.0884399414062, 132.5817108154297
1017.8540649414062, 981.2927856445312, 1983.333984375
1026.1295166015625, 959.6113891601562, 1983.333984375
1034.5318603515625, 966.6248168945312, 1983.333984375
1042.9388427734375, 979.945068359375, 1983.333984375
1051.471923828125, 993.3659057617188, 1983.333984375
1059.764404296875, 1006.3941650390625, 1983.333984375
1068.059814453125, 1019.3087158203125, 1983.333984375
1076.3572998046875, 1032.1055908203125, 1983.333984375
1084.656494140625, 1044.794189453125, 1983.333984375
1092.956787109375, 1057.3797607421875, 1983.333984375
1101.2574462890625, 1069.8548583984375, 1983.333984375
1109.55810546875, 1082.2198486328125, 1983.333984375
1117.858154296875, 1094.4769287109375, 1983.333984375
1126.2789306640625, 1106.709228515625, 1983.333984375
1134.69775390625, 1118.8472900390625, 1983.333984375
1142.9923095703125, 1130.792724609375, 1921.5364990234375
1151.40576171875, 1142.701416015625, 1494.9832763671875
1159.6937255859375, 1154.44580078125, 696.7035522460938
1168.0992431640625, 1166.248046875, 512.2164916992188
1176.3782958984375, 1177.7904052734375, -25.2296199798584
1184.6522216796875, 1186.6943359375, -599.1636962890625
1192.920166015625, 1189.79052734375, -549.3728637695312
1201.1817626953125, 1191.82421875, 212.7364501953125
1209.436279296875, 1191.894287109375, 931.4249877929688
1217.683349609375, 1192.9241943359375, 1983.333984375
1226.04345703125, 1198.693359375, 1983.333984375
1234.2735595703125, 1209.9598388671875, 1983.333984375
1242.615234375, 1232.2711181640625, 1218.851806640625
1259.267822265625, 1243.4378662109375, 1741.62109375
1267.45703125, 1254.3153076171875, 1897.6978759765625
1275.875, 1265.287353515625, 1807.935546875
1284.040283203125, 1286.5758056640625, 377.03448486328125
1300.3321533203125, 1297.083984375, 496.56036376953125
1308.4576416015625, 1307.502197265625, 357.93603515625
1316.56884765625, 1324.95458984375, -355.5744934082031
1332.745849609375, 1326.9295654296875, 113.92179107666016
1340.928955078125, 1328.1551513671875, 425.3107604980469
1348.976806640625, 1334.2109375, 1042.37548828125
1365.0206298828125, 1344.3052978515625, 1983.333984375
1373.015380859375, 1364.3609619140625, 1256.4422607421875
1389.064697265625, 1374.1983642578125, 1795.179931640625
1397.0010986328125, 1393.6495361328125, 805.1158447265625
1412.9278564453125, 1402.9061279296875, 878.97705078125
1420.80078125, 1411.3741455078125, 992.457763671875
1428.6517333984375, 1427.9559326171875, 993.1294555664062
1444.399658203125, 1436.2254638671875, 957.6482543945312
1452.1806640625, 1440.8265380859375, 1268.82421875
1460.0513916015625, 1444.5457763671875, 1983.333984375
1467.896484375, 1461.14306640625, 1333.6900634765625
1483.5078125, 1469.521484375, 1946.488037109375
1491.1605224609375, 1477.7913818359375, 1983.333984375
1498.8983154296875, 1494.384765625, 1211.3038330078125
1514.066162109375, 1502.65478515625, 1535.62353515625
1521.6075439453125, 1510.9295654296875, 1741.8043212890625
1529.230224609375, 1519.224609375, 1878.75537109375
1536.7125244140625, 1535.8033447265625, 905.3161010742188
1551.6954345703125, 1544.0732421875, 798.4789428710938
1559.1939697265625, 1552.395751953125, 615.6588745117188
1566.5518798828125, 1560.6663818359375, 327.4944152832031
1573.9852294921875, 1577.3594970703125, 130.460205078125
1588.6439208984375, 1585.6297607421875, 490.1482238769531
1595.869384765625, 1589.5042724609375, 273.3446350097656
1603.060546875, 1589.504638671875, 1040.8477783203125
1617.4429931640625, 1593.9552001953125, 1983.333984375
1624.5281982421875, 1602.224609375, 1983.333984375
1631.6806640625, 1610.544921875, 1983.333984375
1638.79541015625, 1627.1883544921875, 1612.5479736328125
1652.8079833984375, 1635.4581298828125, 1983.333984375
1659.7059326171875, 1643.727783203125, 1983.333984375
1666.5654296875, 1660.363037109375, 1305.572998046875
1680.26611328125, 1668.6329345703125, 1651.1505126953125
1687.00634765625, 1676.904541015625, 1804.22998046875
1693.706298828125, 1693.4569091796875, 797.5009765625
1706.9827880859375, 1701.7269287109375, 429.7242431640625
1713.6549072265625, 1710.09130859375, 837.7916870117188
1720.1878662109375, 1721.6624755859375, 722.90576171875
1733.1248779296875, 1721.6627197265625, 1059.063720703125
1739.6220703125, 1721.662841796875, 1983.333984375
1745.980712890625, 1726.707763671875, 1983.333984375
1752.2947998046875, 1734.9810791015625, 1983.333984375
1758.65576171875, 1743.3870849609375, 1983.333984375
1764.87890625, 1751.6575927734375, 1983.333984375
1771.0562744140625, 1759.927978515625, 1983.333984375
1777.277099609375, 1768.2401123046875, 1983.333984375
1783.36083984375, 1776.51220703125, 1747.865234375
1789.3974609375, 1784.782470703125, 1260.617919921875
1795.4742431640625, 1793.0721435546875, 552.4761352539062
1801.414794921875, 1801.3568115234375, 553.17333984375
1807.393310546875, 1809.6595458984375, 291.7182922363281
1813.321533203125, 1817.955322265625, -223.6690673828125
1819.19921875, 1820.7813720703125, -369.0290832519531
1825.02587890625, 1820.7816162109375, 150.09991455078125
1830.801025390625, 1820.78173828125, 336.141357421875
1836.6070556640625, 1820.78173828125, 1210.7506103515625
1842.195556640625, 1826.534423828125, 1983.333984375
1847.7330322265625, 1834.8048095703125, 1983.333984375
1853.2188720703125, 1843.0748291015625, 1983.333984375
1858.65283203125, 1851.3447265625, 1800.7718505859375
1864.0345458984375, 1859.61474609375, 1296.8077392578125
1869.3636474609375, 1867.8843994140625, 481.53216552734375
1874.6397705078125, 1876.154052734375, 306.5312805175781
1879.8624267578125, 1884.4234619140625, -201.12936401367188
1885.10693359375, 1892.7247314453125, -542.65673828125
1890.2210693359375, 1900.994384765625, -1210.6622314453125
1895.3546142578125, 1909.3314208984375, -2229.412841796875
1900.358642578125, 1917.6041259765625, -3542.9970703125
1905.3798828125, 1919.900390625, -1634.1326904296875
1910.41552734375, 1916.6033935546875, -1740.1488037109375
1915.2506103515625, 1893.52685546875, 855.7107543945312
1920.029541015625, 1883.0433349609375, 1983.333984375
1924.751953125, 1881.9710693359375, 1983.333984375
1929.41748046875, 1888.2271728515625, 1983.333984375
1934.02587890625, 1896.4959716796875, 1983.333984375
1938.6434326171875, 1904.7867431640625, 1983.333984375
1943.1357421875, 1913.0665283203125, 1983.333984375
1947.634765625, 1921.3629150390625, 1983.333984375
1952.009765625, 1929.6474609375, 1983.333984375
1956.325927734375, 1937.922119140625, 1983.333984375
1960.6453857421875, 1946.2772216796875, 1983.333984375
1964.90380859375, 1954.6456298828125, 1983.333984375
1969.0404052734375, 1962.9146728515625, 1666.1932373046875
1973.1171875, 1971.1834716796875, 885.1874389648438
1977.1337890625, 1979.4522705078125, 598.7059936523438
1981.0899658203125, 1987.730224609375, -168.024169921875
1984.9853515625, 1989.3497314453125, -138.09429931640625
1988.81982421875, 1989.349853515625, -168.019287109375
1992.6480712890625, 1985.78759765625, 648.8456420898438
1996.35888671875, 1984.9700927734375, 1001.0506591796875
2000.0079345703125, 1984.9700927734375, 1728.01513671875
2003.6473388671875, 1991.758544921875, 1983.333984375
2007.171142578125, 2000.0272216796875, 1770.8001708984375
2010.6829833984375, 2008.330810546875, 1028.439453125
2014.130126953125, 2016.6531982421875, 719.1738891601562
2017.56103515625, 2025.09375, -155.56492614746094
2020.8297119140625, 2033.3631591796875, -1061.0579833984375
2024.034912109375, 2041.6317138671875, -2500.720458984375
2027.176513671875, 2049.900390625, -1628.900634765625
2030.2542724609375, 2058.1689453125, -1394.6871337890625
2033.267822265625, 2066.437255859375, -1773.5205078125
2036.2171630859375, 2074.706787109375, -2742.292236328125
2039.1019287109375, 2082.974853515625, -4278.6728515625
2041.9219970703125, 2084.089111328125, -5473.3134765625
2044.71728515625, 2058.636962890625, -3400.21240234375
2047.4844970703125, 2028.8973388671875, -581.6576538085938
2050.1064453125, 1999.697509765625, 1983.333984375
2052.662841796875, 1992.663818359375, 1983.333984375
2055.18994140625, 1999.68603515625, 1983.333984375
2057.61376953125, 2007.9541015625, 1983.333984375
2059.971923828125, 2016.2242431640625, 1983.333984375
2062.297119140625, 2024.527587890625, 1983.333984375
2064.521728515625, 2032.7952880859375, 1983.333984375
2066.711181640625, 2041.0989990234375, 1983.333984375
2068.8017578125, 2049.3671875, 1983.333984375
2070.854736328125, 2057.69677734375, 1983.333984375
2072.810791015625, 2065.965087890625, 1749.024658203125
2074.69970703125, 2074.234130859375, 795.20068359375
2076.5478515625, 2082.58642578125, 87.92596435546875
2078.30126953125, 2090.85498046875, -811.3289794921875
2080.01171875, 2091.31884765625, -1524.9385986328125
2081.652587890625, 2087.1171875, -1552.576904296875
2083.201416015625, 2082.732666015625, -899.7509765625
2084.6826171875, 2078.347900390625, -106.0516357421875
2086.095947265625, 2073.963623046875, 348.9447937011719
2087.460693359375, 2073.79931640625, 976.6403198242188
2088.737060546875, 2081.8017578125, 803.143798828125
2089.9453125, 2090.07861328125, 771.3969116210938
2091.08544921875, 2098.3662109375, -64.99393463134766
2092.17236328125, 2106.677001953125, -1176.5623779296875
2093.18896484375, 2115.070068359375, -3100.43994140625
2094.121826171875, 2123.339111328125, -2941.422607421875
2094.986328125, 2131.607666015625, -3637.72802734375
2095.7822265625, 2139.876708984375, -5081.63525390625
2096.519775390625, 2148.2822265625, -7000.0
2097.17724609375, 2156.55126953125, -7000.0
2097.76611328125, 2164.8203125, -7000.0
2098.286376953125, 2172.91796875, -7000.0
2098.737548828125, 2172.264404296875, -7000.0
2099.125244140625, 2142.962890625, -7000.0
2099.442138671875, 2113.39208984375, -4898.59130859375
2099.684814453125, 2084.18994140625, -2358.76904296875
2099.85888671875, 2054.989013671875, 1975.948974609375
2099.9638671875, 2026.87744140625, 1983.333984375
2100.0, 2023.0609130859375, 1983.333984375
2099.964111328125, 2031.63525390625, 1983.333984375
2099.859375, 2039.903564453125, 1983.333984375
2099.685791015625, 2048.171630859375, 1983.333984375
2099.443359375, 2056.439208984375, 1983.333984375
2099.126953125, 2064.8076171875, 1983.333984375
2098.745849609375, 2073.074951171875, 1983.333984375
2098.295654296875, 2081.342041015625, 1983.333984375
2097.77685546875, 2089.6083984375, 1900.5496826171875
2097.189453125, 2097.8740234375, 808.7296752929688
2096.533203125, 2106.139404296875, -307.44207763671875
2095.80810546875, 2114.404052734375, -1898.8272705078125
2095.0146484375, 2121.808349609375, -1522.573974609375
2094.152587890625, 2121.35009765625, -1211.264404296875
2093.221923828125, 2114.36083984375, -3048.35400390625
2092.222900390625, 2085.10595703125, -1583.79638671875
2091.123046875, 2058.50537109375, 1309.9451904296875
2089.9853515625, 2054.123046875, 1983.333984375
2088.779541015625, 2051.439697265625, 1983.333984375
2087.50537109375, 2059.702880859375, 1983.333984375
2086.163330078125, 2067.9658203125, 1983.333984375
2084.732177734375, 2076.28125, 1932.849609375
2083.253173828125, 2084.5439453125, 769.9807739257812
2081.70654296875, 2092.81396484375, -0.22480162978172302
2080.068115234375, 2101.12158203125, -1853.691162109375
2078.360107421875, 2109.439208984375, -1918.9544677734375
2076.58251953125, 2117.801513671875, -3192.627685546875
2074.76318359375, 2126.06494140625, -5556.53125
2072.87646484375, 2134.32861328125, -7000.0
2070.8935546875, 2142.70361328125, -7000.0
2068.8720703125, 2149.4482421875, -7000.0
2066.75244140625, 2143.94287109375, -7000.0
2064.5966796875, 2114.7607421875, -7000.0
2062.374267578125, 2085.578369140625, -5957.84130859375
2060.08544921875, 2056.366455078125, -1886.6331787109375
2057.730712890625, 2027.18408203125, 734.1061401367188
2055.273681640625, 1997.6563720703125, 1983.333984375
2052.7861328125, 1976.11669921875, 1983.333984375
2050.23291015625, 1984.380126953125, 1983.333984375
2047.6141357421875, 1992.6435546875, 1983.333984375
2044.89013671875, 2000.993408203125, 1983.333984375
2042.09912109375, 2009.311767578125, 1983.333984375
2039.2413330078125, 2017.6456298828125, 1983.333984375
2036.359619140625, 2025.9095458984375, 1983.333984375
2033.41357421875, 2034.17333984375, 879.4249267578125
2030.3582763671875, 2042.4814453125, -30.80657958984375
2027.2828369140625, 2050.767822265625, -2195.81103515625
2024.1434326171875, 2059.031982421875, -2731.363525390625
2020.9403076171875, 2067.301025390625, -4476.525390625
2017.625244140625, 2073.548583984375, -7000.0
2014.2451171875, 2066.02099609375, -7000.0
2010.8001708984375, 2036.593994140625, -6254.4638671875
2007.341796875, 2007.408203125, -2601.889892578125
2003.821044921875, 1978.222412109375, 438.3987731933594
2000.1846923828125, 1948.69482421875, 1983.333984375
1996.484619140625, 1927.7003173828125, 1983.333984375
1992.77587890625, 1930.10400390625, 1983.333984375
1989.0057373046875, 1938.3685302734375, 1983.333984375
1985.1741943359375, 1946.6329345703125, 1983.333984375
1981.22412109375, 1954.9212646484375, 1983.333984375
1977.27001953125, 1963.2003173828125, 1983.333984375
1973.136474609375, 1971.727783203125, 1126.3975830078125
1969.06005859375, 1979.992431640625, -157.97889709472656
1964.9237060546875, 1988.256591796875, -2299.510986328125
1960.7276611328125, 1996.5205078125, -2933.6806640625
1956.472412109375, 2004.783935546875, -4968.83935546875
1952.158203125, 2013.047607421875, -7000.0
1947.7852783203125, 2021.32666015625, -7000.0
1943.2882080078125, 2026.8189697265625, -7000.0
1938.7978515625, 2016.6781005859375, -7000.0
1934.249755859375, 1958.0902099609375, -4668.23779296875
1924.912353515625, 1928.90869140625, -1545.0655517578125
1920.19189453125, 1899.7274169921875, 897.2546997070312
1915.4149169921875, 1870.52978515625, 1983.333984375
1910.5816650390625, 1854.85546875, 1983.333984375
1900.675048828125, 1863.1185302734375, 1983.333984375
1895.674560546875, 1871.4061279296875, 1983.333984375
1890.54443359375, 1879.7471923828125, 1983.333984375
1885.433837890625, 1896.4871826171875, 330.4420471191406
1874.896240234375, 1904.7509765625, -2582.266845703125
1869.622802734375, 1913.0142822265625, -4072.302978515625
1864.2962646484375, 1929.5401611328125, -4266.19970703125
1853.4857177734375, 1937.8055419921875, -7000.0
1847.92138671875, 1946.111328125, -7000.0
1842.3856201171875, 1938.5572509765625, -7000.0
1831.0780029296875, 1909.3770751953125, -7000.0
1825.22119140625, 1879.63720703125, -7000.0
1819.4810791015625, 1850.4559326171875, -6848.17333984375
1813.69140625, 1791.9351806640625, -1934.1702880859375
1801.8779296875, 1762.7537841796875, 1720.7862548828125
1795.941162109375, 1733.53564453125, 1983.333984375
1789.9564208984375, 1729.6092529296875, 1983.333984375
1777.755126953125, 1737.8724365234375, 1983.333984375
1771.5379638671875, 1746.1839599609375, 1983.333984375
1765.2730712890625, 1762.7933349609375, 1095.6971435546875
1752.7872314453125, 1771.056640625, -499.9188232421875
1746.383544921875, 1779.34619140625, -901.0675659179688
1740.0277099609375, 1787.6280517578125, -2878.72900390625
1733.533447265625, 1804.340576171875, -3421.413818359375
1720.506103515625, 1812.6043701171875, -7000.0
1713.975341796875, 1816.6810302734375, -7000.0
1707.4022216796875, 1801.8809814453125, -7000.0
1700.689697265625, 1743.1363525390625, -5743.2666015625
1687.3348388671875, 1713.9312744140625, -5109.91796875
1680.4970703125, 1684.5509033203125, -1972.219970703125
1673.7181396484375, 1626.1168212890625, 861.8531494140625
1660.042236328125, 1596.8944091796875, 1983.333984375
1653.0443115234375, 1583.324462890625, 1983.333984375
1646.00732421875, 1596.2239990234375, 1983.333984375
1631.9208984375, 1604.491943359375, 1983.333984375
1624.87353515625, 1612.756591796875, 1983.333984375
1617.7901611328125, 1621.0284423828125, 593.4057006835938
1610.6710205078125, 1637.625, -458.3466491699219
1596.2216796875, 1645.911865234375, -2694.405517578125
1588.8914794921875, 1654.2337646484375, -6692.08740234375
1581.633544921875, 1662.4991455078125, -7000.0
1574.2349853515625, 1679.086181640625, -7000.0
1559.4459228515625, 1682.442626953125, -7000.0
1552.057373046875, 1635.4720458984375, -7000.0
1536.9677734375, 1605.9315185546875, -7000.0
1529.4864501953125, 1547.5528564453125, -4348.4990234375
1514.435546875, 1518.3651123046875, -1229.04443359375
1506.7554931640625, 1459.84130859375, 586.165771484375
1491.533935546875, 1430.598388671875, 1983.333984375
1483.769775390625, 1425.2412109375, 1983.333984375
1476.0914306640625, 1433.510498046875, 1983.333984375
1468.273681640625, 1441.8084716796875, 1983.333984375
1460.429931640625, 1450.177001953125, 1983.333984375
1452.6746826171875, 1458.44970703125, 302.4822082519531
1444.895263671875, 1466.7235107421875, -1620.8797607421875
1436.862060546875, 1475.138427734375, -2575.0283203125
1429.034912109375, 1483.4046630859375, -5323.51953125
1421.1851806640625, 1491.670654296875, -7000.0
1413.313232421875, 1499.9365234375, -7000.0
1405.3033447265625, 1508.2420654296875, -7000.0
1397.3885498046875, 1516.5079345703125, -7000.0
1389.453125, 1519.0352783203125, -7000.0
1381.497802734375, 1498.70751953125, -7000.0
1373.4056396484375, 1469.4193115234375, -7000.0
1365.411865234375, 1440.16357421875, -7000.0
1357.399658203125, 1410.9132080078125, -7000.0
1349.2515869140625, 1381.5706787109375, -7000.0
1341.204345703125, 1352.30517578125, -4557.3427734375
1333.021728515625, 1322.65869140625, -2642.05517578125
1324.822509765625, 1293.32177734375, 858.8504638671875
1316.7266845703125, 1282.4439697265625, 1983.333984375
1308.61572265625, 1283.0384521484375, 1983.333984375
1300.490478515625, 1291.462646484375, 1721.7659912109375
1292.231689453125, 1301.9749755859375, 308.4404296875
1283.959228515625, 1312.38427734375, -2394.600341796875
1275.6737060546875, 1322.711181640625, -4313.23486328125
1267.4959716796875, 1332.9013671875, -7000.0
1259.306884765625, 1343.015380859375, -7000.0
1250.9859619140625, 1353.1112060546875, -7000.0
1242.6544189453125, 1363.111328125, -7000.0
1234.4337158203125, 1372.957763671875, -7000.0
1226.0826416015625, 1382.8280029296875, -7000.0
1217.8438720703125, 1392.505615234375, -7000.0
1209.596923828125, 1401.8319091796875, -7000.0
1201.342529296875, 1404.4229736328125, -7000.0
1192.9595947265625, 1381.22314453125, -7000.0
1184.6915283203125, 1352.0269775390625, -7000.0
1176.296142578125, 1322.64990234375, -7000.0
1168.0169677734375, 1293.4527587890625, -7000.0
1159.611328125, 1263.89501953125, -7000.0
1151.3233642578125, 1234.6976318359375, -7000.0
1143.0318603515625, 1205.50048828125, -7000.0
1134.6153564453125, 1176.1669921875, -7000.0
1126.3184814453125, 1146.9698486328125, -5601.85107421875
1117.775634765625, 1117.107421875, -1900.6688232421875
1109.4755859375, 1087.9091796875, 224.9970703125
1101.175048828125, 1058.71337890625, 1983.333984375
1092.874267578125, 1058.2506103515625, 1983.333984375
1084.5740966796875, 1069.5584716796875, 1983.333984375
1076.15283203125, 1081.9837646484375, 773.5341186523438
1067.8553466796875, 1094.23876953125, -1766.3248291015625
1059.56005859375, 1106.392333984375, -3693.461181640625
1051.267578125, 1118.4459228515625, -7000.0
1042.8565673828125, 1130.4302978515625, -7000.0
1034.4495849609375, 1142.4759521484375, -7000.0
1026.1689453125, 1154.2174072265625, -7000.0
1017.8934936523438, 1165.8582763671875, -7000.0
1009.5021362304688, 1177.59521484375, -7000.0
1001.2385864257812, 1189.034423828125, -7000.0
992.9818725585938, 1200.372802734375, -7000.0
984.7325439453125, 1204.1368408203125, -7000.0
976.4912109375, 1177.7623291015625, -7000.0
968.25830078125, 1148.5718994140625, -7000.0
960.0344848632812, 1119.3812255859375, -7000.0
951.6996459960938, 1089.9482421875, -7000.0
943.495849609375, 1060.689697265625, -7000.0
935.3028564453125, 1031.465576171875, -7000.0
927.1211547851562, 1002.2687377929688, -7000.0
918.951416015625, 973.0133666992188, -7000.0
910.67431640625, 943.5211791992188, -7000.0
902.4105834960938, 914.0777587890625, -4640.92431640625
894.2803344726562, 884.885498046875, -2815.574462890625
886.164306640625, 855.6932373046875, 97.21003723144531
877.9439697265625, 850.17529296875, 1658.4298095703125
869.858154296875, 855.803466796875, 1577.541748046875
861.7882080078125, 869.7071533203125, -45.70744323730469
853.6163940429688, 883.8433227539062, -2934.850341796875
845.4620361328125, 897.8560180664062, -5353.69970703125
837.32568359375, 911.79833984375, -7000.0
829.2080688476562, 925.60205078125, -7000.0
821.226806640625, 939.204833984375, -7000.0
813.1478881835938, 952.7428588867188, -7000.0
805.2058715820312, 966.1202392578125, -7000.0
797.1679077148438, 979.5708618164062, -7000.0
789.2673950195312, 992.7115478515625, -7000.0
781.3883666992188, 1005.7413330078125, -7000.0
773.5311889648438, 1018.5267944335938, -7000.0
765.6965942382812, 1022.562255859375, -7000.0
757.885009765625, 993.3299560546875, -7000.0
750.0969848632812, 964.0780639648438, -7000.0
742.2190551757812, 934.8023681640625, -7000.0
734.3665771484375, 905.5213623046875, -7000.0
726.5399780273438, 876.0391235351562, -7000.0
718.8527221679688, 846.8231201171875, -7000.0
711.0792846679688, 817.326904296875, -7000.0
703.4454956054688, 788.129638671875, -7000.0
695.7274169921875, 758.5936889648438, -7000.0
688.1492309570312, 729.3966064453125, -7000.0
680.599365234375, 700.1995849609375, -5548.58642578125
673.0784301757812, 671.0039672851562, -1688.8675537109375
665.5869750976562, 641.8074340820312, 204.3082733154297
658.015869140625, 612.4640502929688, 1983.333984375
650.585205078125, 586.180908203125, 1983.333984375
643.076904296875, 595.1940307617188, 1983.333984375
635.2767333984375, 612.4157104492188, 1983.333984375
627.9428100585938, 628.7020263671875, 911.2916259765625
620.6414794921875, 644.846435546875, -1386.1500244140625
613.3731689453125, 660.8504638671875, -3406.01806640625
606.1383666992188, 676.7218017578125, -7000.0
598.9375610351562, 692.455078125, -7000.0
591.7713623046875, 708.0552368164062, -7000.0
584.64013671875, 723.5159301757812, -7000.0
577.5443725585938, 738.845458984375, -7000.0
570.4846801757812, 754.0448608398438, -7000.0
563.46142578125, 769.1136474609375, -7000.0
556.4751586914062, 782.9273071289062, -7000.0
549.5263671875, 784.3881225585938, -7000.0
542.615478515625, 755.2042236328125, -7000.0
535.6422119140625, 725.9111328125, -7000.0
528.7090454101562, 696.4393920898438, -7000.0
521.9159545898438, 667.2557983398438, -7000.0
515.1626586914062, 637.994384765625, -7000.0
508.2528991699219, 608.2386474609375, -7000.0
501.5819091796875, 579.0535278320312, -7000.0
494.9521484375, 549.86865234375, -7000.0
488.36407470703125, 520.6853637695312, -7000.0
481.8181457519531, 491.50250244140625, -4396.53466796875
475.219482421875, 462.23468017578125, -2192.288818359375
468.6651611328125, 432.8636169433594, 939.5407104492188
462.2496337890625, 408.5859069824219, 1983.333984375
455.8780822753906, 407.03350830078125, 1983.333984375
449.4581604003906, 418.6658935546875, 1983.333984375
443.17645263671875, 436.60986328125, 610.6447143554688
436.8486328125, 454.4638977050781, -886.9627685546875
430.5678405761719, 472.2417907714844, -2197.28369140625
424.33453369140625, 489.8810119628906, -6243.2998046875
418.2384948730469, 507.2156677246094, -7000.0
412.18939208984375, 524.400390625, -7000.0
406.1877136230469, 541.4368896484375, -7000.0
400.1466369628906, 558.5250244140625, -7000.0
394.2416687011719, 575.2703857421875, -7000.0
388.2995910644531, 591.951416015625, -7000.0
382.4930114746094, 608.4065551757812, -7000.0
376.6515808105469, 622.696533203125, -7000.0
370.8614807128906, 620.8027954101562, -7000.0
365.2059020996094, 591.6134643554688, -7000.0
359.6009216308594, 562.4180297851562, -7000.0
353.9656982421875, 533.1383056640625, -7000.0
348.3833923339844, 503.5149841308594, -7000.0
342.93414306640625, 474.32373046875, -7000.0
337.5370788574219, 445.1363525390625, -7000.0
332.1925354003906, 415.9496765136719, -7000.0
326.8234558105469, 386.6112976074219, -7000.0
321.58587646484375, 357.425537109375, -7000.0
316.32611083984375, 327.9750671386719, -4633.6943359375
311.19696044921875, 298.73193359375, -2451.06591796875
306.12213134765625, 269.5518493652344, 565.96142578125
301.02862548828125, 248.11578369140625, 1983.333984375
295.99176025390625, 248.78219604492188, 1983.333984375
291.011962890625, 262.7137756347656, 1983.333984375
286.0895690917969, 282.1139221191406, 1113.72900390625
281.2248840332031, 301.44854736328125, -732.6237182617188
276.487548828125, 320.3990173339844, -2372.194091796875
271.8069763183594, 339.1829528808594, -6615.8935546875
267.1834411621094, 357.8109436035156, -7000.0
262.5505676269531, 376.34326171875, -7000.0
257.97711181640625, 413.04180908203125, -7000.0
249.07386779785156, 431.06817626953125, -7000.0
244.67970275878906, 466.7666320800781, -7000.0
236.1967010498047, 481.1427001953125, -7000.0
232.04432678222656, 446.3210754394531, -7000.0
223.8015899658203, 416.5763244628906, -7000.0
219.8312530517578, 387.38531494140625, -7000.0
215.92156982421875, 329.0098571777344, -7000.0
208.2852020263672, 299.8250732421875, -7000.0
204.5047149658203, 270.5139465332031, -7000.0
200.84117126464844, 212.16140747070312, -3952.678466796875
193.64862060546875, 182.85638427734375, -2005.4991455078125
190.1219482421875, 153.47677612304688, 895.3833618164062
186.65982055664062, 130.68353271484375, 1717.091064453125
179.97804260253906, 133.6353302001953, 1983.333984375
176.75697326660156, 149.4679412841797, 1983.333984375
173.55355834960938, 170.0327606201172, 968.2590942382812
170.46087646484375, 209.98516845703125, -827.8396606445312
164.46786499023438, 229.70899963378906, -4899.3046875
161.5679473876953, 249.2659149169922, -7000.0
158.6914825439453, 268.73583984375, -7000.0
155.8013458251953, 307.7657165527344, -7000.0
150.4635467529297, 326.6622009277344, -7000.0
147.8927001953125, 363.9573974609375, -7000.0
142.94796752929688, 378.1448669433594, -7000.0
140.57443237304688, 338.777099609375, -7000.0
136.02584838867188, 309.60284423828125, -7000.0
133.8511199951172, 251.263427734375, -7000.0
129.7014923095703, 222.10012817382812, -7000.0
127.72689819335938, 192.94271850585938, -7000.0
125.79174041748047, 134.53353881835938, -3797.193603515625
122.12889862060547, 104.86567687988281, -1081.8016357421875
120.42601776123047, 75.81915283203125, 1755.46875
118.7906265258789, 60.308616638183594, 1983.333984375
117.22284698486328, 90.70532989501953, 1033.5447998046875
114.24944305419922, 111.656982421875, -85.04146575927734
112.88711547851562, 132.18411254882812, -1748.6785888671875
111.5927963256836, 172.77345275878906, -1820.00146484375
109.20856475830078, 192.80484008789062, -7000.0
108.1032943725586, 212.9140167236328, -7000.0
107.08289337158203, 252.1389617919922, -7000.0
105.24739074707031, 271.54205322265625, -7000.0
104.42095184326172, 290.8440246582031, -7000.0
103.67559051513672, 305.0234680175781, -7000.0
102.98001098632812, 291.4287414550781, -7000.0
102.37401580810547, 262.2564392089844, -7000.0
101.8293685913086, 232.7901153564453, -7000.0
101.36190032958984, 203.6262969970703, -7000.0
100.9632339477539, 174.47103881835938, -7000.0
100.63341522216797, 145.32904052734375, -7000.0
100.36912536621094, 116.09098815917969, -5077.2666015625
100.17804718017578, 87.01406860351562, -2758.807861328125
100.05586242675781, 58.01362609863281, 739.809814453125
100.00230407714844, 44.73283767700195, 1983.333984375
100.01893615722656, 51.50011444091797, 1983.333984375
100.10446166992188, 64.25933837890625, 1983.333984375
100.2588882446289, 82.29692840576172, 1619.4173583984375
100.4822006225586, 103.0796127319336, -124.0543212890625
100.77919006347656, 123.8150863647461, -2137.476318359375
101.15292358398438, 144.60784912109375, -3639.80810546875
101.58580780029297, 164.87249755859375, -7000.0
102.08749389648438, 184.97438049316406, -7000.0
102.6579360961914, 204.9042510986328, -7000.0
103.3070068359375, 224.8725128173828, -7000.0
104.0158462524414, 244.4630126953125, -7000.0
104.79331970214844, 263.8929748535156, -7000.0
105.6523208618164, 283.2336120605469, -7000.0
106.56787872314453, 302.3410949707031, -7000.0
107.55189514160156, 315.5580139160156, -7000.0
108.60429382324219, 298.1542053222656, -7000.0
109.74198913574219, 268.7972717285156, -7000.0
110.93193054199219, 239.58843994140625, -7000.0
112.22805786132812, 209.74522399902344, -7000.0
113.55621337890625, 180.5847625732422, -7000.0
114.95233154296875, 151.43634033203125, -7000.0
116.41632843017578, 122.30805206298828, -3954.080810546875
117.9480972290039, 93.1993637084961, -369.1893310546875
119.54753112792969, 64.1949462890625, 1983.333984375
121.23953247070312, 53.487667083740234, 1983.333984375
122.9749526977539, 68.12268829345703, 1983.333984375
124.77769470214844, 88.94842529296875, 1983.333984375
126.67562866210938, 109.78202819824219, 1481.93505859375
128.64260864257812, 130.3891143798828, -140.5633544921875
130.6785125732422, 151.10467529296875, -1934.710693359375
132.75218200683594, 171.31883239746094, -2828.720458984375
134.92446899414062, 191.54942321777344, -5810.7841796875
137.13226318359375, 211.4300994873047, -7000.0
139.40640258789062, 231.14370727539062, -7000.0
141.78164672851562, 250.80599975585938, -7000.0
144.18896484375, 270.18243408203125, -7000.0
146.66213989257812, 289.42352294921875, -7000.0
149.2010040283203, 301.91717529296875, -7000.0
151.84417724609375, 280.3553771972656, -7000.0
154.5546112060547, 251.06849670410156, -7000.0
157.2913818359375, 221.82443237304688, -7000.0
160.09310913085938, 192.65232849121094, -6965.10400390625
163.0022430419922, 163.3096160888672, -3290.505859375
165.9342498779297, 134.16787719726562, -942.576171875
169.01971435546875, 104.29122924804688, 1983.333984375
172.0821075439453, 103.50228881835938, 1983.333984375
175.2084503173828, 121.6922607421875, 1983.333984375
178.39849853515625, 142.1444091796875, 1983.333984375
181.6520538330078, 162.43017578125, 1784.0489501953125
185.0181427001953, 182.62167358398438, 660.539306640625
188.39894104003906, 202.56968688964844, -464.4812316894531
191.84255981445312, 222.35015869140625, -3404.6826171875
195.3487548828125, 241.9893341064453, -5142.453125
198.97023010253906, 261.6861877441406, -7000.0
202.70950317382812, 281.33294677734375, -7000.0
206.4046630859375, 300.4454650878906, -7000.0
210.16140747070312, 319.3971252441406, -7000.0
214.03607177734375, 338.2986755371094, -7000.0
217.91607666015625, 349.51116943359375, -7000.0
221.8568572998047, 324.0350341796875, -7000.0
225.85813903808594, 294.828369140625, -7000.0
229.91964721679688, 265.6521301269531, -7000.0
234.1021728515625, 236.2825164794922, -3545.7265625
238.2841796875, 207.06463623046875, -1134.296875
242.58837890625, 177.60977172851562, 1983.333984375
246.88970947265625, 177.1267547607422, 1983.333984375
251.24981689453125, 195.85203552246094, 1983.333984375
255.73382568359375, 215.82493591308594, 1983.333984375
260.2777404785156, 235.6522674560547, 1983.333984375
264.8811950683594, 255.25880432128906, 799.6752319335938
269.4759216308594, 274.6395263671875, -1057.0765380859375
274.1278991699219, 293.81304931640625, -2733.2158203125
278.83673095703125, 312.8270568847656, -3081.216796875
283.67266845703125, 331.76080322265625, -5002.66455078125
288.5665283203125, 350.6370544433594, -7000.0
293.4457702636719, 369.1608581542969, -7000.0
298.3805847167969, 387.5250244140625, -7000.0
303.4444580078125, 405.8194580078125, -7000.0
308.4902038574219, 415.8395080566406, -7000.0
313.5904846191406, 387.28936767578125, -7000.0
318.8211669921875, 357.8788757324219, -7000.0
324.0302429199219, 328.6438293457031, -3821.5400390625
329.37060546875, 299.31976318359375, -1443.8494873046875
334.765625, 269.6874084472656, 1983.333984375
340.13555908203125, 241.05120849609375, 1983.333984375
345.557861328125, 241.6828155517578, 1983.333984375
351.0321350097656, 261.1331787109375, 1983.333984375
356.55804443359375, 280.4254455566406, 1983.333984375
362.2175598144531, 299.6338195800781, 1983.333984375
367.84625244140625, 318.598876953125, 1983.333984375
373.6092834472656, 337.48681640625, 1983.333984375
379.3392333984375, 356.13226318359375, 1983.333984375
385.1188049316406, 374.66082763671875, 989.74853515625
391.03375244140625, 393.0585632324219, -399.6002502441406
397.0857849121094, 411.5710144042969, -1517.049560546875
403.0140686035156, 429.5744934082031, -1090.9329833984375
409.0786437988281, 447.53509521484375, -2091.626708984375
415.1032409667969, 464.6594543457031, -4312.86181640625
421.175048828125, 471.2691650390625, -6484.53369140625
427.29364013671875, 442.0801086425781, -4506.37109375
433.4585876464844, 412.8905334472656, -1440.8485107421875
439.7611083984375, 383.548095703125, 1983.333984375
446.01812744140625, 356.3459777832031, 1983.333984375
452.3202209472656, 353.8167419433594, 1983.333984375
458.7605895996094, 372.5293273925781, 1983.333984375
465.1521301269531, 390.86614990234375, 1983.333984375
471.5874328613281, 409.0524597167969, 1983.333984375
478.0660095214844, 427.1158752441406, 1983.333984375
484.6836853027344, 445.06915283203125, 1983.333984375
491.3450012207031, 463.0715637207031, 1983.333984375
497.9520263671875, 480.6373596191406, 1893.6953125
504.60052490234375, 498.0523986816406, 593.1453247070312
511.2900695800781, 515.3173217773438, -893.9414672851562
518.0201416015625, 532.4334716796875, -1956.489990234375
524.8901977539062, 549.6024169921875, -1342.1097412109375
531.7006225585938, 565.2969970703125, -1775.3189697265625
538.5501708984375, 568.5708618164062, -1728.0225830078125
545.5400390625, 539.2933959960938, -418.48956298828125
552.5691528320312, 509.9751281738281, 1983.333984375
559.5344848632812, 484.4681701660156, 1983.333984375
566.6402587890625, 483.41448974609375, 1983.333984375
573.7838745117188, 500.8505554199219, 1983.333984375
580.96484375, 518.1942749023438, 1983.333984375
588.2875366210938, 535.6248168945312, 1983.333984375
595.4367065429688, 552.5723876953125, 1983.333984375
602.6207275390625, 569.3714599609375, 1983.333984375
609.8389892578125, 586.0299682617188, 1983.333984375
617.0910034179688, 602.547119140625, 1694.6024169921875
624.3762817382812, 618.941162109375, 393.765380859375
631.6943969726562, 635.2037353515625, -902.27001953125
639.153076171875, 651.3887329101562, -1719.577392578125
646.6444091796875, 667.3973388671875, -3456.730712890625
654.16796875, 681.547119140625, -3073.301513671875
661.6134033203125, 686.5546875, -2388.854736328125
669.19921875, 676.4646606445312, -2582.905029296875
676.7049560546875, 647.2660522460938, -1.9222075939178467
684.3509521484375, 623.705078125, 1983.333984375
691.9149169921875, 622.3260498046875, 1983.333984375
699.507080078125, 632.3238525390625, 1983.333984375
707.1267700195312, 648.4439086914062, 1983.333984375
714.7735595703125, 664.4234008789062, 1983.333984375
722.4468994140625, 680.2780151367188, 1983.333984375
730.146240234375, 695.9797973632812, 1983.333984375
737.98486328125, 711.5977172851562, 1983.333984375
745.7349853515625, 727.049072265625, 1983.333984375
753.6240234375, 742.4408569335938, 1427.3050537109375
761.5376586914062, 757.6483764648438, 1033.314697265625
769.475341796875, 772.756103515625, -134.93211364746094
777.4364013671875, 787.7418823242188, -756.9429931640625
785.5362548828125, 802.8217163085938, -2179.874755859375
793.4266967773438, 815.036376953125, -1200.2757568359375
801.3382568359375, 818.1900024414062, -2551.2705078125
809.2703857421875, 806.3649291992188, -1578.58544921875
817.339599609375, 784.5827026367188, 572.6917114257812
825.3115234375, 780.1986083984375, 1983.333984375
833.3023681640625, 781.871337890625, 1983.333984375
841.3115844726562, 811.4095458984375, 1935.2987060546875
857.3829956054688, 826.019775390625, 1983.333984375
865.5626831054688, 840.6876831054688, 1983.333984375
873.64013671875, 855.0180053710938, 1983.333984375
881.733154296875, 883.53564453125, 1134.2412109375
898.0833129882812, 897.4971923828125, 520.1387939453125
906.219970703125, 911.3379516601562, -702.5516967773438
914.3699951171875, 925.0615234375, -1373.5814208984375
922.5328369140625, 938.6713256835938, -2634.4482421875
930.7078857421875, 949.2127075195312, -1276.7926025390625
938.8945922851562, 950.9645385742188, -2056.966064453125
