1747.1470947265625, 1734.2061767578125, 530.0859375
1753.5452880859375, 1740.6959228515625, 1044.8389892578125
1759.805419921875, 1748.1937255859375, 1353.981201171875
1766.2022705078125, 1756.5985107421875, 1452.9322509765625
1772.3697509765625, 1764.8455810546875, 1306.5159912109375
1778.4908447265625, 1773.1014404296875, 921.2587890625
1784.565185546875, 1781.3575439453125, 298.8898010253906
1790.6807861328125, 1789.75048828125, 393.6423645019531
1796.65966796875, 1798.01220703125, 222.30950927734375
1802.590576171875, 1806.2725830078125, -206.5125732421875
1808.47314453125, 1814.533447265625, -387.1369323730469
1814.3067626953125, 1822.8021240234375, -835.6271362304688
1820.09130859375, 1831.0789794921875, -1544.904541015625
1825.826171875, 1839.350341796875, -2484.26953125
1831.59423828125, 1846.179931640625, -3494.039306640625
1837.3104248046875, 1845.3817138671875, -890.0498046875
1842.9742431640625, 1840.937744140625, -100.12776184082031
1848.58544921875, 1831.39794921875, 949.8317260742188
1854.0633544921875, 1807.3458251953125, 1983.333984375
1859.4892578125, 1805.591552734375, 1983.333984375
1864.86279296875, 1813.85595703125, 1983.333984375
1870.1837158203125, 1822.119384765625, 1983.333984375
1875.5286865234375, 1830.504150390625, 1983.333984375
1880.7423095703125, 1838.76708984375, 1983.333984375
1885.902099609375, 1847.0296630859375, 1983.333984375
1891.0076904296875, 1855.291748046875, 1983.333984375
1896.058837890625, 1863.5538330078125, 1983.333984375
1901.1282958984375, 1871.8726806640625, 1983.333984375
1906.068603515625, 1880.1346435546875, 1983.333984375
1911.0247802734375, 1888.4847412109375, 1983.333984375
1915.852783203125, 1896.7474365234375, 1983.333984375
1920.6246337890625, 1905.0103759765625, 1983.333984375
1925.3399658203125, 1913.2733154296875, 1983.333984375
1929.9984130859375, 1921.5426025390625, 1918.7801513671875
1934.6668701171875, 1929.893798828125, 1450.3243408203125
1939.209716796875, 1938.157470703125, 577.1091918945312
1943.7603759765625, 1946.45361328125, 267.23272705078125
1948.2510986328125, 1954.783447265625, -460.15716552734375
1952.681640625, 1960.7734375, -829.2101440429688
1957.0516357421875, 1960.7728271484375, -692.6378784179688
1961.2989501953125, 1959.5194091796875, -434.3842468261719
1965.5479736328125, 1955.1180419921875, 786.6204223632812
1969.735595703125, 1952.011474609375, 1856.9122314453125
1973.8021240234375, 1952.01123046875, 1983.333984375
1977.866943359375, 1954.550537109375, 1983.333984375
1981.81201171875, 1962.816162109375, 1983.333984375
1985.7529296875, 1971.1063232421875, 1983.333984375
1989.6309814453125, 1979.423583984375, 1983.333984375
1993.39111328125, 1995.955322265625, 807.43505859375
2000.726318359375, 2004.2432861328125, 393.31402587890625
2004.3531494140625, 2012.531982421875, -28.0777645111084
2007.915771484375, 2020.868408203125, -987.9620361328125
2011.36376953125, 2037.410888671875, -1897.6646728515625
2018.1678466796875, 2045.8284912109375, -1620.9959716796875
2021.4248046875, 2051.128662109375, -1591.91650390625
2024.618408203125, 2040.6268310546875, -2823.153076171875
2027.7481689453125, 2011.4324951171875, -293.5138244628906
2030.8140869140625, 1991.205322265625, 1983.333984375
2033.859619140625, 1986.7882080078125, 1983.333984375
2036.7960205078125, 1995.5855712890625, 1983.333984375
2042.5567626953125, 2003.8529052734375, 1983.333984375
2045.297119140625, 2020.3994140625, 1983.333984375
2050.582275390625, 2028.666015625, 1983.333984375
2053.16357421875, 2036.9599609375, 1983.333984375
2055.67724609375, 2053.57373046875, 1074.650634765625
2060.43310546875, 2061.83984375, 883.3636474609375
2062.7119140625, 2070.112548828125, 15.713094711303711
2064.92431640625, 2083.1484375, -517.8547973632812
2069.1494140625, 2083.148681640625, -1549.8076171875
2071.191162109375, 2081.250732421875, -2102.139404296875
2073.1357421875, 2072.412353515625, -1445.900634765625
2076.849609375, 2068.02880859375, -340.4247131347656
2078.591796875, 2063.645263671875, 468.7658386230469
2080.266357421875, 2061.2490234375, 1671.4881591796875
2081.896728515625, 2073.431640625, 1138.8939208984375
2084.927001953125, 2081.697998046875, 533.0258178710938
2086.328857421875, 2089.96435546875, 113.94071197509766
2087.662841796875, 2106.4970703125, -459.39520263671875
2090.126220703125, 2114.77001953125, -2694.7958984375
2091.271728515625, 2123.0703125, -2851.51025390625
2092.33203125, 2139.624755859375, -2078.76318359375
2094.2470703125, 2147.892333984375, -4591.69482421875
2095.1259765625, 2156.3125, -7000.0
2095.910400390625, 2160.367919921875, -7000.0
2096.635986328125, 2116.14306640625, -4429.79443359375
2097.859130859375, 2086.95068359375, -2438.31494140625
2098.36767578125, 2057.75830078125, 1412.7789306640625
2098.807373046875, 2043.646240234375, 1983.333984375
2099.484130859375, 2051.9267578125, 1983.333984375
2099.71923828125, 2060.22802734375, 1983.333984375
2099.88330078125, 2076.872802734375, 1983.333984375
2099.9990234375, 2085.1396484375, 1983.333984375
2099.95361328125, 2093.416259765625, 1702.703125
2099.837158203125, 2101.716552734375, 484.059326171875
2099.65283203125, 2118.403564453125, -95.24179077148438
2099.072509765625, 2126.6708984375, -2727.4560546875
2098.6806640625, 2134.93798828125, -3392.79931640625
2098.219970703125, 2138.42822265625, -4346.14111328125
2097.673828125, 2120.974365234375, -3447.60009765625
2097.07373046875, 2091.77880859375, -2147.681884765625
2096.40478515625, 2062.58447265625, 911.8921508789062
2095.667236328125, 2048.287109375, 1983.333984375
2094.861083984375, 2051.528076171875, 1983.333984375
2093.986328125, 2068.189453125, 1983.333984375
2092.01611328125, 2076.45654296875, 1983.333984375
2090.918701171875, 2084.751220703125, 1660.9583740234375
2089.7509765625, 2093.137451171875, 271.8650207519531
2088.531494140625, 2101.404541015625, -693.5723266601562
2087.243896484375, 2109.672119140625, -2667.37255859375
2085.867919921875, 2117.961181640625, -2806.309814453125
2084.421875, 2126.25537109375, -4036.830078125
2082.906005859375, 2134.5498046875, -6312.2861328125
2081.320556640625, 2142.85205078125, -7000.0
2079.68994140625, 2145.657958984375, -7000.0
2077.99169921875, 2126.300537109375, -7000.0
2076.22607421875, 2097.0595703125, -5652.279296875
2074.36572265625, 2067.71044921875, -1271.640869140625
2072.436279296875, 2038.4151611328125, 1710.2720947265625
2070.43798828125, 2009.119140625, 1983.333984375
2068.37060546875, 2005.5633544921875, 1983.333984375
2066.26611328125, 2013.831298828125, 1983.333984375
2064.094970703125, 2022.099365234375, 1983.333984375
2061.82421875, 2030.4559326171875, 1983.333984375
2059.519287109375, 2038.7242431640625, 1983.333984375
2057.1484375, 2046.9920654296875, 1983.333984375
2054.711669921875, 2055.26025390625, 903.3263549804688
2052.171630859375, 2063.55615234375, -402.73779296875
2049.564208984375, 2071.89111328125, -2379.8173828125
2046.889404296875, 2080.182861328125, -2723.56005859375
2044.1876220703125, 2088.451416015625, -4305.6103515625
2041.4207763671875, 2096.732421875, -7000.0
2038.589111328125, 2098.928466796875, -7000.0
2035.6065673828125, 2076.537353515625, -7000.0
2032.643798828125, 2047.33642578125, -4983.90966796875
2029.6168212890625, 2018.1375732421875, -2899.705078125
2026.5257568359375, 1988.9400634765625, 628.11328125
2023.370849609375, 1978.8704833984375, 1983.333984375
2020.15234375, 1984.250244140625, 1983.333984375
2016.870361328125, 1992.51708984375, 1983.333984375
2013.5252685546875, 2000.7943115234375, 1983.333984375
2010.066650390625, 2009.0960693359375, 1076.4388427734375
2006.594970703125, 2017.3631591796875, -168.94471740722656
2003.0084228515625, 2025.7679443359375, -2244.140869140625
1999.4111328125, 2034.035400390625, -2747.1708984375
1995.751953125, 2042.302734375, -4513.0751953125
1991.9757080078125, 2050.682861328125, -7000.0
1988.1923828125, 2058.949951171875, -7000.0
1984.347900390625, 2067.21728515625, -7000.0
1980.4425048828125, 2075.484619140625, -7000.0
1976.41748046875, 2076.989013671875, -7000.0
1972.39013671875, 2052.951416015625, -7000.0
1968.2420654296875, 2023.4747314453125, -7000.0
1964.0323486328125, 1994.0712890625, -6740.45947265625
1959.82373046875, 1964.874755859375, -3634.21435546875
1955.555908203125, 1935.679443359375, -656.7654418945312
1951.22900390625, 1906.48388671875, 1983.333984375
1946.7786865234375, 1898.24951171875, 1983.333984375
1942.2681884765625, 1904.65673828125, 1983.333984375
1937.6978759765625, 1913.007568359375, 1983.333984375
1933.1357421875, 1921.27490234375, 1983.333984375
1928.5162353515625, 1929.5423583984375, 847.5725708007812
1923.839599609375, 1937.8095703125, -250.02203369140625
1919.0361328125, 1946.1883544921875, -2824.231201171875
1914.2454833984375, 1954.455810546875, -3937.9140625
1909.398681640625, 1962.7230224609375, -6408.6044921875
1904.4237060546875, 1971.0115966796875, -7000.0
1899.3916015625, 1979.3365478515625, -7000.0
1894.302734375, 1987.6497802734375, -7000.0
1889.2325439453125, 1995.9176025390625, -7000.0
1884.10791015625, 1996.70947265625, -7000.0
1878.852783203125, 1970.1649169921875, -7000.0
1873.4649658203125, 1940.467529296875, -7000.0
1868.098876953125, 1911.1961669921875, -7000.0
1862.7572021484375, 1881.99755859375, -5505.05419921875
1857.3629150390625, 1852.798828125, -1360.618896484375
1851.9166259765625, 1823.5416259765625, 988.3204956054688
1846.337158203125, 1794.1806640625, 1983.333984375
1840.7047119140625, 1800.37158203125, 1983.333984375
1835.1025390625, 1808.6396484375, 1983.333984375
1829.3662109375, 1816.9324951171875, 1983.333984375
1823.578125, 1825.27978515625, 770.091796875
1817.82373046875, 1833.5482177734375, -547.4480590820312
1812.0198974609375, 1841.8282470703125, -3411.218994140625
1806.1669921875, 1850.0968017578125, -4849.1181640625
1800.17822265625, 1858.48779296875, -7000.0
1794.2276611328125, 1866.7562255859375, -7000.0
1788.229248046875, 1875.0247802734375, -7000.0
1782.1834716796875, 1883.3094482421875, -7000.0
1776.0906982421875, 1891.5780029296875, -7000.0
1769.9512939453125, 1891.640625, -7000.0
1763.6744384765625, 1862.456787109375, -7000.0
1757.3504638671875, 1833.17041015625, -7000.0
1750.9798583984375, 1803.5660400390625, -7000.0
1744.656494140625, 1774.3651123046875, -6703.5634765625
1738.28857421875, 1745.1654052734375, -3797.94677734375
1731.7821044921875, 1715.893310546875, -1269.596435546875
1725.326171875, 1686.67724609375, 1983.333984375
1718.731201171875, 1658.1055908203125, 1983.333984375
1712.1888427734375, 1654.2484130859375, 1983.333984375
1705.604248046875, 1662.5164794921875, 1983.333984375
1698.97802734375, 1670.7899169921875, 1983.333984375
1692.3104248046875, 1679.058349609375, 1983.333984375
1685.4041748046875, 1687.4752197265625, 727.243896484375
1678.654296875, 1695.746337890625, -745.518310546875
1671.864501953125, 1704.0150146484375, -988.7402954101562
1664.9346923828125, 1712.34716796875, -2941.13232421875
1657.9647216796875, 1720.663818359375, -6321.3984375
1650.75146484375, 1729.2083740234375, -7000.0
1643.8040771484375, 1737.4774169921875, -7000.0
1636.8193359375, 1745.745849609375, -7000.0
1629.797607421875, 1753.0218505859375, -7000.0
1622.7393798828125, 1749.4923095703125, -7000.0
1615.64501953125, 1720.297119140625, -7000.0
1608.5152587890625, 1691.1026611328125, -7000.0
1601.350341796875, 1661.90966796875, -7000.0
1594.1510009765625, 1632.7186279296875, -7000.0
1586.9176025390625, 1603.527587890625, -5205.11962890625
1579.6505126953125, 1574.337646484375, -991.075439453125
1572.3504638671875, 1545.147705078125, 1251.5203857421875
1565.0179443359375, 1515.9566650390625, 1983.333984375
1557.6533203125, 1491.567138671875, 1983.333984375
1550.148193359375, 1499.8690185546875, 1983.333984375
1542.5015869140625, 1508.2913818359375, 1983.333984375
1534.9326171875, 1516.6292724609375, 1983.333984375
1527.4432373046875, 1524.8955078125, 1255.248291015625
1519.92431640625, 1533.161376953125, -300.85821533203125
1512.37646484375, 1541.42724609375, -3043.29345703125
1504.6885986328125, 1549.7427978515625, -4702.01025390625
1497.0841064453125, 1558.0087890625, -7000.0
1489.4521484375, 1566.2744140625, -7000.0
1481.79345703125, 1574.5404052734375, -7000.0
1473.9951171875, 1582.845947265625, -7000.0
1466.17041015625, 1589.6138916015625, -7000.0
1458.319580078125, 1584.0030517578125, -7000.0
1450.4434814453125, 1554.64111328125, -7000.0
1442.6571044921875, 1525.4503173828125, -7000.0
1434.7320556640625, 1495.873046875, -7000.0
1426.898681640625, 1466.6810302734375, -7000.0
1419.0428466796875, 1437.489013671875, -5415.83837890625
1411.1649169921875, 1408.296875, -1471.6339111328125
1403.265625, 1379.032470703125, 240.44021606445312
1395.228759765625, 1349.73876953125, 1983.333984375
1387.1708984375, 1329.44140625, 1983.333984375
1379.2099609375, 1339.57763671875, 1983.333984375
1371.2298583984375, 1349.624267578125, 1983.333984375
1363.1131591796875, 1359.6463623046875, 1167.3212890625
1355.0958251953125, 1369.5223388671875, -680.34228515625
1346.9427490234375, 1379.357177734375, -1010.9577026367188
1338.890625, 1389.07470703125, -3195.406494140625
1330.58447265625, 1398.761962890625, -7000.0
1322.49951171875, 1407.5677490234375, -7000.0
1314.3992919921875, 1415.834228515625, -7000.0
1306.164794921875, 1424.1995849609375, -7000.0
1298.0352783203125, 1432.466064453125, -7000.0
1289.8922119140625, 1438.3564453125, -7000.0
1281.7359619140625, 1429.9443359375, -7000.0
1273.5672607421875, 1400.749267578125, -7000.0
1265.3865966796875, 1371.5584716796875, -7000.0
1257.1944580078125, 1342.365478515625, -7000.0
1248.870849609375, 1312.908447265625, -7000.0
1240.5367431640625, 1254.2713623046875, -4089.736083984375
1223.839111328125, 1224.4151611328125, -3432.56005859375
1215.5980224609375, 1195.2222900390625, -410.4570617675781
1207.3489990234375, 1174.36083984375, 1983.333984375
1199.092529296875, 1169.9775390625, 1983.333984375
1190.829345703125, 1170.96142578125, 1983.333984375
1182.4381103515625, 1182.58984375, 579.7384033203125
1174.162841796875, 1193.9830322265625, -1199.246337890625
1165.882568359375, 1205.27978515625, -2303.564453125
1157.5975341796875, 1216.4825439453125, -5582.9736328125
1149.3087158203125, 1227.6046142578125, -7000.0
1140.8944091796875, 1238.708740234375, -7000.0
1132.5992431640625, 1260.446044921875, -7000.0
1115.8807373046875, 1271.3074951171875, -7000.0
1107.58056640625, 1281.941650390625, -7000.0
1099.2799072265625, 1292.4852294921875, -7000.0
1090.979248046875, 1289.9649658203125, -7000.0
1074.38037109375, 1260.7733154296875, -7000.0
1065.9613037109375, 1231.3629150390625, -7000.0
1057.66650390625, 1172.9166259765625, -7000.0
1040.964599609375, 1143.629638671875, -7000.0
1032.55859375, 1114.329833984375, -7000.0
1024.157470703125, 1085.0029296875, -7000.0
1015.6400146484375, 1025.9337158203125, -3904.318115234375
999.1100463867188, 996.7389526367188, -2919.575439453125
990.8551635742188, 967.5453491210938, -661.208251953125
982.6078491210938, 949.22021484375, 1677.8076171875
974.3685913085938, 952.8468017578125, 1294.9881591796875
957.7957763671875, 966.2132568359375, -276.0210266113281
949.4636840820312, 979.5770874023438, -3190.65771484375
941.2627563476562, 1005.8604736328125, -3366.128173828125
924.774169921875, 1018.76953125, -7000.0
916.60791015625, 1031.568359375, -7000.0
908.454345703125, 1044.2752685546875, -7000.0
900.1943359375, 1069.7181396484375, -7000.0
883.7174682617188, 1082.083251953125, -7000.0
875.6206665039062, 1094.34228515625, -7000.0
867.5393676757812, 1089.483154296875, -7000.0
851.4253540039062, 1060.2939453125, -7000.0
843.393798828125, 1031.1048583984375, -7000.0
835.3798828125, 972.6180419921875, -7000.0
819.2901611328125, 943.39306640625, -7000.0
811.2160034179688, 884.5550537109375, -7000.0
795.3623046875, 855.364990234375, -7000.0
787.3507080078125, 796.57080078125, -3842.9140625
771.6251831054688, 767.3811645507812, -2646.86962890625
763.796142578125, 722.6635131835938, -964.9385375976562
748.2080078125, 718.2754516601562, 718.39990234375
740.3361206054688, 716.41796875, 1637.408203125
732.48974609375, 740.501708984375, 313.4161376953125
716.9885864257812, 755.7531127929688, -3556.728515625
709.2216796875, 770.9044799804688, -7000.0
701.5945434570312, 785.851806640625, -7000.0
693.8832397460938, 815.5918579101562, -7000.0
678.6583251953125, 830.1347045898438, -7000.0
671.1448974609375, 844.5534057617188, -7000.0
663.6610717773438, 858.8458862304688, -7000.0
656.097900390625, 873.1378173828125, -7000.0
648.6751708984375, 887.1849975585938, -7000.0
641.2835083007812, 896.0811767578125, -7000.0
633.9234619140625, 880.287353515625, -7000.0
626.488037109375, 850.9818115234375, -7000.0
619.086181640625, 821.5821533203125, -7000.0
611.824951171875, 792.3892211914062, -7000.0
604.4913330078125, 763.0892333984375, -7000.0
597.1929321289062, 733.7211303710938, -7000.0
589.8251342773438, 703.9430541992188, -7000.0
582.7035522460938, 674.74853515625, -7000.0
575.6175537109375, 645.55517578125, -7000.0
568.3609619140625, 615.8070068359375, -7000.0
561.3488159179688, 586.6141967773438, -6196.38232421875
554.3738403320312, 557.4228515625, -2890.130615234375
547.4364013671875, 528.23291015625, -28.288707733154297
540.5370483398438, 499.04449462890625, 1983.333984375
533.67626953125, 486.9136962890625, 1983.333984375
526.8544921875, 497.50360107421875, 1983.333984375
520.0722045898438, 514.7691040039062, 552.5523071289062
513.3298950195312, 531.9033203125, -1051.00146484375
506.52972412109375, 549.0009765625, -2443.862548828125
499.7716979980469, 566.0260009765625, -6559.29443359375
493.1532287597656, 582.7066650390625, -7000.0
486.57659912109375, 599.2471923828125, -7000.0
479.8506774902344, 615.9577026367188, -7000.0
473.36029052734375, 632.2154541015625, -7000.0
466.9130859375, 648.3319091796875, -7000.0
460.5094909667969, 664.3076782226562, -7000.0
454.14996337890625, 680.142822265625, -7000.0
447.8349304199219, 689.8079223632812, -7000.0
441.5648498535156, 670.2772827148438, -7000.0
435.3401184082031, 641.0345458984375, -7000.0
429.0706787109375, 611.6707153320312, -7000.0
422.93865966796875, 582.4856567382812, -7000.0
416.76416015625, 552.849609375, -7000.0
410.7265319824219, 523.6651611328125, -7000.0
404.7364196777344, 494.4812316894531, -7000.0
398.7942199707031, 465.2977294921875, -7000.0
392.90032958984375, 436.1159973144531, -7000.0
386.9695739746094, 406.6157531738281, -5551.0458984375
381.17425537109375, 377.4346618652344, -1497.4462890625
375.428466796875, 348.2125549316406, 490.620849609375
369.6492004394531, 318.8707580566406, 1983.333984375
363.9217529296875, 321.10394287109375, 1983.333984375
358.32843017578125, 338.2071533203125, 1983.333984375
352.7050476074219, 356.9002685546875, 255.88641357421875
347.2150573730469, 375.3831481933594, -2367.7080078125
341.6177673339844, 394.2240905761719, -4922.685546875
336.2334289550781, 412.37835693359375, -7000.0
330.9017028808594, 430.3739318847656, -7000.0
325.62298583984375, 448.21734619140625, -7000.0
320.3976135253906, 465.9101867675781, -7000.0
315.2259521484375, 483.444091796875, -7000.0
310.1083984375, 500.82635498046875, -7000.0
304.97119140625, 518.3632202148438, -7000.0
299.963623046875, 535.4530029296875, -7000.0
295.01116943359375, 545.3927612304688, -7000.0
290.11419677734375, 521.7090454101562, -7000.0
285.27301025390625, 492.5276184082031, -7000.0
280.48797607421875, 463.34649658203125, -7000.0
275.6902770996094, 433.70404052734375, -7000.0
271.0193176269531, 404.5231628417969, -7000.0
266.405517578125, 375.3442687988281, -7000.0
261.84912109375, 346.1449890136719, -7000.0
257.2847595214844, 316.7341003417969, -7000.0
252.84503173828125, 287.5589294433594, -7000.0
248.46368408203125, 258.3864440917969, -4416.94921875
244.077880859375, 228.93978881835938, -1935.248291015625
239.81504821777344, 199.77322387695312, 509.1937255859375
235.61148071289062, 192.8154754638672, 1983.333984375
231.40696716308594, 210.247802734375, 1983.333984375
227.2640838623047, 230.04249572753906, 304.00115966796875
223.18312072753906, 249.67263793945312, -2130.609619140625
219.1065673828125, 269.4606628417969, -4435.47216796875
215.2080841064453, 288.6756896972656, -7000.0
211.3705596923828, 307.7305908203125, -7000.0
207.59426879882812, 326.6169738769531, -7000.0
203.87945556640625, 345.3432922363281, -7000.0
200.2263946533203, 363.90936279296875, -7000.0
196.58299255371094, 382.5450439453125, -7000.0
193.05508422851562, 400.7999267578125, -7000.0
189.5896759033203, 418.8955383300781, -7000.0
186.13742065429688, 429.1592712402344, -7000.0
182.7986297607422, 401.5173645019531, -7000.0
179.475341796875, 371.9462890625, -7000.0
176.26409912109375, 342.7657165527344, -7000.0
173.07069396972656, 313.3531494140625, -7000.0
169.9879150390625, 284.1760559082031, -7000.0
166.96922302246094, 255.0018310546875, -7000.0
164.01480102539062, 225.76438903808594, -7000.0
161.1248779296875, 196.60073852539062, -7000.0
158.29965209960938, 167.39376831054688, -4329.66650390625
155.539306640625, 138.17813110351562, -1586.1219482421875
152.8440399169922, 109.0137710571289, 1202.9669189453125
150.21401977539062, 104.56764221191406, 1983.333984375
147.6122283935547, 100.39368438720703, 1983.333984375
145.04177856445312, 121.59223175048828, 1983.333984375
142.57627868652344, 142.2288818359375, 582.4267578125
140.2129669189453, 162.51748657226562, -1428.0125732421875
137.88250732421875, 182.88427734375, -3148.71875
135.652587890625, 202.84046936035156, -7000.0
133.48912048339844, 222.62969970703125, -7000.0
131.3922576904297, 242.26365661621094, -7000.0
129.36212158203125, 261.75634765625, -7000.0
127.37049865722656, 281.28826904296875, -7000.0
125.47525024414062, 300.4122009277344, -7000.0
123.64714050292969, 319.36767578125, -7000.0
121.86092376708984, 337.505615234375, -7000.0
120.14408874511719, 344.341064453125, -7000.0
118.49678039550781, 315.0726318359375, -7000.0
116.9190902709961, 285.7942199707031, -7000.0
115.43251037597656, 256.58221435546875, -7000.0
113.97306823730469, 226.867919921875, -7000.0
112.62425994873047, 197.6942901611328, -7000.0
111.3434829711914, 168.529052734375, -7000.0
110.13082885742188, 139.37860107421875, -6631.314453125
108.98638153076172, 110.21499633789062, -3064.934326171875
107.8948974609375, 81.0143814086914, -1259.1614990234375
106.87379455566406, 52.00041961669922, 1983.333984375
105.93643188476562, 27.6716251373291, 1983.333984375
105.05529022216797, 31.91826629638672, 1983.333984375
104.24473571777344, 52.84928512573242, 1983.333984375
103.50482177734375, 73.8225326538086, 1983.333984375
102.83560180664062, 94.73487091064453, 495.5054626464844
102.24530029296875, 115.39713287353516, -468.368896484375
101.71658325195312, 136.2353515625, -1029.8240966796875
101.26481628417969, 156.57923889160156, -3947.069091796875
100.88187408447266, 176.7519989013672, -7000.0
100.56776428222656, 196.75929260253906, -7000.0
100.31942749023438, 216.7484893798828, -7000.0
100.14408111572266, 236.4208221435547, -7000.0
100.03657531738281, 256.07293701171875, -7000.0
100.00003051757812, 273.7591552734375, -7000.0
100.03239440917969, 276.64190673828125, -7000.0
100.13565826416016, 247.36109924316406, -7000.0
100.30682373046875, 218.1838836669922, -7000.0
100.54686737060547, 188.94459533691406, -7000.0
100.86083984375, 159.68479919433594, -7000.0
101.24568939208984, 130.4095916748047, -6525.513671875
101.70852661132812, 100.59664154052734, -2694.318603515625
102.2279281616211, 71.54841613769531, -429.2115478515625
102.81608581542969, 42.70893478393555, 1983.333984375
103.47294616699219, 23.79813003540039, 1983.333984375
104.19847869873047, 35.47715377807617, 1983.333984375
104.99261474609375, 56.31513214111328, 1983.333984375
105.85531616210938, 77.2169418334961, 1983.333984375
106.80072021484375, 98.1058120727539, 565.2991333007812
107.80135345458984, 118.74410247802734, -153.90318298339844
108.88658905029297, 139.36497497558594, -3045.617431640625
110.0421371459961, 159.81617736816406, -5228.51220703125
111.24964904785156, 179.96385192871094, -7000.0
112.5252914428711, 199.9464874267578, -7000.0
113.9095230102539, 220.1436309814453, -7000.0
115.3231430053711, 239.78970336914062, -7000.0
116.80461883544922, 259.2668151855469, -7000.0
118.35382843017578, 276.1156921386719, -7000.0
119.97068786621094, 275.009765625, -7000.0
121.65506744384766, 245.81568908691406, -7000.0
123.43312072753906, 216.42245483398438, -7000.0
125.28045654296875, 186.84201049804688, -7000.0
127.16867065429688, 157.6792449951172, -6779.419921875
129.12391662597656, 128.53294372558594, -3004.269287109375
131.1460723876953, 99.40965270996094, -592.0630493164062
133.23497009277344, 70.30677032470703, 1983.333984375
135.4548797607422, 53.671905517578125, 1983.333984375
137.67881774902344, 65.87442016601562, 1983.333984375
139.96905517578125, 86.72132110595703, 1983.333984375
142.325439453125, 107.4446792602539, 1983.333984375
144.74781799316406, 148.5361785888672, 314.2029724121094
149.86595153808594, 168.8347625732422, -1307.7523193359375
152.52621459960938, 189.01547241210938, -2061.116455078125
155.2136993408203, 228.7622833251953, -2766.62255859375
160.8675994873047, 248.55479431152344, -7000.0
163.751708984375, 267.95904541015625, -7000.0
166.7003173828125, 287.1976623535156, -7000.0
169.71322631835938, 297.462158203125, -7000.0
175.97781372070312, 268.2742004394531, -7000.0
179.18331909179688, 239.0904541015625, -7000.0
182.45228576660156, 180.7390899658203, -3209.92333984375
189.17962646484375, 151.5777130126953, -142.65342712402344
192.68887329101562, 121.95382690429688, 1983.333984375
196.21023559570312, 121.47923278808594, 1983.333984375
203.4395294189453, 136.6275634765625, 1983.333984375
207.14697265625, 156.98214721679688, 1983.333984375
210.97181701660156, 177.22117614746094, 1983.333984375
214.85972595214844, 217.39633178710938, 447.0174255371094
222.76504516601562, 237.0651397705078, -685.0591430664062
226.7801055908203, 256.5652770996094, -3484.970947265625
230.91571044921875, 276.11334228515625, -5132.60595703125
235.0517120361328, 314.29437255859375, -6073.4091796875
243.502197265625, 333.1376647949219, -7000.0
247.81610107421875, 351.82513427734375, -7000.0
252.25347900390625, 357.2137145996094, -7000.0
261.2418518066406, 328.0212707519531, -7000.0
265.8578186035156, 298.5394592285156, -7000.0
270.4648132324219, 239.72120666503906, -1564.4031982421875
279.91973876953125, 210.5394744873047, 1983.333984375
284.69805908203125, 152.20297241210938, 1983.333984375
294.4228820800781, 149.23593139648438, 1983.333984375
299.4418640136719, 169.66600036621094, 1983.333984375
304.44366455078125, 189.73281860351562, 1983.333984375
309.5002746582031, 229.36769104003906, 1983.333984375
319.7765808105469, 248.94131469726562, 1983.333984375
325.07269287109375, 268.43170166015625, 1983.333984375
330.3458557128906, 287.6655578613281, 1983.333984375
335.7507629394531, 325.99884033203125, 306.21356201171875
346.6425476074219, 344.7422180175781, -655.2186279296875
352.2081604003906, 363.4048767089844, -1382.440185546875
357.7450256347656, 377.0762939453125, -3004.513671875
363.3330383300781, 374.36614990234375, -2970.9873046875
374.7449645996094, 369.9522705078125, -1752.2559814453125
380.48480224609375, 365.5687255859375, -1122.5252685546875
386.3597412109375, 361.15533447265625, 674.0889892578125
392.1990661621094, 359.6080322265625, 1983.333984375
398.087158203125, 359.9283142089844, 1983.333984375
404.0235900878906, 371.2501525878906, 1983.333984375
410.09637451171875, 389.79144287109375, 1983.333984375
416.21807861328125, 408.1692810058594, 763.6717529296875
422.29852294921875, 426.2120056152344, -804.7254638671875
428.4256896972656, 444.0984802246094, -2038.39013671875
434.59912109375, 461.8594665527344, -1710.5626220703125
440.8183898925781, 479.4420471191406, -2699.861572265625
447.08306884765625, 514.2142944335938, -3015.760498046875
459.9345397949219, 531.4319458007812, -7000.0
466.4286193847656, 548.5138549804688, -7000.0
472.9676513671875, 565.4767456054688, -7000.0
479.4554138183594, 576.725341796875, -7000.0
485.9859619140625, 560.1409912109375, -7000.0
492.65576171875, 530.8690185546875, -7000.0
499.3686828613281, 501.20684814453125, -3514.76953125
506.0260009765625, 472.0050354003906, -483.3896179199219
512.7242431640625, 442.8047790527344, 1983.333984375
519.462890625, 437.3280029296875, 1983.333984375
526.2416381835938, 451.2210693359375, 1983.333984375
533.0598754882812, 468.9029235839844, 1983.333984375
540.018310546875, 486.6174011230469, 1983.333984375
546.9147338867188, 503.98992919921875, 1983.333984375
553.8493041992188, 521.240966796875, 1983.333984375
560.92431640625, 538.4385986328125, 1983.333984375
568.0375366210938, 555.423583984375, 1428.1796875
575.0845947265625, 572.2042236328125, 744.9931640625
582.1678466796875, 588.8450317382812, -970.932861328125
589.3917846679688, 605.57666015625, -2256.556396484375
596.54638671875, 621.9324340820312, -1704.7935791015625
603.7357177734375, 638.1480102539062, -2156.923583984375
611.0657348632812, 648.1658935546875, -2950.81591796875
618.3234252929688, 628.1932373046875, -3414.634765625
625.6143188476562, 598.98974609375, -1111.97705078125
632.9378662109375, 588.4730834960938, 1983.333984375
640.4020385742188, 587.5491333007812, 1983.333984375
647.7899780273438, 600.16796875, 1983.333984375
655.318359375, 616.6044311523438, 1983.333984375
662.8782958984375, 632.9800415039062, 1983.333984375
670.3590087890625, 649.1109619140625, 1983.333984375
677.8693237304688, 665.0912475585938, 1510.9984130859375
685.6309204101562, 681.3261108398438, 1092.73974609375
693.19970703125, 697.0304565429688, -220.40689086914062
700.7965087890625, 712.595947265625, -1042.117431640625
708.4208984375, 728.0280151367188, -2716.35009765625
716.0722045898438, 743.329345703125, -2356.178955078125
723.75, 758.4998779296875, -2871.566162109375
731.4536743164062, 773.5401000976562, -4200.86474609375
739.1827392578125, 781.7902221679688, -5523.248046875
746.9367065429688, 759.2872314453125, -3296.357177734375
754.82958984375, 729.9961547851562, -1118.6268310546875
762.7468872070312, 700.42822265625, 1983.333984375
770.5728759765625, 695.6763305664062, 1983.333984375
778.4215698242188, 708.68701171875, 1983.333984375
786.4083862304688, 724.3458862304688, 1983.333984375
794.3011474609375, 739.6727905273438, 1983.333984375
802.2150268554688, 754.8675537109375, 1983.333984375
810.1493530273438, 769.9437255859375, 1983.333984375
818.1036987304688, 784.8779907226562, 1983.333984375
826.1948852539062, 799.7733764648438, 1983.333984375
834.3054809570312, 814.5739135742188, 1983.333984375
842.4348754882812, 829.1622924804688, 1769.8623046875
850.4644165039062, 843.6029663085938, 835.7807006835938
858.6295776367188, 857.9485473632812, 208.8118438720703
866.693115234375, 872.142578125, -1065.794921875
874.8917236328125, 879.0596923828125, -971.9694213867188
882.9871215820312, 879.79931640625, -46.4727668762207
891.2168579101562, 875.856689453125, 1068.3687744140625
899.341796875, 871.4718627929688, 1983.333984375
907.4805908203125, 876.3611450195312, 1983.333984375
915.7525634765625, 889.6603393554688, 1983.333984375
924.0376586914062, 903.6456298828125, 1983.333984375
932.2149047851562, 917.4417114257812, 1983.333984375
940.4036865234375, 931.1171264648438, 1413.312255859375
948.6034545898438, 944.688232421875, 263.5393981933594
956.9345092773438, 958.1766357421875, -455.1632995605469
965.2756958007812, 971.5999755859375, -638.7157592773438
973.50537109375, 984.8132934570312, -1383.4398193359375
981.7437133789062, 997.93408203125, -2623.11328125
990.111572265625, 1010.9508056640625, -1498.8773193359375
998.4871826171875, 1024.037353515625, -1004.2849731445312
1006.74853515625, 1036.81005859375, -1050.719482421875
1015.0162353515625, 1041.5660400390625, -3519.078369140625
1023.289794921875, 1013.5731201171875, -1713.385498046875
1031.5687255859375, 1008.3214721679688, 478.12060546875
1039.97412109375, 1003.9166870117188, 1983.333984375
1048.261962890625, 1008.4061279296875, 1983.333984375
1056.55322265625, 1021.091796875, 1983.333984375
1064.9696044921875, 1033.9276123046875, 1983.333984375
1073.388427734375, 1046.6768798828125, 1983.333984375
1081.80908203125, 1059.29248046875, 1983.333984375
1090.231201171875, 1071.8702392578125, 1983.333984375
1098.53173828125, 1084.225830078125, 1983.333984375
1106.95458984375, 1096.66748046875, 1689.754638671875
1115.2547607421875, 1108.8009033203125, 984.0198974609375
1123.553955078125, 1120.8336181640625, 840.164306640625
1131.8515625, 1132.765380859375, 299.25592041015625
1140.14697265625, 1144.5965576171875, -607.6766357421875
1148.4395751953125, 1156.0811767578125, -934.0877075195312
1156.7288818359375, 1159.4052734375, -675.798828125
1165.01416015625, 1159.3460693359375, -371.1137390136719
1173.4168701171875, 1154.9122314453125, 450.7334899902344
1181.692626953125, 1150.729248046875, 1983.333984375
1189.9627685546875, 1151.4002685546875, 1983.333984375
1198.2266845703125, 1163.069091796875, 1983.333984375
1206.605224609375, 1174.6771240234375, 1983.333984375
1215.097412109375, 1186.3572998046875, 1983.333984375
1223.3389892578125, 1197.723876953125, 1983.333984375
1231.572021484375, 1208.990478515625, 1983.333984375
1239.7960205078125, 1220.165771484375, 1983.333984375
1248.0103759765625, 1231.24169921875, 1983.333984375
1256.2144775390625, 1242.2259521484375, 1983.333984375
1264.407958984375, 1253.1134033203125, 1958.270263671875
1272.5899658203125, 1263.908203125, 1631.329345703125
1280.8802490234375, 1274.64697265625, 1055.095458984375
1289.1575927734375, 1285.3167724609375, 254.9359588623047
1297.302001953125, 1295.8494873046875, 171.1632843017578
1305.5521240234375, 1306.31591796875, -149.1121063232422
1313.66845703125, 1315.820068359375, -602.876953125
1321.7701416015625, 1317.7418212890625, -338.4613037109375
1330.0941162109375, 1318.4442138671875, 799.50048828125
1338.1640625, 1318.484375, 1857.532958984375
1346.2177734375, 1318.781982421875, 1983.333984375
1354.25439453125, 1321.8817138671875, 1983.333984375
1362.2735595703125, 1332.0830078125, 1983.333984375
1370.39208984375, 1342.240234375, 1983.333984375
1378.4915771484375, 1352.34716796875, 1983.333984375
1386.4542236328125, 1362.2872314453125, 1983.333984375
1394.397216796875, 1372.1456298828125, 1983.333984375
1402.436279296875, 1381.95849609375, 1983.333984375
1410.453857421875, 1391.674560546875, 1983.333984375
1418.449462890625, 1401.1904296875, 1983.333984375
1426.3070068359375, 1409.6939697265625, 1983.333984375
1434.2572021484375, 1418.084228515625, 1983.333984375
1442.06884765625, 1426.354736328125, 1983.333984375
1449.8570556640625, 1434.625, 1983.333984375
1457.735107421875, 1442.947021484375, 1983.333984375
1465.47412109375, 1451.2171630859375, 1983.333984375
1473.18798828125, 1459.4874267578125, 1983.333984375
1480.8760986328125, 1467.7720947265625, 1983.333984375
1488.6505126953125, 1476.0775146484375, 1983.333984375
1496.2852783203125, 1484.3477783203125, 1983.333984375
1504.00439453125, 1492.6370849609375, 1983.333984375
1511.5836181640625, 1500.907958984375, 1983.333984375
1519.3560791015625, 1509.3265380859375, 1983.333984375
1526.877197265625, 1517.5972900390625, 1983.333984375
1534.478759765625, 1525.976318359375, 1921.8226318359375
1542.049560546875, 1534.367919921875, 1783.87060546875
1549.47998046875, 1542.63916015625, 1556.6007080078125
1556.87939453125, 1550.9100341796875, 1240.9862060546875
1564.2474365234375, 1559.180908203125, 829.1575927734375
1571.6910400390625, 1567.5469970703125, 341.0829162597656
1578.9940185546875, 1575.8177490234375, 708.7507934570312
1586.2640380859375, 1584.0885009765625, 943.5463256835938
1593.50048828125, 1590.02392578125, 373.4448547363281
1600.7030029296875, 1590.024169921875, 656.2109985351562
1607.8709716796875, 1592.3841552734375, 1449.1566162109375
1615.1085205078125, 1600.67626953125, 1983.333984375
1622.20556640625, 1608.9571533203125, 1983.333984375
1629.4736328125, 1617.3861083984375, 1983.333984375
1636.4970703125, 1625.65673828125, 1983.333984375
1643.483642578125, 1633.9276123046875, 1983.333984375
1650.4326171875, 1642.1982421875, 1905.942626953125
1657.34375, 1650.46875, 1676.8721923828125
1664.2164306640625, 1658.7513427734375, 1297.9228515625
1671.05029296875, 1675.639404296875, 987.1339721679688
1684.896484375, 1683.9102783203125, 1072.2720947265625
1691.609130859375, 1689.1427001953125, 380.5329895019531
1698.281005859375, 1689.1429443359375, 486.99908447265625
1704.91162109375, 1700.46630859375, 728.3836669921875
1718.04736328125, 1708.7342529296875, 837.4910888671875
1724.551513671875, 1717.001953125, 739.3379516601562
1731.0126953125, 1733.536865234375, 570.2794799804688
1743.8975830078125, 1741.8360595703125, 799.5368041992188
1750.226318359375, 1758.3707275390625, 304.9360656738281
1762.7490234375, 1766.637939453125, -127.30564880371094
1769.0328369140625, 1775.013916015625, -285.69549560546875
1775.17919921875, 1788.261474609375, -510.7198486328125
1787.331787109375, 1786.5037841796875, -368.305908203125
1793.3372802734375, 1782.116455078125, 919.1465454101562
1799.469482421875, 1779.5020751953125, 1983.333984375
1805.4639892578125, 1779.5020751953125, 1983.333984375
1817.132568359375, 1783.055908203125, 1983.333984375
1822.8929443359375, 1791.3228759765625, 1983.333984375
1828.603515625, 1799.5897216796875, 1983.333984375
1834.5123291015625, 1816.4052734375, 1983.333984375
1845.6763916015625, 1824.6715087890625, 1983.333984375
1851.1815185546875, 1841.2027587890625, 1524.6920166015625
1862.0361328125, 1849.468017578125, 1967.0267333984375
1867.384765625, 1866.0802001953125, 1012.2581787109375
1878.0, 1874.344970703125, 460.2218933105469
1883.188232421875, 1882.609619140625, 524.583251953125
1888.3975830078125, 1899.1905517578125, -107.5433120727539
1898.501220703125, 1903.400390625, -142.52719116210938
1903.4705810546875, 1903.400634765625, -104.79126739501953
1908.3846435546875, 1899.020751953125, 444.09100341796875
1918.1156005859375, 1899.020751953125, 1687.8125
1922.86083984375, 1899.0208740234375, 1983.333984375
1927.6177978515625, 1911.507080078125, 1862.2618408203125
1936.955322265625, 1919.968017578125, 1983.333984375
1941.4691162109375, 1936.4971923828125, 1238.3927001953125
1950.32275390625, 1944.76171875, 893.4937744140625
1954.6617431640625, 1961.2904052734375, 484.0329284667969
1963.2244873046875, 1969.5894775390625, -245.85108947753906
1967.3851318359375, 1986.1680908203125, -790.9241333007812
1975.585693359375, 1994.45458984375, -2329.124267578125
1979.681396484375, 1998.139404296875, -978.15673828125
1983.5986328125, 1976.9158935546875, -39.965694427490234
1991.305419921875, 1947.5537109375, 1983.333984375
1995.038330078125, 1935.8740234375, 1983.333984375
2002.3187255859375, 1944.1383056640625, 1983.333984375
