1063.95654296875, 1048.5487060546875, 332.9993591308594
1072.2530517578125, 1056.83154296875, 659.0762939453125
1080.551513671875, 1065.1162109375, 978.6202392578125
1088.851318359375, 1077.5001220703125, 825.2810668945312
1097.15185546875, 1089.7774658203125, 1177.33642578125
1105.45263671875, 1101.9542236328125, 1078.902099609375
1113.7529296875, 1114.0291748046875, 564.2064819335938
1122.0523681640625, 1126.0025634765625, -334.2753601074219
1130.350341796875, 1137.8736572265625, -678.53369140625
1138.6461181640625, 1148.8629150390625, -1313.6165771484375
1146.9393310546875, 1151.6019287109375, -1280.4033203125
1155.229248046875, 1147.221923828125, -695.3119506835938
1163.5152587890625, 1142.8427734375, 365.4532470703125
1171.7969970703125, 1138.8853759765625, 1983.333984375
1180.0738525390625, 1140.0712890625, 1983.333984375
1188.3450927734375, 1151.825439453125, 1983.333984375
1196.6103515625, 1163.479736328125, 1983.333984375
1204.8687744140625, 1175.03369140625, 1983.333984375
1213.1201171875, 1186.4871826171875, 1983.333984375
1221.3636474609375, 1197.8408203125, 1983.333984375
1229.5987548828125, 1209.103271484375, 1983.333984375
1237.824951171875, 1220.2645263671875, 1983.333984375
1246.041748046875, 1231.3260498046875, 1983.333984375
1254.2484130859375, 1242.2957763671875, 1983.333984375
1262.4444580078125, 1253.1658935546875, 1729.7581787109375
1270.6292724609375, 1263.9456787109375, 1202.365966796875
1278.8023681640625, 1274.6357421875, 423.66033935546875
1286.963134765625, 1285.2357177734375, 356.8248291015625
1295.1109619140625, 1295.7457275390625, 33.10367965698242
1303.245361328125, 1305.3876953125, -437.69891357421875
1311.3658447265625, 1307.5244140625, -198.3955535888672
1319.4716796875, 1309.44677734375, 738.3627319335938
1327.5625, 1309.527099609375, 1602.8897705078125
1335.637451171875, 1310.0694580078125, 1983.333984375
1343.6962890625, 1312.9464111328125, 1983.333984375
1351.7384033203125, 1323.2171630859375, 1983.333984375
1359.7630615234375, 1333.3983154296875, 1983.333984375
1367.7698974609375, 1343.490478515625, 1983.333984375
1375.7581787109375, 1353.501708984375, 1983.333984375
1383.7275390625, 1363.423095703125, 1983.333984375
1391.6773681640625, 1373.2554931640625, 1983.333984375
1399.6070556640625, 1383.0079345703125, 1983.333984375
1407.51611328125, 1392.679443359375, 1983.333984375
1415.4039306640625, 1402.1485595703125, 1983.333984375
1423.2701416015625, 1410.4630126953125, 1983.333984375
1431.1138916015625, 1418.7230224609375, 1983.333984375
1438.9349365234375, 1426.983154296875, 1983.333984375
1446.732666015625, 1435.2432861328125, 1983.333984375
1454.5064697265625, 1443.50341796875, 1983.333984375
1462.255859375, 1451.7635498046875, 1983.333984375
1469.980224609375, 1460.023681640625, 1983.333984375
1477.67919921875, 1468.283935546875, 1983.333984375
1485.35205078125, 1476.5440673828125, 1970.6121826171875
1492.9984130859375, 1484.80419921875, 1888.310546875
1500.61767578125, 1493.0643310546875, 1736.80615234375
1508.2093505859375, 1501.324462890625, 1516.3880615234375
1515.7728271484375, 1509.5845947265625, 1227.2886962890625
1523.3077392578125, 1517.8447265625, 869.6869506835938
1530.8134765625, 1526.104736328125, 443.65496826171875
1538.28955078125, 1534.364990234375, 891.3170776367188
1545.7353515625, 1542.6251220703125, 281.3426208496094
1553.1505126953125, 1550.0933837890625, 637.9152221679688
1560.534423828125, 1550.8857421875, 789.0292358398438
1567.8865966796875, 1559.1458740234375, 828.6463012695312
1575.20654296875, 1567.406005859375, 758.7090454101562
1582.49365234375, 1575.6661376953125, 580.9230346679688
1589.7476806640625, 1583.92626953125, 296.89471435546875
1596.9677734375, 1592.186279296875, 850.1639404296875
1604.15380859375, 1600.446533203125, 310.7868347167969
1611.3050537109375, 1608.7066650390625, 613.581298828125
1618.4210205078125, 1616.966796875, 770.3176879882812
1625.501220703125, 1625.226806640625, 784.2194213867188
1632.5452880859375, 1633.4869384765625, 658.2789916992188
1639.552734375, 1641.7471923828125, 395.2973937988281
1646.5228271484375, 1649.212158203125, 88.87002563476562
1653.4554443359375, 1649.21240234375, 591.2235107421875
1660.349853515625, 1649.2125244140625, 915.4625244140625
1667.20556640625, 1649.212646484375, 1983.333984375
1674.0223388671875, 1650.0089111328125, 1983.333984375
1680.7994384765625, 1658.268798828125, 1983.333984375
1687.53662109375, 1666.5291748046875, 1983.333984375
1694.2332763671875, 1674.789306640625, 1983.333984375
1700.888916015625, 1683.0494384765625, 1983.333984375
1707.5032958984375, 1691.3094482421875, 1983.333984375
1714.07568359375, 1699.5697021484375, 1983.333984375
1720.6058349609375, 1707.829833984375, 1983.333984375
1727.09326171875, 1716.0899658203125, 1983.333984375
1733.537353515625, 1724.3499755859375, 1983.333984375
1739.9378662109375, 1732.6102294921875, 1802.155029296875
1746.2943115234375, 1740.870361328125, 1412.191650390625
1752.606201171875, 1749.1304931640625, 818.78369140625
1758.8731689453125, 1757.3907470703125, 969.031982421875
1765.0947265625, 1765.6510009765625, 878.4869995117188
1771.2703857421875, 1773.1107177734375, 645.5545654296875
1777.3997802734375, 1773.1109619140625, 1125.8018798828125
1783.4825439453125, 1773.111083984375, 1336.1494140625
1789.518310546875, 1773.1112060546875, 1983.333984375
1795.5064697265625, 1773.91259765625, 1983.333984375
1801.4466552734375, 1782.172607421875, 1983.333984375
1807.338623046875, 1790.4326171875, 1983.333984375
1813.1817626953125, 1798.6927490234375, 1983.333984375
1818.975830078125, 1806.952880859375, 1983.333984375
1824.7203369140625, 1815.212890625, 1983.333984375
1830.4149169921875, 1823.47314453125, 1758.34326171875
1836.05908203125, 1831.7332763671875, 1245.2403564453125
1841.652587890625, 1839.9935302734375, 452.6329040527344
1847.195068359375, 1848.253662109375, 330.740234375
1852.68603515625, 1856.5137939453125, -101.9386978149414
1858.125, 1864.77392578125, -338.0299987792969
1863.5118408203125, 1872.229736328125, -799.0623779296875
1868.8460693359375, 1871.8031005859375, -577.6732788085938
1874.1273193359375, 1867.4232177734375, 240.59051513671875
1879.355224609375, 1863.0433349609375, 1175.4544677734375
1884.529541015625, 1859.09033203125, 1983.333984375
1889.649658203125, 1859.8961181640625, 1983.333984375
1894.7154541015625, 1868.156005859375, 1983.333984375
1899.7264404296875, 1876.416015625, 1983.333984375
1904.6822509765625, 1884.6761474609375, 1983.333984375
1909.582763671875, 1892.9364013671875, 1983.333984375
1914.4273681640625, 1901.1964111328125, 1983.333984375
1919.2159423828125, 1909.45654296875, 1983.333984375
1923.947998046875, 1917.71728515625, 1677.3697509765625
1928.623291015625, 1925.977294921875, 976.4712524414062
1933.2415771484375, 1934.2374267578125, 835.9307861328125
1937.8023681640625, 1942.49755859375, 279.0666198730469
1942.3055419921875, 1950.7578125, -182.09918212890625
1946.75048828125, 1958.208984375, -964.2045288085938
1951.13720703125, 1957.7799072265625, -1155.9949951171875
1955.46533203125, 1953.4000244140625, -341.5481872558594
1959.7344970703125, 1949.02001953125, 924.2623291015625
1963.9443359375, 1944.639892578125, 1983.333984375
1968.0947265625, 1940.6895751953125, 1983.333984375
1972.1851806640625, 1941.500244140625, 1983.333984375
1976.2156982421875, 1949.7601318359375, 1983.333984375
1980.185791015625, 1958.020263671875, 1983.333984375
1984.09521484375, 1966.2802734375, 1983.333984375
1987.9437255859375, 1974.54052734375, 1983.333984375
1991.73095703125, 1982.8006591796875, 1983.333984375
1995.4569091796875, 1991.060791015625, 1467.698974609375
1999.12109375, 1999.3209228515625, 451.8951110839844
2002.7232666015625, 2007.5811767578125, -104.09669494628906
2006.2633056640625, 2015.84130859375, -674.66162109375
2009.740966796875, 2024.1015625, -1764.0101318359375
2013.1558837890625, 2032.3616943359375, -3353.384033203125
2016.5078125, 2039.8082275390625, -2505.5986328125
2019.796630859375, 2039.376708984375, -1274.3646240234375
2023.0220947265625, 2032.55322265625, -1780.842041015625
2026.1839599609375, 2003.3828125, 940.4403686523438
2029.281982421875, 1976.6572265625, 1983.333984375
2032.3160400390625, 1972.7093505859375, 1983.333984375
2035.285888671875, 1973.5244140625, 1983.333984375
2038.191162109375, 1981.784423828125, 1983.333984375
2041.0318603515625, 1990.04443359375, 1983.333984375
2043.8077392578125, 1998.3046875, 1983.333984375
2046.5185546875, 2006.5648193359375, 1983.333984375
2049.1640625, 2014.824951171875, 1983.333984375
2051.744384765625, 2023.0850830078125, 1983.333984375
2054.259033203125, 2031.3453369140625, 1983.333984375
2056.707763671875, 2039.60546875, 1983.333984375
2059.0908203125, 2047.8656005859375, 1983.333984375
2061.40771484375, 2056.1259765625, 1569.642578125
2063.658203125, 2064.38623046875, 488.89154052734375
2065.842529296875, 2072.646484375, -291.08245849609375
2067.960205078125, 2080.906494140625, -1237.201904296875
2070.01123046875, 2088.347900390625, -2752.87255859375
2071.995361328125, 2087.91357421875, -1089.6685791015625
2073.91259765625, 2083.533935546875, -1615.1881103515625
2075.7626953125, 2076.6943359375, -1119.8934326171875
2077.54541015625, 2049.98388671875, 1171.5999755859375
2079.260986328125, 2045.6038818359375, 1983.333984375
2080.908935546875, 2042.4793701171875, 1983.333984375
2082.4892578125, 2050.7392578125, 1983.333984375
2084.001953125, 2058.999267578125, 1983.333984375
2085.447021484375, 2067.259521484375, 1983.333984375
2086.823974609375, 2075.51953125, 1983.333984375
2088.133056640625, 2083.77978515625, 1463.4940185546875
2089.3740234375, 2092.0400390625, 1108.4486083984375
2090.546875, 2100.30029296875, -39.92087173461914
2091.6513671875, 2108.560302734375, -1451.9998779296875
2092.6875, 2116.820556640625, -3620.198486328125
2093.6552734375, 2125.080810546875, -3688.311767578125
2094.5546875, 2133.341064453125, -4595.39013671875
2095.385498046875, 2140.777587890625, -6213.0908203125
2096.147705078125, 2137.8681640625, -7000.0
2096.84130859375, 2108.697265625, -4659.38623046875
2097.466064453125, 2079.52685546875, -1852.1405029296875
2098.022216796875, 2050.3486328125, 1983.333984375
2098.509765625, 2023.6602783203125, 1983.333984375
2098.92822265625, 2020.5462646484375, 1983.333984375
2099.278076171875, 2028.80615234375, 1983.333984375
2099.55908203125, 2037.0662841796875, 1983.333984375
2099.77099609375, 2045.326416015625, 1983.333984375
2099.914306640625, 2053.586669921875, 1983.333984375
2099.988525390625, 2061.8466796875, 1983.333984375
2099.993896484375, 2070.10693359375, 1983.333984375
2099.930419921875, 2078.366943359375, 1983.333984375
2099.7978515625, 2086.627197265625, 1983.333984375
2099.5966796875, 2094.887451171875, 1504.31591796875
2099.326416015625, 2103.147705078125, 1015.0678100585938
2098.9873046875, 2111.40771484375, -433.83416748046875
2098.579345703125, 2118.837890625, -2209.486572265625
2098.102783203125, 2118.837890625, -1124.5916748046875
2097.557373046875, 2118.3974609375, -2932.150390625
2096.943115234375, 2111.522705078125, -1106.5858154296875
2096.26025390625, 2084.847412109375, 278.2964172363281
2095.508544921875, 2077.97119140625, 1352.7552490234375
2094.6884765625, 2051.73876953125, 1983.333984375
2093.7998046875, 2052.57080078125, 1983.333984375
2092.8427734375, 2060.830810546875, 1983.333984375
2091.817138671875, 2069.091064453125, 1983.333984375
2090.723388671875, 2077.35107421875, 1983.333984375
2089.56103515625, 2085.611328125, 1417.3631591796875
2088.330810546875, 2093.871337890625, 735.64501953125
2087.032470703125, 2102.131591796875, -508.08428955078125
2085.666015625, 2110.3916015625, -2791.319580078125
2084.231689453125, 2118.65185546875, -3243.631103515625
2082.7294921875, 2126.912109375, -4790.5546875
2081.159423828125, 2135.17236328125, -7000.0
2079.52197265625, 2143.43212890625, -7000.0
2077.817138671875, 2150.857177734375, -7000.0
2076.044677734375, 2147.90673828125, -7000.0
2074.205078125, 2118.736328125, -7000.0
2072.29833984375, 2089.56591796875, -5278.75830078125
2070.32470703125, 2060.39501953125, -3357.32177734375
2068.283935546875, 2031.223388671875, 1075.192138671875
2066.1767578125, 2004.565185546875, 1983.333984375
2064.0029296875, 2000.6290283203125, 1983.333984375
2061.762451171875, 2001.4666748046875, 1983.333984375
2059.4560546875, 2009.7266845703125, 1983.333984375
2057.083251953125, 2017.9866943359375, 1983.333984375
2054.644775390625, 2026.246826171875, 1983.333984375
2052.140380859375, 2034.5068359375, 1983.333984375
2049.5703125, 2042.76708984375, 1743.7301025390625
2046.9349365234375, 2051.027099609375, 269.1753845214844
2044.2342529296875, 2059.287353515625, -946.1590576171875
2041.468505859375, 2067.547607421875, -3362.59228515625
2038.637939453125, 2075.807861328125, -4101.2099609375
2035.7425537109375, 2084.06787109375, -6079.59912109375
2032.7828369140625, 2092.328125, -7000.0
2029.7587890625, 2099.747802734375, -7000.0
2026.6707763671875, 2096.7783203125, -7000.0
2023.518798828125, 2067.60791015625, -7000.0
2020.30322265625, 2038.4371337890625, -5378.1455078125
2017.0242919921875, 2009.2664794921875, -874.27783203125
2013.68212890625, 1980.095947265625, 1983.333984375
2010.2769775390625, 1950.92529296875, 1983.333984375
2006.80908203125, 1925.5721435546875, 1983.333984375
2003.27880859375, 1933.83203125, 1983.333984375
1999.686279296875, 1942.09228515625, 1983.333984375
1996.0316162109375, 1950.352294921875, 1983.333984375
1992.3154296875, 1958.612548828125, 1983.333984375
1988.53759765625, 1966.8726806640625, 1983.333984375
1984.6986083984375, 1975.1326904296875, 1983.333984375
1980.7987060546875, 1983.392822265625, 667.9666748046875
1976.8380126953125, 1991.653076171875, -540.3580932617188
1972.81689453125, 1999.9132080078125, -3093.79150390625
1968.7357177734375, 2008.1734619140625, -4105.68798828125
1964.5947265625, 2016.43359375, -6486.2333984375
1960.39404296875, 2023.848388671875, -7000.0
1956.1341552734375, 2020.86181640625, -7000.0
1951.815185546875, 1991.6912841796875, -7000.0
1947.4376220703125, 1962.520751953125, -5029.31396484375
1943.0015869140625, 1933.35009765625, -3152.733642578125
1938.507568359375, 1904.179443359375, 956.2605590820312
1933.9556884765625, 1877.551025390625, 1983.333984375
1929.346435546875, 1873.6202392578125, 1983.333984375
1924.679931640625, 1874.4677734375, 1983.333984375
1919.9566650390625, 1882.72802734375, 1983.333984375
1915.1768798828125, 1890.988037109375, 1983.333984375
1910.3409423828125, 1899.2481689453125, 1983.333984375
1905.44921875, 1907.50830078125, 728.87841796875
1900.501953125, 1915.7684326171875, -534.4765625
1895.49951171875, 1924.028564453125, -3252.498291015625
1890.4422607421875, 1932.2886962890625, -4532.47607421875
1885.33056640625, 1940.5489501953125, -7000.0
1880.1646728515625, 1948.80908203125, -7000.0
1874.9451904296875, 1957.069580078125, -7000.0
1869.6722412109375, 1965.329833984375, -7000.0
1864.34619140625, 1972.7388916015625, -7000.0
1858.967529296875, 1969.73095703125, -7000.0
1853.53662109375, 1940.560546875, -7000.0
1848.0537109375, 1911.3900146484375, -7000.0
1842.519287109375, 1882.2193603515625, -7000.0
1836.9337158203125, 1853.048828125, -5147.8681640625
1831.29736328125, 1823.878173828125, -3521.301025390625
1825.610595703125, 1794.7076416015625, 213.67369079589844
1819.873779296875, 1768.0987548828125, 1983.333984375
1814.0875244140625, 1764.17138671875, 1983.333984375
1808.251953125, 1765.0257568359375, 1983.333984375
1802.3675537109375, 1773.2855224609375, 1983.333984375
1796.434814453125, 1781.545654296875, 1983.333984375
1790.4541015625, 1789.8056640625, 1038.2572021484375
1784.42578125, 1798.06591796875, -54.95341873168945
1778.350341796875, 1806.3260498046875, -2734.12548828125
1772.2281494140625, 1814.5863037109375, -4099.076171875
1766.0595703125, 1822.846435546875, -7000.0
1759.84521484375, 1831.1065673828125, -7000.0
1753.5853271484375, 1839.36669921875, -7000.0
1747.2803955078125, 1847.626953125, -7000.0
1740.930908203125, 1855.8870849609375, -7000.0
1734.5372314453125, 1863.2896728515625, -7000.0
1728.0997314453125, 1860.260986328125, -7000.0
1721.619140625, 1831.090576171875, -7000.0
1715.0955810546875, 1801.920166015625, -7000.0
1708.5296630859375, 1772.749755859375, -7000.0
1701.921875, 1743.577880859375, -7000.0
1695.2725830078125, 1714.4073486328125, -5494.03173828125
1688.582275390625, 1685.2369384765625, -1490.69189453125
1681.8514404296875, 1656.0662841796875, 614.6722412109375
1675.0804443359375, 1626.8958740234375, 1983.333984375
1668.2698974609375, 1601.623779296875, 1983.333984375
1661.420166015625, 1609.8836669921875, 1983.333984375
1654.53173828125, 1618.1435546875, 1983.333984375
1647.6051025390625, 1626.4036865234375, 1983.333984375
1640.6407470703125, 1634.6636962890625, 1647.7381591796875
1633.63916015625, 1642.9237060546875, 524.3748168945312
1626.600830078125, 1651.183837890625, -1795.8564453125
1619.526123046875, 1659.444091796875, -2929.076904296875
1612.4156494140625, 1667.7042236328125, -5764.72900390625
1605.2698974609375, 1675.96435546875, -7000.0
1598.08935546875, 1684.2244873046875, -7000.0
1590.8743896484375, 1692.4847412109375, -7000.0
1583.625732421875, 1699.881591796875, -7000.0
1576.3436279296875, 1696.83203125, -7000.0
1569.02880859375, 1667.6614990234375, -7000.0
1561.681640625, 1638.4912109375, -7000.0
1554.3026123046875, 1609.3206787109375, -7000.0
1546.892333984375, 1580.150146484375, -7000.0
1539.4512939453125, 1550.979736328125, -4624.15283203125
1531.9798583984375, 1521.8092041015625, -2710.048095703125
1524.478759765625, 1492.6387939453125, 1090.6939697265625
1516.9483642578125, 1466.06640625, 1983.333984375
1509.3892822265625, 1462.1455078125, 1983.333984375
1501.802001953125, 1463.01171875, 1983.333984375
1494.18701171875, 1471.271484375, 1983.333984375
1486.5447998046875, 1479.5313720703125, 1765.78955078125
1478.8759765625, 1487.79150390625, 678.2118530273438
1471.18115234375, 1496.051513671875, -1683.4083251953125
1463.4605712890625, 1504.3115234375, -2929.62890625
1455.715087890625, 1512.5716552734375, -5945.3056640625
1447.945068359375, 1520.831787109375, -7000.0
1440.151123046875, 1529.0919189453125, -7000.0
1432.3336181640625, 1537.35205078125, -7000.0
1424.4932861328125, 1545.6123046875, -7000.0
1416.630615234375, 1553.8724365234375, -7000.0
1408.74609375, 1561.2633056640625, -7000.0
1400.84033203125, 1558.1929931640625, -7000.0
1392.913818359375, 1529.022705078125, -7000.0
1384.967041015625, 1499.8524169921875, -7000.0
1377.000732421875, 1470.6820068359375, -7000.0
1369.0152587890625, 1441.51171875, -7000.0
1361.0113525390625, 1412.3402099609375, -7000.0
1352.9893798828125, 1383.1697998046875, -6759.38916015625
1344.9500732421875, 1353.9993896484375, -4112.27734375
1336.893798828125, 1324.8291015625, -2007.431884765625
1328.8211669921875, 1295.6588134765625, 711.6947021484375
1320.73291015625, 1269.1065673828125, 1983.333984375
1312.6292724609375, 1266.3173828125, 1983.333984375
1304.5111083984375, 1276.9876708984375, 1983.333984375
1296.3787841796875, 1287.5679931640625, 1707.87158203125
1288.2330322265625, 1298.0584716796875, 265.6548767089844
1280.07421875, 1308.458984375, -2477.969970703125
1271.903076171875, 1318.76953125, -4373.32421875
1263.719970703125, 1328.990234375, -7000.0
1255.525634765625, 1339.120849609375, -7000.0
1247.3206787109375, 1349.162353515625, -7000.0
1239.10546875, 1359.1229248046875, -7000.0
1230.880615234375, 1368.9945068359375, -7000.0
1222.6468505859375, 1378.7850341796875, -7000.0
1214.4046630859375, 1387.61865234375, -7000.0
1206.154541015625, 1385.81298828125, -7000.0
1197.8970947265625, 1356.642822265625, -7000.0
1189.6328125, 1327.472412109375, -7000.0
1181.362548828125, 1298.30224609375, -7000.0
1173.0865478515625, 1269.132080078125, -7000.0
1164.8055419921875, 1239.9617919921875, -7000.0
1156.52001953125, 1210.79052734375, -7000.0
1148.230712890625, 1181.620361328125, -7000.0
1139.93798828125, 1152.4501953125, -4737.74755859375
1131.642578125, 1123.280029296875, -3025.873291015625
1123.344970703125, 1094.1099853515625, 39.314945220947266
1115.0457763671875, 1067.5780029296875, 1983.333984375
1106.7454833984375, 1064.1123046875, 1983.333984375
1098.4447021484375, 1069.191162109375, 1983.333984375
1090.14404296875, 1081.5489501953125, 1481.4046630859375
1081.8441162109375, 1093.7982177734375, -393.211669921875
1073.54541015625, 1105.9464111328125, -3564.070068359375
1065.2486572265625, 1117.985595703125, -6077.52392578125
1056.9541015625, 1129.925048828125, -7000.0
1048.66259765625, 1141.764404296875, -7000.0
1040.3746337890625, 1153.5037841796875, -7000.0
1032.0908203125, 1165.14306640625, -7000.0
1023.8115844726562, 1176.6824951171875, -7000.0
1015.5376586914062, 1188.1219482421875, -7000.0
1007.26953125, 1199.46142578125, -7000.0
999.0078125, 1209.82568359375, -7000.0
990.7530517578125, 1209.35205078125, -7000.0
982.5057983398438, 1180.1820068359375, -7000.0
974.2666625976562, 1151.011962890625, -7000.0
966.0361938476562, 1121.8419189453125, -7000.0
957.81494140625, 1092.6719970703125, -7000.0
949.6034545898438, 1063.501953125, -7000.0
941.4024047851562, 1034.3319091796875, -7000.0
933.2122192382812, 1005.1621704101562, -7000.0
925.0335693359375, 975.9922485351562, -7000.0
916.866943359375, 946.8224487304688, -6734.4453125
908.7129516601562, 917.6527709960938, -4077.005615234375
900.5721435546875, 888.4832153320312, -1972.023681640625
892.445068359375, 859.3135986328125, 314.8169250488281
884.332275390625, 832.8035278320312, 1983.333984375
876.234375, 830.4409790039062, 1983.333984375
868.15185546875, 844.84619140625, 1983.333984375
860.0853271484375, 859.1228637695312, 390.3919982910156
852.0353393554688, 873.2800903320312, -1543.175048828125
844.00244140625, 887.31689453125, -3079.64013671875
835.9871826171875, 901.2337036132812, -7000.0
827.9901123046875, 915.0306396484375, -7000.0
820.0117797851562, 928.7075805664062, -7000.0
812.052734375, 942.265625, -7000.0
804.113525390625, 955.7127075195312, -7000.0
796.1947021484375, 969.0407104492188, -7000.0
788.2968139648438, 982.2588500976562, -7000.0
780.42041015625, 994.4837036132812, -7000.0
772.5660400390625, 995.6328125, -7000.0
764.7342529296875, 966.4632568359375, -7000.0
756.925537109375, 937.2936401367188, -7000.0
749.1404418945312, 908.1240234375, -7000.0
741.3795166015625, 878.9544677734375, -7000.0
733.643310546875, 849.784912109375, -7000.0
725.932373046875, 820.6155395507812, -7000.0
718.2471923828125, 791.4462890625, -7000.0
710.5883178710938, 762.2770385742188, -7000.0
702.9562377929688, 733.10791015625, -6756.82568359375
695.3515625, 703.9390258789062, -4057.7802734375
687.7747802734375, 674.7703857421875, -1848.7218017578125
680.2263793945312, 645.6018676757812, 394.3681640625
672.7069091796875, 619.1143798828125, 1983.333984375
665.2168579101562, 616.9661865234375, 1983.333984375
657.7567749023438, 633.199462890625, 1983.333984375
650.3271484375, 649.2936401367188, 1135.8922119140625
642.9285278320312, 665.2485961914062, -957.7374267578125
635.5614013671875, 681.0725708007812, -2774.66552734375
628.2262573242188, 696.756591796875, -7000.0
620.9236450195312, 712.3019409179688, -7000.0
613.654052734375, 727.7173461914062, -7000.0
606.4179077148438, 743.002685546875, -7000.0
599.2158203125, 758.1581420898438, -7000.0
592.0482177734375, 773.1835327148438, -7000.0
584.9156494140625, 788.0791625976562, -7000.0
577.8185424804688, 801.95556640625, -7000.0
570.7574462890625, 804.5446166992188, -7000.0
563.7327880859375, 775.3756713867188, -7000.0
556.7450561523438, 746.2067260742188, -7000.0
549.7947998046875, 717.0368041992188, -7000.0
542.8824462890625, 687.8681030273438, -7000.0
536.0084838867188, 658.6995239257812, -7000.0
529.17333984375, 629.5310668945312, -7000.0
522.3775634765625, 600.3629150390625, -7000.0
515.62158203125, 571.195068359375, -7000.0
508.9058532714844, 542.0275268554688, -7000.0
502.2308654785156, 512.8602294921875, -4521.3818359375
495.5970764160156, 483.69354248046875, -2413.80615234375
489.0049133300781, 454.5273742675781, 597.5065307617188
482.454833984375, 428.0657958984375, 1983.333984375
475.94732666015625, 425.2216491699219, 1983.333984375
469.4828186035156, 435.7951354980469, 1983.333984375
463.061767578125, 453.5751953125, 971.6124877929688
456.6845703125, 471.20599365234375, -219.8285675048828
450.35174560546875, 488.68719482421875, -1251.1583251953125
444.0636291503906, 506.01873779296875, -4934.32763671875
437.82073974609375, 523.200439453125, -7000.0
431.62347412109375, 540.233642578125, -7000.0
425.4722595214844, 557.1257934570312, -7000.0
419.3675231933594, 573.8692626953125, -7000.0
413.3096923828125, 590.4727172851562, -7000.0
407.2991638183594, 606.936279296875, -7000.0
401.33636474609375, 623.2599487304688, -7000.0
395.42169189453125, 638.5457763671875, -7000.0
389.55560302734375, 642.3492431640625, -7000.0
383.7384338378906, 613.181396484375, -7000.0
377.9706115722656, 584.0135498046875, -7000.0
372.2525634765625, 554.8460083007812, -7000.0
366.58465576171875, 525.6787719726562, -7000.0
360.96728515625, 496.5118713378906, -7000.0
355.40081787109375, 467.34539794921875, -7000.0
349.8856506347656, 438.1795349121094, -7000.0
344.42218017578125, 409.0144348144531, -7000.0
339.0107727050781, 379.8501281738281, -7000.0
333.65179443359375, 350.6869812011719, -5251.75
328.34564208984375, 321.52520751953125, -859.8233032226562
323.0926513671875, 292.36529541015625, 548.0709228515625
317.8931579589844, 263.20782470703125, 1983.333984375
312.7475891113281, 239.40237426757812, 1983.333984375
307.65625, 258.86163330078125, 1983.333984375
302.6195068359375, 278.15435791015625, 1983.333984375
297.6376953125, 297.2876892089844, 718.7283325195312
292.711181640625, 316.2534484863281, -1489.3133544921875
287.8403015136719, 335.0600280761719, -3471.157470703125
283.0253601074219, 353.7073669433594, -7000.0
278.2667236328125, 372.1954650878906, -7000.0
273.564697265625, 390.5240783691406, -7000.0
268.91961669921875, 408.6942138671875, -7000.0
264.3318176269531, 426.71356201171875, -7000.0
259.80157470703125, 444.5743103027344, -7000.0
255.32923889160156, 461.3806457519531, -7000.0
250.9150848388672, 466.5052185058594, -7000.0
246.5594482421875, 437.33984375, -7000.0
242.2626190185547, 408.1750793457031, -7000.0
238.02488708496094, 379.01123046875, -7000.0
233.84654235839844, 349.84832763671875, -7000.0
229.72787475585938, 320.6866149902344, -7000.0
225.669189453125, 291.5267333984375, -7000.0
221.6707305908203, 262.3693542480469, -7000.0
217.73280334472656, 233.21531677246094, -5068.876953125
213.85565185546875, 204.06610107421875, -3165.92236328125
210.03956604003906, 174.9241180419922, -304.6025695800781
206.28480529785156, 148.53431701660156, 1983.333984375
202.59161376953125, 145.6774444580078, 1983.333984375
198.96026611328125, 156.19540405273438, 1983.333984375
195.3909912109375, 176.34901428222656, 1806.414794921875
191.88404846191406, 196.33935546875, -91.59080505371094
188.43968200683594, 216.1641845703125, -2732.478271484375
185.05812072753906, 235.82225036621094, -5053.474609375
181.73960876464844, 255.3125457763672, -7000.0
178.48435974121094, 274.63592529296875, -7000.0
175.29261779785156, 293.7994689941406, -7000.0
172.16458129882812, 312.795166015625, -7000.0
169.1004638671875, 331.6317138671875, -7000.0
166.1005096435547, 350.3089904785156, -7000.0
163.16488647460938, 368.82684326171875, -7000.0
160.2938232421875, 386.27508544921875, -7000.0
157.4875030517578, 391.94622802734375, -7000.0
154.74612426757812, 362.7831115722656, -7000.0
152.06988525390625, 333.6211242675781, -7000.0
149.45895385742188, 304.4606018066406, -7000.0
146.91351318359375, 275.3022766113281, -7000.0
144.43374633789062, 246.1466522216797, -7000.0
142.0198211669922, 216.9950714111328, -7000.0
139.67190551757812, 187.84947204589844, -7000.0
137.39015197753906, 158.71319580078125, -5729.5546875
135.1747283935547, 129.592529296875, -1437.8194580078125
133.02578735351562, 100.50094604492188, 984.5305786132812
130.94346618652344, 71.47410583496094, 1983.333984375
128.92791748046875, 47.259178161621094, 1983.333984375
126.97927856445312, 60.92935562133789, 1983.333984375
125.09768676757812, 81.77555847167969, 1983.333984375
123.28326416015625, 102.50791931152344, 1948.177490234375
121.53614044189453, 123.10185241699219, 313.6142272949219
119.85643768310547, 143.53176879882812, -1875.3284912109375
118.24427032470703, 163.79318237304688, -3635.404052734375
116.69974517822266, 183.8917999267578, -7000.0
115.22297668457031, 203.82510375976562, -7000.0
113.81405639648438, 223.5917510986328, -7000.0
112.47309112548828, 243.19091796875, -7000.0
111.20016479492188, 262.6220397949219, -7000.0
109.99537658691406, 281.8857421875, -7000.0
108.85879516601562, 300.0724182128906, -7000.0
107.7905044555664, 306.3654479980469, -7000.0
106.79058837890625, 277.2074279785156, -7000.0
105.85910034179688, 248.052001953125, -7000.0
104.99610900878906, 218.9004364013672, -7000.0
104.2016830444336, 189.75473022460938, -7000.0
103.47586822509766, 160.61769104003906, -7000.0
102.81871032714844, 131.4956817626953, -6566.15234375
102.23027038574219, 102.40151977539062, -2882.974853515625
101.7105712890625, 73.36831665039062, -878.9302978515625
101.25965881347656, 44.51447296142578, 1983.333984375
100.8775634765625, 20.23533821105957, 1983.333984375
100.5643081665039, 26.762649536132812, 1983.333984375
100.3199234008789, 47.45067596435547, 1983.333984375
100.1444091796875, 68.33868408203125, 1983.333984375
100.03779602050781, 89.15774536132812, 808.1336059570312
100.00007629394531, 109.84403991699219, -1726.2188720703125
100.03126525878906, 130.3754119873047, -1747.6177978515625
100.13134765625, 150.75003051757812, -4092.287353515625
100.30033111572266, 170.9545135498047, -7000.0
100.53819274902344, 190.99484252929688, -7000.0
100.84491729736328, 210.8693084716797, -7000.0
101.22048950195312, 230.57679748535156, -7000.0
101.66487884521484, 250.1165771484375, -7000.0
102.17805480957031, 268.5647277832031, -7000.0
102.7599868774414, 275.0657043457031, -7000.0
103.41062927246094, 245.9108123779297, -7000.0
104.12994384765625, 216.7598419189453, -7000.0
104.9178695678711, 187.6146697998047, -7000.0
105.77436065673828, 158.4788818359375, -7000.0
106.69935607910156, 129.35833740234375, -5876.91162109375
107.69279479980469, 100.26712036132812, -1357.9163818359375
108.75460815429688, 71.24108123779297, 676.9765625
109.88471221923828, 42.41425323486328, 1983.333984375
111.08304595947266, 19.9753475189209, 1983.333984375
112.34951782226562, 40.36470031738281, 1983.333984375
113.68403625488281, 61.24005889892578, 1983.333984375
115.08651733398438, 82.09297943115234, 1983.333984375
116.5568618774414, 102.82708740234375, 1141.729248046875
118.094970703125, 123.41175079345703, -881.8536987304688
119.70072937011719, 143.84231567382812, -3064.61865234375
121.37403869628906, 164.10411071777344, -4442.6650390625
123.11477661132812, 184.20143127441406, -7000.0
124.92282104492188, 204.12452697753906, -7000.0
126.79805755615234, 223.88096618652344, -7000.0
128.74034118652344, 243.47103881835938, -7000.0
130.7495574951172, 261.97265625, -7000.0
132.82554626464844, 268.4979248046875, -7000.0
134.9681854248047, 239.34384155273438, -7000.0
137.17730712890625, 210.1940460205078, -7000.0
139.45278930664062, 181.05059814453125, -7000.0
141.79443359375, 151.9176483154297, -4446.87646484375
144.20211791992188, 122.80210876464844, -1233.63134765625
146.67564392089844, 93.72100830078125, 1983.333984375
149.21485900878906, 67.51856231689453, 1983.333984375
151.81959533691406, 66.03594207763672, 1983.333984375
154.48965454101562, 86.86198425292969, 1983.333984375
157.22486877441406, 107.56206512451172, 1983.333984375
160.02503967285156, 128.11094665527344, 1983.333984375
162.88998413085938, 148.50338745117188, 1249.9437255859375
165.81948852539062, 168.72634887695312, -467.2313232421875
168.81336975097656, 188.78591918945312, -2199.87158203125
171.87139892578125, 208.67860412597656, -2948.19091796875
174.99339294433594, 228.39559936523438, -5559.86376953125
178.17910766601562, 247.94606018066406, -7000.0
181.4283447265625, 267.337158203125, -7000.0
184.74087524414062, 286.56085205078125, -7000.0
188.11647033691406, 304.6896057128906, -7000.0
191.5548858642578, 310.8602600097656, -7000.0
195.055908203125, 281.70184326171875, -7000.0
198.61927795410156, 252.54591369628906, -7000.0
202.24476623535156, 223.3936004638672, -5716.939453125
205.93209838867188, 194.24684143066406, -3563.89892578125
209.6810302734375, 165.1081085205078, 391.31463623046875
213.49131774902344, 138.8148193359375, 1983.333984375
217.36268615722656, 136.334228515625, 1983.333984375
221.2948760986328, 149.4081268310547, 1983.333984375
225.28759765625, 169.6186981201172, 1983.333984375
229.34060668945312, 189.66676330566406, 1983.333984375
233.45359802246094, 209.54977416992188, 1983.333984375
237.62628173828125, 229.26707458496094, 630.1881713867188
241.8583984375, 248.81607055664062, -1448.3658447265625
246.149658203125, 268.1971435546875, -3375.169921875
250.49972534179688, 287.41082763671875, -4081.476318359375
254.90834045410156, 306.4644470214844, -6429.29931640625
259.37518310546875, 325.3501281738281, -7000.0
263.8999328613281, 344.07659912109375, -7000.0
268.4822998046875, 362.6436462402344, -7000.0
273.1219787597656, 380.11016845703125, -7000.0
277.818603515625, 385.6774597167969, -7000.0
282.5718994140625, 356.51458740234375, -7000.0
287.3815002441406, 327.3529968261719, -7000.0
292.2471008300781, 298.1928405761719, -3981.135498046875
297.1683654785156, 269.0350646972656, -37.8633918762207
302.14495849609375, 239.8801727294922, 1983.333984375
307.1764831542969, 213.582275390625, 1983.333984375
312.2626647949219, 211.9804229736328, 1983.333984375
317.40313720703125, 231.67555236816406, 1983.333984375
322.5975036621094, 251.20387268066406, 1983.333984375
327.845458984375, 270.5644226074219, 1983.333984375
333.1466064453125, 289.7578430175781, 1983.333984375
338.5005798339844, 308.7912902832031, 1983.333984375
343.90704345703125, 327.6570129394531, 1624.78759765625
349.3655700683594, 346.3634338378906, 727.6698608398438
354.8758544921875, 364.91046142578125, -1598.9638671875
360.4374694824219, 383.2991638183594, -3615.3447265625
366.050048828125, 401.53717041015625, -4149.9658203125
371.7131652832031, 419.6155700683594, -6079.0732421875
377.4264831542969, 436.5892639160156, -7000.0
383.1896057128906, 441.7069091796875, -7000.0
389.0021057128906, 412.54217529296875, -5998.14208984375
394.86358642578125, 383.378173828125, -1037.025146484375
400.773681640625, 354.2150573730469, 1983.333984375
406.73193359375, 325.0533447265625, 1983.333984375
412.7379455566406, 301.4635009765625, 1983.333984375
418.79132080078125, 320.3973693847656, 1983.333984375
424.8916320800781, 339.1715087890625, 1983.333984375
431.0384521484375, 357.77777099609375, 1983.333984375
437.23138427734375, 376.22601318359375, 1983.333984375
443.469970703125, 394.5235595703125, 1983.333984375
449.7537841796875, 412.6617431640625, 1983.333984375
456.0824279785156, 430.6414489746094, 1983.333984375
462.4554138183594, 448.4714050292969, 1480.7860107421875
468.8723449707031, 466.1504821777344, 673.5691528320312
475.332763671875, 483.6709289550781, -1342.1690673828125
481.8362121582031, 501.042724609375, -2954.859375
488.3822326660156, 517.3212890625, -2774.666015625
494.9704284667969, 524.678466796875, -2691.4130859375
501.6003112792969, 517.4187622070312, -1022.5538940429688
508.27142333984375, 488.252197265625, 296.6633605957031
514.9832763671875, 459.0860900878906, 1983.333984375
521.7354736328125, 434.43133544921875, 1983.333984375
528.5275268554688, 444.99310302734375, 1983.333984375
535.3589477539062, 462.70111083984375, 1983.333984375
542.229248046875, 480.2509460449219, 1983.333984375
549.1380004882812, 497.6511535644531, 1983.333984375
556.0846557617188, 514.90283203125, 1983.333984375
563.06884765625, 532.013671875, 1983.333984375
570.0900268554688, 548.9747314453125, 1983.333984375
577.147705078125, 565.7870483398438, 1293.9974365234375
584.2413940429688, 582.45947265625, 501.126953125
591.3706665039062, 598.9909057617188, -1312.0859375
598.5349731445312, 615.37353515625, -2656.135009765625
605.7338256835938, 631.617431640625, -2141.987060546875
612.9667358398438, 646.7734375, -2560.363037109375
620.233154296875, 650.2492065429688, -2523.887451171875
627.53271484375, 621.0811767578125, -1141.67431640625
634.86474609375, 591.9134521484375, 1966.328369140625
642.2288818359375, 565.6416625976562, 1983.333984375
649.6245727539062, 563.7264404296875, 1983.333984375
657.0512084960938, 580.4169311523438, 1983.333984375
664.5084228515625, 596.958984375, 1983.333984375
671.9956665039062, 613.361328125, 1983.333984375
679.5123901367188, 629.6239013671875, 1983.333984375
687.0580444335938, 645.74658203125, 1983.333984375
694.6322021484375, 661.7305908203125, 1983.333984375
702.2342529296875, 677.583984375, 1983.333984375
709.86376953125, 693.298095703125, 1983.333984375
717.5200805664062, 708.8810424804688, 1121.6888427734375
725.2028198242188, 724.3258666992188, 371.9187927246094
732.911376953125, 739.64013671875, -1195.8778076171875
740.6452026367188, 753.86376953125, -2131.865478515625
748.4037475585938, 759.95556640625, -2830.194580078125
756.1865844726562, 759.5830688476562, -2560.183349609375
763.9931030273438, 755.2034301757812, -908.9539794921875
771.82275390625, 750.8236694335938, 771.8336791992188
779.6749877929688, 746.4439086914062, 1983.333984375
787.5493774414062, 743.3974609375, 1983.333984375
795.4451904296875, 751.3226928710938, 1983.333984375
803.362060546875, 766.4063720703125, 1983.333984375
811.2993774414062, 781.3604125976562, 1983.333984375
819.2565307617188, 796.1845092773438, 1983.333984375
827.2330932617188, 810.8799438476562, 1983.333984375
835.2283935546875, 825.4542846679688, 1365.32958984375
843.241943359375, 839.89990234375, 998.286376953125
851.273193359375, 854.224365234375, -56.6472282409668
859.3215942382812, 868.4199829101562, -578.158935546875
867.3865966796875, 882.4956665039062, -1761.4998779296875
875.4675903320312, 896.4513549804688, -3558.00830078125
883.5640869140625, 910.2875366210938, -3095.33154296875
891.6754760742188, 923.0374755859375, -3186.6357421875
899.8012084960938, 924.377685546875, -2496.6796875
907.9407348632812, 895.2083129882812, -397.5291748046875
916.093505859375, 866.0388793945312, 1983.333984375
924.2589721679688, 839.7958984375, 1983.333984375
932.4365234375, 837.6288452148438, 1983.333984375
940.6256103515625, 851.9728393554688, 1983.333984375
948.82568359375, 866.1881713867188, 1983.333984375
957.0361938476562, 880.2836303710938, 1983.333984375
965.2565307617188, 894.25927734375, 1983.333984375
973.4861450195312, 908.1148681640625, 1983.333984375
981.7244873046875, 921.8506469726562, 1983.333984375
989.9710083007812, 935.4674682617188, 1983.333984375
998.22509765625, 948.9732055664062, 1983.333984375
1006.4861450195312, 962.360107421875, 1983.333984375
1014.7537231445312, 975.6358642578125, 1983.333984375
1023.027099609375, 988.792724609375, 1983.333984375
1031.3057861328125, 1001.8396606445312, 1983.333984375
1039.5892333984375, 1014.776611328125, 1983.333984375
1047.8768310546875, 1027.6036376953125, 1983.333984375
1056.1680908203125, 1040.320556640625, 1983.333984375
1064.4622802734375, 1052.9276123046875, 1789.2677001953125
1072.7589111328125, 1065.424560546875, 1136.4298095703125
1081.0574951171875, 1077.8128662109375, 1002.3935546875
1089.3572998046875, 1090.099853515625, 430.7578125
1097.657958984375, 1101.3046875, -433.68011474609375
1105.958740234375, 1105.1915283203125, -745.8525390625
1114.259033203125, 1108.60400390625, -479.6163024902344
1122.558349609375, 1108.6943359375, 712.9320678710938
1130.856201171875, 1108.7843017578125, 1843.2396240234375
1139.15185546875, 1109.31884765625, 1983.333984375
1147.44482421875, 1114.1190185546875, 1983.333984375
1155.7344970703125, 1126.0955810546875, 1983.333984375
1164.0203857421875, 1137.9635009765625, 1983.333984375
1172.3018798828125, 1149.7315673828125, 1983.333984375
1180.5782470703125, 1161.399658203125, 1983.333984375
1188.8492431640625, 1172.9676513671875, 1983.333984375
1197.114013671875, 1184.4359130859375, 1983.333984375
1205.3720703125, 1195.8040771484375, 1704.102783203125
1213.6229248046875, 1207.073486328125, 1104.4080810546875
1221.865966796875, 1218.251708984375, 1151.809326171875
1230.1005859375, 1229.3310546875, 882.1376342773438
1238.3262939453125, 1240.3192138671875, 320.5460205078125
1246.5423583984375, 1250.23193359375, -397.4154968261719
1254.7484130859375, 1252.8487548828125, -437.1536560058594
1262.9437255859375, 1255.1370849609375, 203.42332458496094
1271.1279296875, 1255.197021484375, 799.7586059570312
1279.30029296875, 1255.5567626953125, 1983.333984375
1287.460205078125, 1259.1024169921875, 1983.333984375
1295.6072998046875, 1269.83154296875, 1983.333984375
1303.740966796875, 1280.470703125, 1983.333984375
1311.8604736328125, 1291.0198974609375, 1983.333984375
1319.9654541015625, 1301.479248046875, 1983.333984375
1328.05517578125, 1311.8485107421875, 1983.333984375
1336.1292724609375, 1322.1278076171875, 1983.333984375
1344.1871337890625, 1332.3172607421875, 1983.333984375
1352.2281494140625, 1342.417724609375, 1875.512939453125
1360.251708984375, 1352.43701171875, 1554.4954833984375
1368.2574462890625, 1362.3675537109375, 1038.98583984375
1376.24462890625, 1372.217041015625, 345.7684631347656
1384.2127685546875, 1381.9775390625, 433.7304382324219
1392.161376953125, 1391.656982421875, 328.7051696777344
1400.08984375, 1400.2659912109375, 160.8722686767578
1407.9976806640625, 1401.5745849609375, 776.6582641601562
1415.8841552734375, 1402.706787109375, 1209.8359375
1423.7490234375, 1403.690185546875, 1983.333984375
1431.5914306640625, 1405.4381103515625, 1983.333984375
1439.4111328125, 1413.6981201171875, 1983.333984375
1447.207275390625, 1421.958251953125, 1983.333984375
1454.9796142578125, 1430.2183837890625, 1983.333984375
1462.7275390625, 1438.478515625, 1983.333984375
1470.450439453125, 1446.7386474609375, 1983.333984375
1478.147705078125, 1454.9990234375, 1983.333984375
1485.819091796875, 1463.25927734375, 1983.333984375
1493.4637451171875, 1471.519775390625, 1983.333984375
1501.081298828125, 1479.7799072265625, 1983.333984375
1508.6712646484375, 1488.0401611328125, 1983.333984375
1516.233154296875, 1496.3001708984375, 1983.333984375
1523.7662353515625, 1504.5604248046875, 1983.333984375
1531.2701416015625, 1512.82080078125, 1983.333984375
1538.744384765625, 1521.0810546875, 1983.333984375
1546.1883544921875, 1529.34130859375, 1983.333984375
1553.6015625, 1537.613037109375, 1983.333984375
1560.9835205078125, 1545.8731689453125, 1983.333984375
1568.333740234375, 1554.133544921875, 1983.333984375
1575.6517333984375, 1562.393798828125, 1983.333984375
1582.9368896484375, 1570.6541748046875, 1983.333984375
1590.1888427734375, 1578.9146728515625, 1983.333984375
1597.406982421875, 1587.175048828125, 1983.333984375
1604.5908203125, 1595.4354248046875, 1983.333984375
1611.7398681640625, 1603.6956787109375, 1883.6314697265625
1618.853759765625, 1611.9561767578125, 1657.730224609375
1625.9317626953125, 1620.2166748046875, 1307.8187255859375
1632.9736328125, 1628.4775390625, 835.948486328125
