1553.411865234375, 1573.39453125, -1779.2520751953125
1545.997802734375, 1566.0447998046875, -3476.93212890625
1538.5531005859375, 1558.6650390625, -2270.95263671875
1531.078125, 1566.908447265625, -2926.52783203125
1523.5733642578125, 1575.156982421875, -5353.9326171875
1516.03955078125, 1591.6680908203125, -6087.7734375
1500.8863525390625, 1599.92333984375, -7000.0
1493.26806640625, 1616.43115234375, -7000.0
1477.95068359375, 1624.6905517578125, -7000.0
1470.252685546875, 1632.953125, -7000.0
1462.5291748046875, 1635.94091796875, -7000.0
1454.7806396484375, 1617.314697265625, -7000.0
1447.0076904296875, 1588.14501953125, -7000.0
1439.2108154296875, 1558.975830078125, -7000.0
1431.390625, 1529.8065185546875, -7000.0
1423.5474853515625, 1500.6370849609375, -7000.0
1415.68212890625, 1471.4671630859375, -7000.0
1407.7950439453125, 1442.2965087890625, -7000.0
1399.88671875, 1413.125244140625, -4818.0927734375
1391.957763671875, 1383.953369140625, -3140.005859375
1384.0086669921875, 1354.7808837890625, 188.1156463623047
1376.0400390625, 1341.4464111328125, 1983.333984375
1368.0523681640625, 1341.04443359375, 1983.333984375
1360.046142578125, 1358.078369140625, 872.4754028320312
1343.980712890625, 1367.9583740234375, -1395.1123046875
1335.9224853515625, 1377.7547607421875, -2766.6884765625
1327.847900390625, 1387.465087890625, -6105.5068359375
1319.7576904296875, 1397.092041015625, -7000.0
1311.65234375, 1405.9427490234375, -7000.0
1303.532470703125, 1414.262939453125, -7000.0
1295.3985595703125, 1430.781005859375, -7000.0
1279.0908203125, 1439.0401611328125, -7000.0
1270.9180908203125, 1450.2783203125, -7000.0
1254.5380859375, 1431.6280517578125, -7000.0
1246.331787109375, 1373.28662109375, -7000.0
1229.8895263671875, 1344.115966796875, -7000.0
1221.6546630859375, 1314.9454345703125, -7000.0
1213.411376953125, 1285.7750244140625, -7000.0
1205.160400390625, 1256.6046142578125, -7000.0
1196.902099609375, 1227.434326171875, -6799.638671875
1188.63720703125, 1198.26416015625, -4216.818359375
1180.3660888671875, 1139.9237060546875, -1183.1361083984375
1163.807861328125, 1110.753662109375, 1983.333984375
1155.52197265625, 1103.6240234375, 1983.333984375
1138.9390869140625, 1115.6898193359375, 1983.333984375
1130.643310546875, 1139.5052490234375, 980.0797119140625
1114.046142578125, 1151.26123046875, -2810.1083984375
1105.7457275390625, 1162.917236328125, -5868.46240234375
1097.445068359375, 1174.4732666015625, -7000.0
1089.1444091796875, 1185.929443359375, -7000.0
1080.8446044921875, 1197.285400390625, -7000.0
1072.546142578125, 1208.5478515625, -7000.0
1064.24951171875, 1219.7139892578125, -7000.0
1055.955322265625, 1230.7801513671875, -7000.0
1047.664306640625, 1236.51025390625, -7000.0
1039.376708984375, 1218.8267822265625, -7000.0
1031.0933837890625, 1189.65673828125, -7000.0
1022.8148193359375, 1160.4866943359375, -7000.0
1014.5415649414062, 1131.316650390625, -7000.0
1006.2742309570312, 1102.146728515625, -7000.0
998.0133056640625, 1072.976806640625, -7000.0
989.7593994140625, 1043.806884765625, -7000.0
981.5131225585938, 1014.636962890625, -7000.0
973.2749633789062, 985.4671020507812, -4701.19384765625
965.0455932617188, 956.29736328125, -2947.03515625
956.8255004882812, 927.1275634765625, 4.0428924560546875
948.615234375, 913.83544921875, 1983.333984375
940.4154052734375, 915.7901000976562, 1983.333984375
932.2266235351562, 926.5201416015625, 999.3955688476562
924.0493774414062, 940.1028442382812, -370.12420654296875
915.88427734375, 953.5656127929688, -1320.2059326171875
907.7318115234375, 966.9149169921875, -4683.611328125
899.5926513671875, 980.1478881835938, -7000.0
891.4672241210938, 993.2673950195312, -7000.0
883.356201171875, 1006.2767944335938, -7000.0
875.2601318359375, 1031.9658203125, -7000.0
859.114990234375, 1044.6453857421875, -7000.0
851.0670166015625, 1057.2152099609375, -7000.0
843.0361938476562, 1069.6746826171875, -7000.0
835.0230712890625, 1076.7750244140625, -7000.0
827.0282592773438, 1059.556884765625, -7000.0
819.0521850585938, 1030.38720703125, -7000.0
811.0955200195312, 972.047607421875, -7000.0
795.242431640625, 942.8779296875, -7000.0
787.3471069335938, 884.5386352539062, -7000.0
771.6216430664062, 855.3692016601562, -7000.0
763.7925415039062, 797.0303955078125, -5217.42138671875
748.2044677734375, 767.8612060546875, -3862.03857421875
740.446533203125, 738.6921997070312, -2950.184814453125
732.7133178710938, 696.25390625, -207.83778381347656
717.3234252929688, 691.8741455078125, 948.4757080078125
709.667724609375, 695.9559936523438, 855.2777099609375
694.4375610351562, 711.5115356445312, -623.6766357421875
686.8641967773438, 742.227294921875, -3252.33203125
671.8032836914062, 757.3832397460938, -7000.0
664.3168334960938, 772.409423828125, -7000.0
656.8603515625, 802.0881958007812, -7000.0
642.0396118164062, 816.7344360351562, -7000.0
634.6763305664062, 845.6533813476562, -7000.0
620.04638671875, 859.9261474609375, -7000.0
612.78076171875, 868.8222045898438, -7000.0
605.5487670898438, 852.2178955078125, -7000.0
598.3507690429688, 823.0487670898438, -7000.0
591.1873779296875, 793.8795776367188, -7000.0
584.0590209960938, 764.7105102539062, -7000.0
576.9662475585938, 735.5415649414062, -7000.0
569.9094848632812, 706.3716430664062, -7000.0
562.8892822265625, 677.202880859375, -7000.0
555.906005859375, 648.034423828125, -7000.0
548.9603271484375, 618.8662719726562, -7000.0
542.0525512695312, 589.6982421875, -7000.0
535.1832275390625, 560.530517578125, -6205.875
528.352783203125, 531.3631591796875, -2894.8173828125
521.561767578125, 502.1962890625, -14.27203369140625
514.8106079101562, 473.0298767089844, 1983.333984375
508.09979248046875, 459.78643798828125, 1983.333984375
501.42974853515625, 455.4070739746094, 1983.333984375
494.8009338378906, 465.1654357910156, 1983.333984375
488.2138366699219, 482.69610595703125, 545.8004760742188
481.6688537597656, 500.0773010253906, -1069.204833984375
475.16650390625, 517.308837890625, -2493.699951171875
468.70721435546875, 534.3970336914062, -6542.099609375
462.2914123535156, 551.339111328125, -7000.0
455.9195556640625, 568.1377563476562, -7000.0
449.5920715332031, 584.7901611328125, -7000.0
443.30938720703125, 601.2989501953125, -7000.0
437.07196044921875, 617.66796875, -7000.0
430.8802185058594, 633.89697265625, -7000.0
424.7345886230469, 660.6712646484375, -7000.0
412.58331298828125, 644.67431640625, -7000.0
406.5784912109375, 615.50634765625, -7000.0
400.6214904785156, 586.3385009765625, -7000.0
394.712646484375, 557.1710205078125, -7000.0
388.8524169921875, 528.0037841796875, -7000.0
383.0411682128906, 498.8369140625, -7000.0
377.2793273925781, 440.49615478515625, -6931.78173828125
365.90545654296875, 411.33111572265625, -7000.0
360.294189453125, 382.1669921875, -5805.7392578125
354.73388671875, 353.0039367675781, -1969.186279296875
349.2249450683594, 323.84124755859375, -145.22174072265625
343.7677001953125, 294.68145751953125, 1983.333984375
338.36260986328125, 290.47137451171875, 1983.333984375
333.0099792480469, 306.11810302734375, 1983.333984375
327.7101745605469, 325.00787353515625, 1014.6680297851562
322.4635925292969, 343.7388610839844, -949.0265502929688
317.2705993652344, 362.3115234375, -2708.7509765625
312.13153076171875, 380.7241516113281, -7000.0
307.0467529296875, 398.9773864746094, -7000.0
302.0166015625, 417.0775146484375, -7000.0
297.04144287109375, 435.02154541015625, -7000.0
292.1216125488281, 452.8123474121094, -7000.0
287.2574462890625, 487.944580078125, -7000.0
277.69744873046875, 505.28607177734375, -7000.0
273.00225830078125, 501.6050720214844, -7000.0
263.7831726074219, 472.43902587890625, -7000.0
259.2598876953125, 443.2723388671875, -7000.0
254.79454040527344, 414.107421875, -7000.0
250.38742065429688, 384.9432678222656, -7000.0
246.03884887695312, 355.7800598144531, -7000.0
241.74911499023438, 326.61834716796875, -7000.0
237.51852416992188, 297.4583740234375, -7000.0
233.34735107421875, 268.30078125, -7000.0
229.23590087890625, 239.14637756347656, -4430.9501953125
225.1844482421875, 209.9966278076172, -1941.9168701171875
221.19326782226562, 180.85366821289062, 519.8517456054688
217.26263427734375, 167.6753387451172, 1983.333984375
213.39283752441406, 163.301025390625, 1983.333984375
209.58412170410156, 174.70896911621094, 1983.333984375
205.8367462158203, 194.7171173095703, 916.27685546875
202.1510009765625, 234.22035217285156, -451.8810729980469
194.96533203125, 253.72584533691406, -3802.592041015625
191.46591186523438, 273.06683349609375, -7000.0
188.0290985107422, 292.23931884765625, -7000.0
184.65512084960938, 311.24932861328125, -7000.0
181.34420776367188, 330.10028076171875, -7000.0
178.0966033935547, 348.79193115234375, -7000.0
174.9125213623047, 385.697021484375, -7000.0
168.73577880859375, 398.6302490234375, -7000.0
165.74354553222656, 354.1991882324219, -7000.0
159.95240783691406, 325.0378112792969, -7000.0
157.15390014648438, 295.878173828125, -7000.0
154.4203643798828, 266.7208251953125, -7000.0
151.75196838378906, 237.56668090820312, -7000.0
149.14892578125, 208.417236328125, -7000.0
146.61138916015625, 179.27476501464844, -7000.0
144.13954162597656, 150.143310546875, -3973.986328125
141.73355102539062, 121.0308837890625, -862.5162353515625
139.3936004638672, 91.95552825927734, 1983.333984375
137.1198272705078, 78.84751892089844, 1983.333984375
134.9123992919922, 90.69137573242188, 1983.333984375
132.77146911621094, 111.35871124267578, 1983.333984375
130.6971893310547, 131.8779296875, 398.6386413574219
128.689697265625, 152.23544311523438, -1780.3271484375
126.7491226196289, 172.42849731445312, -3560.4189453125
124.8756103515625, 212.30506896972656, -5045.6513671875
121.33027648925781, 231.9917755126953, -7000.0
119.65870666503906, 251.5172576904297, -7000.0
118.05467224121094, 270.8780517578125, -7000.0
116.51830291748047, 290.07025146484375, -7000.0
115.04969787597656, 309.1000061035156, -7000.0
113.64896392822266, 322.6786804199219, -7000.0
112.3161849975586, 307.61236572265625, -7000.0
111.05146026611328, 278.4544372558594, -7000.0
109.85487365722656, 249.29920959472656, -7000.0
108.72651672363281, 220.14796447753906, -7000.0
107.66645812988281, 191.00244140625, -7000.0
106.67477416992188, 161.8659210205078, -7000.0
105.75154113769531, 132.7433624267578, -6372.56298828125
104.89680480957031, 103.64972686767578, -2535.9541015625
104.11063385009766, 74.6164321899414, -415.3332214355469
103.39308166503906, 45.75852584838867, 1983.333984375
102.74420166015625, 41.55043411254883, 1983.333984375
102.1640396118164, 50.689781188964844, 1983.333984375
101.65261840820312, 67.40277862548828, 1983.333984375
101.20999908447266, 88.22590637207031, 1050.300537109375
100.83618927001953, 108.92085266113281, -1293.9547119140625
100.5312271118164, 129.4622344970703, -1173.8924560546875
100.29513549804688, 149.83860778808594, -3423.111083984375
100.12792205810547, 170.05105590820312, -7000.0
100.02960205078125, 190.09982299804688, -7000.0
100.00018310546875, 209.97647094726562, -7000.0
100.03966522216797, 229.6827392578125, -7000.0
100.1480484008789, 249.2278289794922, -7000.0
100.32532501220703, 268.6082763671875, -7000.0
100.57148742675781, 287.8202209472656, -7000.0
100.88650512695312, 301.577880859375, -7000.0
101.2703628540039, 286.5473937988281, -7000.0
101.72303771972656, 257.390380859375, -7000.0
102.24449920654297, 228.23794555664062, -7000.0
102.83470916748047, 199.09078979492188, -7000.0
103.49362182617188, 169.951416015625, -7000.0
104.22119903564453, 140.82489013671875, -7000.0
105.01738739013672, 111.72154998779297, -4044.887939453125
105.88213348388672, 82.66475677490234, -626.322509765625
106.81537628173828, 53.734012603759766, 1983.333984375
107.81705474853516, 25.35956573486328, 1983.333984375
108.88709259033203, 28.7176570892334, 1983.333984375
110.02542114257812, 49.44839859008789, 1983.333984375
111.23196411132812, 70.3312759399414, 1983.333984375
112.50663757324219, 91.13765716552734, 1983.333984375
113.84934997558594, 111.80870819091797, 752.7841796875
115.26000213623047, 132.32339477539062, -698.3038940429688
116.73851776123047, 152.67828369140625, -1414.9127197265625
118.28477478027344, 172.8653106689453, -4232.0673828125
119.898681640625, 192.88467407226562, -7000.0
121.58011627197266, 212.73814392089844, -7000.0
123.32896423339844, 232.431884765625, -7000.0
125.14511108398438, 251.95059204101562, -7000.0
127.0284194946289, 266.0004577636719, -7000.0
128.97877502441406, 251.03146362304688, -7000.0
130.99603271484375, 221.8802947998047, -7000.0
133.08006286621094, 192.7346649169922, -7000.0
135.230712890625, 163.5978546142578, -6535.8671875
137.44784545898438, 134.4754180908203, -2502.82177734375
139.73129272460938, 105.37953186035156, 185.92701721191406
142.08090209960938, 76.34090423583984, 1983.333984375
144.49652099609375, 74.35565185546875, 1983.333984375
146.9779815673828, 92.2625503540039, 1983.333984375
149.5251007080078, 112.92178344726562, 1983.333984375
152.13771057128906, 133.42539978027344, 1734.31494140625
154.8156280517578, 153.76974487304688, 433.83074951171875
157.5586700439453, 173.9464111328125, -931.0751342773438
160.3666534423828, 193.9556884765625, -1372.4423828125
163.2393798828125, 213.79917907714844, -3735.8291015625
166.17665100097656, 233.47564697265625, -7000.0
169.17825317382812, 252.98435974121094, -7000.0
172.24400329589844, 272.33203125, -7000.0
175.37368774414062, 291.51385498046875, -7000.0
178.5670623779297, 324.0798645019531, -7000.0
185.14407348632812, 308.90460205078125, -7000.0
188.52723693847656, 250.59117126464844, -6862.8994140625
195.4817657470703, 221.43972778320312, -6136.24755859375
199.05262756347656, 192.2938995361328, -1698.8787841796875
202.68556213378906, 163.15684509277344, 642.91943359375
206.38034057617188, 134.03453063964844, 1983.333984375
210.1366729736328, 137.04476928710938, 1983.333984375
213.95433044433594, 157.35903930664062, 1983.333984375
217.83303833007812, 177.50592041015625, 1983.333984375
221.7725372314453, 197.48536682128906, 1983.333984375
225.7725372314453, 217.2996368408203, 633.0086669921875
229.832763671875, 236.94631958007812, -1473.78857421875
233.95297241210938, 256.4252624511719, -3446.748291015625
238.13282775878906, 275.7424011230469, -4228.22998046875
242.37208557128906, 294.8943176269531, -6678.32568359375
246.67044067382812, 313.8838195800781, -7000.0
251.02757263183594, 332.7142028808594, -7000.0
255.44322204589844, 364.5674743652344, -7000.0
264.4487609863281, 349.2420959472656, -7000.0
269.0380554199219, 320.0811767578125, -7000.0
273.6846008300781, 290.9219970703125, -5272.62255859375
278.3880615234375, 261.7642517089844, -2581.063720703125
283.1481628417969, 232.61090087890625, 1125.29052734375
287.96453857421875, 219.5432891845703, 1983.333984375
292.83685302734375, 230.75518798828125, 1983.333984375
297.7648010253906, 250.28843688964844, 1983.333984375
302.7480163574219, 269.6576232910156, 1983.333984375
307.7861633300781, 288.8586730957031, 1895.2703857421875
312.8788757324219, 307.8974914550781, 1175.4031982421875
318.0258483886719, 326.7774658203125, -1062.516845703125
323.2267150878906, 345.4982604980469, -3036.792236328125
328.4810791015625, 364.0597229003906, -3609.56103515625
333.7886047363281, 382.461669921875, -5652.75048828125
339.14892578125, 400.7041015625, -7000.0
344.5616760253906, 418.78692626953125, -7000.0
350.0264587402344, 436.7165832519531, -7000.0
355.5429382324219, 449.1712646484375, -7000.0
361.1107177734375, 433.5638732910156, -7000.0
366.7294006347656, 404.3994140625, -7000.0
372.3985900878906, 375.2358093261719, -3627.326904296875
378.1179504394531, 346.07330322265625, -937.3782958984375
383.88702392578125, 316.9121398925781, 1983.333984375
389.7054443359375, 308.1222229003906, 1983.333984375
395.5727844238281, 321.1522521972656, 1983.333984375
401.48870849609375, 339.91522216796875, 1983.333984375
407.4527282714844, 358.51580810546875, 1983.333984375
413.4644775390625, 376.9572448730469, 1983.333984375
419.5235290527344, 395.2457275390625, 1983.333984375
425.62945556640625, 413.3782958984375, 1249.1348876953125
431.7818603515625, 431.3578186035156, 157.410888671875
437.98028564453125, 449.1811218261719, -613.0057983398438
444.224365234375, 466.8511962890625, -2652.821044921875
450.51361083984375, 484.3714599609375, -3049.9794921875
456.84759521484375, 501.7419738769531, -4690.57373046875
463.2259216308594, 518.9625854492188, -7000.0
469.6481018066406, 530.7094116210938, -7000.0
476.11370849609375, 514.8336791992188, -7000.0
482.622314453125, 485.6673583984375, -3653.088623046875
489.1734619140625, 456.5014953613281, -784.4904174804688
495.7666931152344, 427.336181640625, 1983.333984375
502.40155029296875, 418.83538818359375, 1983.333984375
509.0776062011719, 431.4061584472656, 1983.333984375
515.7943725585938, 449.2292785644531, 1983.333984375
522.5513916015625, 466.8988037109375, 1983.333984375
529.34814453125, 484.4187927246094, 1983.333984375
536.1842651367188, 501.7890625, 1983.333984375
543.0592651367188, 519.0096435546875, 1983.333984375
549.9725952148438, 536.080322265625, 1555.2738037109375
556.923828125, 553.0077514648438, 965.3489990234375
563.9124755859375, 569.788818359375, -699.520263671875
570.9380493164062, 586.426513671875, -1919.179931640625
578.0001220703125, 602.9242553710938, -1331.595703125
585.09814453125, 619.2820434570312, -1833.2415771484375
592.2316284179688, 630.1644287109375, -2738.8212890625
599.400146484375, 613.965087890625, -924.5573120117188
606.6030883789062, 555.6300048828125, 1071.16162109375
621.1105346679688, 526.462890625, 1983.333984375
628.4140014648438, 522.0741577148438, 1983.333984375
635.7499389648438, 536.2579956054688, 1983.333984375
643.117919921875, 553.1847534179688, 1983.333984375
650.517333984375, 569.9653930664062, 1983.333984375
657.94775390625, 586.602783203125, 1983.333984375
665.4085693359375, 603.100341796875, 1983.333984375
672.8993530273438, 619.4515991210938, 1983.333984375
680.4196166992188, 635.6594848632812, 1983.333984375
687.96875, 651.73388671875, 1983.333984375
695.5462646484375, 667.6719360351562, 1983.333984375
703.1516723632812, 683.4706420898438, 1983.333984375
710.784423828125, 699.1353149414062, 1456.9849853515625
718.4439697265625, 714.6635131835938, 1013.6107788085938
726.1298217773438, 730.0582885742188, -274.8431091308594
733.8414306640625, 739.9886474609375, -447.2101745605469
741.5782470703125, 745.4424438476562, -349.59710693359375
749.3397827148438, 750.0330200195312, -1179.9368896484375
757.12548828125, 748.77587890625, -935.0261840820312
764.934814453125, 747.3539428710938, 352.7611389160156
772.7672119140625, 747.5139770507812, 1512.3253173828125
780.6221923828125, 752.0784912109375, 1983.333984375
788.4991455078125, 764.3019409179688, 1983.333984375
796.3975830078125, 779.2763061523438, 1983.333984375
804.31689453125, 794.1209106445312, 1383.34814453125
812.2566528320312, 808.835693359375, 994.4074096679688
820.2161865234375, 823.4271240234375, -119.85023498535156
828.1950073242188, 837.89208984375, -706.441162109375
836.1925659179688, 852.2335815429688, -1989.754150390625
844.208251953125, 866.4551391601562, -1092.8951416015625
852.2416381835938, 880.5501098632812, -934.6093139648438
860.2920532226562, 894.5216674804688, -1461.9024658203125
868.3589477539062, 908.373291015625, -2624.862060546875
876.44189453125, 922.1113891601562, -4376.88916015625
884.5401611328125, 930.3939208984375, -6062.32666015625
892.6533203125, 913.2495727539062, -4772.77490234375
900.78076171875, 884.0801391601562, -2105.384033203125
908.9219360351562, 854.9107666015625, 1983.333984375
917.0762329101562, 841.90771484375, 1983.333984375
925.2431640625, 849.7229614257812, 1983.333984375
933.4221801757812, 863.964111328125, 1983.333984375
941.6126098632812, 878.078857421875, 1983.333984375
949.81396484375, 892.0703125, 1983.333984375
958.0256958007812, 905.9417114257812, 1983.333984375
966.2471923828125, 919.6997680664062, 1983.333984375
974.4779052734375, 933.3418579101562, 1983.333984375
982.7172241210938, 946.8634033203125, 1983.333984375
990.9646606445312, 960.2715454101562, 1983.333984375
999.2196044921875, 973.5631713867188, 1983.333984375
1007.4815063476562, 986.7412719726562, 1983.333984375
1015.7498168945312, 999.8094482421875, 1983.333984375
1024.02392578125, 1012.7610473632812, 1719.0869140625
1032.30322265625, 1025.599365234375, 958.8650512695312
1040.587158203125, 1038.327392578125, 682.5756225585938
1048.875244140625, 1050.9456787109375, -63.12043762207031
1057.1668701171875, 1058.1083984375, -635.2772827148438
1065.46142578125, 1062.0166015625, -672.9191284179688
1073.75830078125, 1063.3704833984375, 87.30461883544922
1082.0570068359375, 1063.470458984375, 805.8655395507812
1090.35693359375, 1063.570556640625, 1983.333984375
1098.6575927734375, 1071.7073974609375, 1983.333984375
1106.9583740234375, 1084.04541015625, 1983.333984375
1115.258544921875, 1096.2733154296875, 1983.333984375
1123.5577392578125, 1108.39794921875, 1983.333984375
1131.8553466796875, 1120.422607421875, 1843.92822265625
1140.1507568359375, 1132.3406982421875, 1308.5472412109375
1148.443359375, 1144.155517578125, 408.4004821777344
1156.732666015625, 1155.8707275390625, 114.73528289794922
1165.0179443359375, 1167.485595703125, -533.91748046875
1173.298828125, 1179.0001220703125, -642.0936279296875
1181.57470703125, 1190.4149169921875, -1104.07275390625
1189.8448486328125, 1207.610595703125, -1557.23779296875
1206.3662109375, 1205.7890625, -895.5170288085938
1214.6160888671875, 1201.4093017578125, 333.6199951171875
1222.858154296875, 1197.029296875, 1983.333984375
1231.0916748046875, 1192.6492919921875, 1983.333984375
1239.3162841796875, 1198.5224609375, 1983.333984375
1247.53125, 1209.7735595703125, 1983.333984375
1255.7359619140625, 1220.9281005859375, 1983.333984375
1263.9300537109375, 1231.982666015625, 1983.333984375
1272.11279296875, 1242.9437255859375, 1983.333984375
1280.28369140625, 1253.815185546875, 1983.333984375
1288.442138671875, 1264.58984375, 1983.333984375
1296.587646484375, 1275.27099609375, 1983.333984375
1304.719482421875, 1285.8623046875, 1983.333984375
1312.83740234375, 1296.3636474609375, 1983.333984375
1320.9405517578125, 1306.77490234375, 1983.333984375
1329.0284423828125, 1317.0960693359375, 1983.333984375
1337.1005859375, 1327.327392578125, 1856.6861572265625
1345.156494140625, 1337.4752197265625, 1506.900390625
1353.1954345703125, 1347.536376953125, 953.0262451171875
1361.2169189453125, 1357.5076904296875, 1155.5482177734375
1369.2203369140625, 1367.3955078125, 1141.9696044921875
1377.205322265625, 1371.8404541015625, 596.5459594726562
1385.171142578125, 1373.4141845703125, 811.556396484375
1393.1173095703125, 1374.9713134765625, 1748.5999755859375
1401.0433349609375, 1381.871826171875, 1983.333984375
1408.9486083984375, 1391.5494384765625, 1983.333984375
1416.83251953125, 1400.8984375, 1983.333984375
1424.6947021484375, 1409.4801025390625, 1983.333984375
1432.534423828125, 1417.740234375, 1983.333984375
1440.351318359375, 1426.0003662109375, 1983.333984375
1448.1446533203125, 1434.2603759765625, 1983.333984375
1455.9140625, 1442.5205078125, 1983.333984375
1463.658935546875, 1450.7806396484375, 1983.333984375
1471.3787841796875, 1459.040771484375, 1983.333984375
1479.072998046875, 1467.3009033203125, 1983.333984375
1486.7410888671875, 1475.56103515625, 1983.333984375
1494.382568359375, 1483.8212890625, 1983.333984375
1501.9969482421875, 1492.081298828125, 1983.333984375
1509.58349609375, 1500.3414306640625, 1983.333984375
1517.141845703125, 1508.6015625, 1940.296142578125
1524.6715087890625, 1516.8616943359375, 1815.8521728515625
1532.171875, 1525.1217041015625, 1610.705322265625
1539.6424560546875, 1533.3822021484375, 1325.440185546875
1547.082763671875, 1541.642333984375, 960.6397094726562
1554.4923095703125, 1549.9024658203125, 516.7600708007812
1561.8704833984375, 1558.16259765625, 936.24853515625
1569.216796875, 1566.4227294921875, 288.12298583984375
1576.5308837890625, 1574.682861328125, 506.2433166503906
1583.81201171875, 1582.943115234375, 601.44140625
1591.0599365234375, 1585.793701171875, 253.1283721923828
1598.27392578125, 1585.7939453125, 747.8927001953125
1605.45361328125, 1591.2039794921875, 1420.4364013671875
1612.5985107421875, 1599.4639892578125, 1931.7177734375
1619.7080078125, 1607.7239990234375, 1983.333984375
1626.78173828125, 1615.9840087890625, 1983.333984375
1633.8192138671875, 1624.2442626953125, 1983.333984375
1640.81982421875, 1632.50439453125, 1915.00927734375
1647.7833251953125, 1640.7645263671875, 1701.733154296875
1654.708984375, 1649.024658203125, 1346.4222412109375
1661.5963134765625, 1657.284912109375, 851.8056640625
1668.445068359375, 1665.5450439453125, 1162.5035400390625
1675.254638671875, 1673.80517578125, 349.5983581542969
1682.0245361328125, 1682.0653076171875, 348.8971252441406
1688.75439453125, 1690.325439453125, 173.12359619140625
1695.4437255859375, 1693.172119140625, 445.9747619628906
1702.0919189453125, 1693.17236328125, 524.0078125
1708.6986083984375, 1693.1724853515625, 1354.283447265625
1715.263427734375, 1698.5899658203125, 1983.333984375
1721.785888671875, 1706.8502197265625, 1983.333984375
1728.2655029296875, 1715.110107421875, 1983.333984375
1734.7017822265625, 1723.3702392578125, 1983.333984375
1741.09423828125, 1731.63037109375, 1983.333984375
1747.442626953125, 1739.8905029296875, 1828.0704345703125
1753.7464599609375, 1748.150634765625, 1456.705322265625
1760.005126953125, 1756.410888671875, 874.8746337890625
1766.2183837890625, 1764.67138671875, 1029.9462890625
1772.3857421875, 1772.9315185546875, 937.7805786132812
1778.5067138671875, 1781.1917724609375, 605.4305419921875
1784.5809326171875, 1789.451904296875, 39.55459213256836
1790.6080322265625, 1792.291015625, -133.12974548339844
1796.587646484375, 1792.291259765625, 387.2112731933594
1802.51904296875, 1792.2913818359375, 618.3104858398438
1808.4022216796875, 1792.2913818359375, 1511.18115234375
1814.2364501953125, 1797.71337890625, 1983.333984375
1820.0216064453125, 1805.9732666015625, 1983.333984375
1825.757080078125, 1814.2333984375, 1983.333984375
1831.4425048828125, 1822.4935302734375, 1983.333984375
1837.0775146484375, 1830.753662109375, 1687.8614501953125
1842.661865234375, 1839.0137939453125, 1100.955322265625
1848.1949462890625, 1847.2740478515625, 1173.4031982421875
1853.676513671875, 1855.5341796875, 924.258056640625
1859.1060791015625, 1863.7943115234375, 363.6341247558594
1864.4833984375, 1872.054443359375, -1.046136498451233
1869.80810546875, 1880.314697265625, -683.4151611328125
1875.0797119140625, 1888.5748291015625, -1673.665771484375
1880.2978515625, 1891.4100341796875, -2341.6279296875
1885.4622802734375, 1888.533203125, -2055.837890625
1890.5726318359375, 1884.1531982421875, -698.1798095703125
1895.6285400390625, 1879.77294921875, 1173.7218017578125
1900.6295166015625, 1875.39306640625, 1983.333984375
1905.5753173828125, 1873.890625, 1983.333984375
1910.4656982421875, 1879.3175048828125, 1983.333984375
1915.3001708984375, 1887.5775146484375, 1983.333984375
1920.0784912109375, 1895.8375244140625, 1983.333984375
1924.8004150390625, 1904.0975341796875, 1983.333984375
1929.46533203125, 1912.357666015625, 1983.333984375
1934.0732421875, 1920.6181640625, 1983.333984375
1938.62353515625, 1928.87841796875, 1983.333984375
1943.1160888671875, 1937.1385498046875, 1648.6461181640625
1947.5506591796875, 1945.3990478515625, 892.8683471679688
1951.9267578125, 1953.6593017578125, 672.4749145507812
1956.244140625, 1961.91943359375, 11.907064437866211
1960.5025634765625, 1970.179931640625, -575.830078125
1964.70166015625, 1973.00927734375, -977.360595703125
1968.8411865234375, 1970.1295166015625, -555.4219360351562
1972.9207763671875, 1965.74951171875, 315.8094787597656
1976.9403076171875, 1961.3692626953125, 1162.7257080078125
1980.8994140625, 1956.9892578125, 1983.333984375
1984.7978515625, 1960.922607421875, 1983.333984375
1988.63525390625, 1969.1826171875, 1983.333984375
1992.4114990234375, 1977.4427490234375, 1983.333984375
1996.126220703125, 1985.702880859375, 1983.333984375
1999.7791748046875, 1993.9627685546875, 1630.45654296875
2003.3701171875, 2002.2230224609375, 760.8757934570312
2006.8988037109375, 2010.483154296875, 335.38568115234375
2010.3651123046875, 2018.743408203125, -119.6409683227539
2013.7685546875, 2027.0035400390625, -1107.72216796875
2017.109130859375, 2035.2637939453125, -2609.39990234375
2020.386474609375, 2043.52392578125, -1779.9813232421875
2023.6004638671875, 2054.6083984375, -2955.578857421875
2029.837158203125, 2035.410888671875, -2924.91552734375
2032.859619140625, 2022.55615234375, -1078.714599609375
2035.817626953125, 2018.1761474609375, 1017.2041625976562
2038.7113037109375, 2013.796142578125, 1983.333984375
2041.540283203125, 2012.2991943359375, 1983.333984375
2044.3043212890625, 2017.736572265625, 1983.333984375
2047.0032958984375, 2025.99658203125, 1983.333984375
2049.636962890625, 2034.256591796875, 1983.333984375
2052.205322265625, 2042.5167236328125, 1983.333984375
2054.7080078125, 2050.77685546875, 1414.9322509765625
2057.14501953125, 2059.036865234375, 1150.63720703125
2059.51611328125, 2067.297119140625, 225.58770751953125
2061.82080078125, 2075.557373046875, -836.950439453125
2064.0595703125, 2083.8173828125, -2535.47509765625
2066.231689453125, 2092.07763671875, -2019.5367431640625
2068.337158203125, 2100.338134765625, -2233.792236328125
2070.3759765625, 2108.59814453125, -3149.3037109375
2072.34814453125, 2111.41796875, -4115.9677734375
2074.253173828125, 2092.2041015625, -2617.3310546875
2076.091064453125, 2063.03369140625, -471.1512756347656
2077.861572265625, 2033.8631591796875, 1983.333984375
2079.56494140625, 2021.0238037109375, 1983.333984375
2081.20068359375, 2024.9708251953125, 1983.333984375
2082.768798828125, 2033.2308349609375, 1983.333984375
2084.269287109375, 2041.490966796875, 1983.333984375
2085.701904296875, 2049.751220703125, 1983.333984375
2087.06640625, 2058.01171875, 1983.333984375
2088.36328125, 2066.271728515625, 1983.333984375
2089.591796875, 2074.531982421875, 1983.333984375
2090.752197265625, 2082.7919921875, 1876.5203857421875
2091.84423828125, 2091.052001953125, 954.7225341796875
2092.8681640625, 2099.312255859375, 192.94961547851562
2093.823486328125, 2107.57275390625, -868.9346923828125
2094.71044921875, 2115.832763671875, -2721.520263671875
2095.52880859375, 2118.64794921875, -1883.7015380859375
2096.278564453125, 2115.760498046875, -3497.728271484375
2096.959716796875, 2095.037109375, -2581.394775390625
2097.572021484375, 2082.210693359375, -172.9118194580078
2098.11572265625, 2077.830810546875, 1238.7529296875
2098.5908203125, 2073.45068359375, 1983.333984375
2098.996826171875, 2069.070556640625, 1983.333984375
2099.334228515625, 2073.025634765625, 1983.333984375
2099.6025390625, 2081.28564453125, 1983.333984375
2099.80224609375, 2089.54541015625, 1983.333984375
2099.932861328125, 2097.8056640625, 1209.0057373046875
2099.99462890625, 2106.066162109375, 477.21282958984375
2099.987548828125, 2114.326171875, -666.3345336914062
2099.911376953125, 2122.58642578125, -2706.72802734375
2099.7666015625, 2130.8466796875, -2780.7548828125
2099.552734375, 2139.107177734375, -3820.890625
2099.27001953125, 2147.3671875, -5786.681640625
2098.91845703125, 2155.62744140625, -7000.0
2098.498046875, 2163.8876953125, -7000.0
2098.0087890625, 2166.697509765625, -7000.0
2097.450927734375, 2147.448974609375, -7000.0
2096.82421875, 2118.278564453125, -5757.64306640625
2096.12890625, 2089.10791015625, -1318.5963134765625
2095.364990234375, 2059.937255859375, 1883.3206787109375
2094.532470703125, 2030.766845703125, 1983.333984375
2093.63134765625, 2026.3009033203125, 1983.333984375
2092.661865234375, 2034.5609130859375, 1983.333984375
2091.623779296875, 2042.821044921875, 1983.333984375
2090.517578125, 2051.0810546875, 1983.333984375
2089.343017578125, 2059.341064453125, 1983.333984375
2088.100341796875, 2067.601318359375, 1983.333984375
2086.78955078125, 2075.86181640625, 1983.333984375
2085.410888671875, 2084.1220703125, 1112.9718017578125
2083.964111328125, 2092.38232421875, 117.32615661621094
2082.44970703125, 2100.642578125, -1449.3623046875
2080.867431640625, 2108.902587890625, -1237.8870849609375
2079.2177734375, 2117.162841796875, -2171.090087890625
2077.50048828125, 2119.968017578125, -3575.158935546875
2075.716064453125, 2100.702392578125, -2908.38037109375
2073.8642578125, 2071.53173828125, -1974.7127685546875
2071.9453125, 2042.361083984375, 591.1538696289062
2069.95947265625, 2029.5657958984375, 1983.333984375
2067.90673828125, 2033.5355224609375, 1983.333984375
2065.787353515625, 2041.7955322265625, 1983.333984375
2063.601318359375, 2050.055419921875, 1983.333984375
2061.34912109375, 2058.315673828125, 1312.5557861328125
2059.030517578125, 2066.57568359375, 406.7368469238281
2056.645751953125, 2074.835693359375, -1174.2264404296875
2054.1953125, 2083.095947265625, -1075.6708984375
2051.678955078125, 2091.356689453125, -2215.394775390625
2049.09716796875, 2099.616943359375, -4538.94384765625
2046.4498291015625, 2107.87744140625, -7000.0
2043.7373046875, 2116.137451171875, -7000.0
2040.9598388671875, 2124.397705078125, -7000.0
2038.117431640625, 2127.197998046875, -7000.0
2035.21044921875, 2107.914794921875, -7000.0
2032.239013671875, 2078.742919921875, -7000.0
2029.203369140625, 2049.572509765625, -5633.69580078125
2026.1036376953125, 2020.4019775390625, -1352.1199951171875
2022.940185546875, 1991.2313232421875, 1425.579345703125
2019.713134765625, 1962.0606689453125, 1983.333984375
2016.422607421875, 1957.641845703125, 1983.333984375
2013.069091796875, 1965.90185546875, 1983.333984375
2009.6524658203125, 1974.1619873046875, 1983.333984375
2006.17333984375, 1982.422119140625, 1983.333984375
2002.6317138671875, 1990.682373046875, 1983.333984375
1999.02783203125, 1998.9425048828125, 974.87255859375
1995.362060546875, 2007.2027587890625, -405.9387512207031
1991.6346435546875, 2015.462890625, -2591.8212890625
1987.845703125, 2023.7230224609375, -3221.098388671875
1983.99560546875, 2031.983154296875, -5204.8642578125
1980.084716796875, 2048.503662109375, -5523.64599609375
1972.0810546875, 2051.298828125, -7000.0
1967.989013671875, 2031.9962158203125, -7000.0
1963.8370361328125, 2002.8255615234375, -7000.0
1959.625732421875, 1973.655029296875, -4908.46826171875
1955.3551025390625, 1944.4844970703125, -2898.154541015625
1951.0255126953125, 1915.313720703125, 414.6348571777344
1946.63720703125, 1902.5511474609375, 1983.333984375
1942.190673828125, 1906.5374755859375, 1983.333984375
1937.6861572265625, 1914.7974853515625, 1983.333984375
1933.123779296875, 1923.0576171875, 1983.333984375
1928.504150390625, 1931.3177490234375, 643.1130981445312
1923.827392578125, 1939.577880859375, -671.08154296875
1919.09375, 1947.838134765625, -3406.6376953125
1914.3038330078125, 1956.0985107421875, -4672.69189453125
1909.457763671875, 1964.3587646484375, -7000.0
1904.555908203125, 1972.6190185546875, -7000.0
1899.5985107421875, 1980.879150390625, -7000.0
1894.586181640625, 1989.1392822265625, -7000.0
1889.51904296875, 1997.3994140625, -7000.0
1884.3974609375, 2000.18896484375, -7000.0
1879.2218017578125, 1980.868408203125, -7000.0
1873.9925537109375, 1951.69677734375, -7000.0
1868.7099609375, 1922.526123046875, -7000.0
1863.3743896484375, 1893.3555908203125, -6734.46630859375
1857.9862060546875, 1864.18505859375, -3760.48681640625
1852.5457763671875, 1835.014404296875, -1045.7138671875
1847.0535888671875, 1805.8438720703125, 1983.333984375
1841.509765625, 1793.0992431640625, 1983.333984375
1835.9149169921875, 1797.0947265625, 1983.333984375
1830.2694091796875, 1805.3546142578125, 1983.333984375
1824.5736083984375, 1813.61474609375, 1983.333984375
1818.827880859375, 1821.8748779296875, 615.9402465820312
1813.032470703125, 1830.1348876953125, -852.0669555664062
1807.1881103515625, 1838.3951416015625, -1034.613525390625
1801.294921875, 1846.6552734375, -2827.810302734375
1795.3533935546875, 1854.9154052734375, -6156.6435546875
1789.364013671875, 1863.175537109375, -7000.0
1783.3271484375, 1871.435791015625, -7000.0
1777.2431640625, 1879.6959228515625, -7000.0
1771.112548828125, 1887.9560546875, -7000.0
1764.9356689453125, 1890.739990234375, -7000.0
1758.7130126953125, 1871.3994140625, -7000.0
1752.4449462890625, 1842.22900390625, -7000.0
1746.1318359375, 1813.0572509765625, -7000.0
1739.7742919921875, 1783.8868408203125, -7000.0
1733.3726806640625, 1754.71630859375, -5746.45166015625
1726.9273681640625, 1725.545654296875, -1954.8582763671875
1720.4388427734375, 1696.3751220703125, 919.1339111328125
1713.90771484375, 1667.2047119140625, 1983.333984375
1707.3341064453125, 1657.383056640625, 1983.333984375
1700.71875, 1662.8623046875, 1983.333984375
1694.06201171875, 1671.1224365234375, 1983.333984375
1687.3642578125, 1679.382568359375, 1877.5821533203125
1680.6260986328125, 1687.642578125, 1002.7191772460938
1673.847900390625, 1695.902587890625, -1051.67919921875
1667.0302734375, 1704.162841796875, -1902.9501953125
1660.1734619140625, 1712.4229736328125, -4441.71923828125
1653.278076171875, 1728.943359375, -5213.98974609375
1639.3734130859375, 1737.203369140625, -7000.0
1632.3651123046875, 1745.463623046875, -7000.0
1625.320068359375, 1753.7237548828125, -7000.0
1618.2388916015625, 1756.50146484375, -7000.0
1611.1220703125, 1737.138916015625, -7000.0
1603.969970703125, 1707.968505859375, -7000.0
1596.7830810546875, 1678.798095703125, -7000.0
1589.56201171875, 1649.6275634765625, -7000.0
1582.3072509765625, 1620.45703125, -7000.0
1575.0191650390625, 1591.28662109375, -5166.1416015625
1567.6983642578125, 1562.1160888671875, -923.2130737304688
1560.345458984375, 1532.945556640625, 1338.2867431640625
1552.960693359375, 1503.7740478515625, 1983.333984375
1545.5447998046875, 1499.4608154296875, 1983.333984375
1538.09814453125, 1507.7208251953125, 1983.333984375
1530.621337890625, 1515.98095703125, 1983.333984375
1523.1148681640625, 1524.240966796875, 834.5799560546875
1515.5792236328125, 1532.5010986328125, -596.8475952148438
1507.903564453125, 1540.810302734375, -987.6038208007812
1500.310791015625, 1549.0703125, -3173.364013671875
1492.6904296875, 1557.3306884765625, -7000.0
1485.04296875, 1565.5908203125, -7000.0
1477.3690185546875, 1573.8514404296875, -7000.0
1469.6690673828125, 1582.1114501953125, -7000.0
1461.943603515625, 1590.3717041015625, -7000.0
1454.1932373046875, 1593.0933837890625, -7000.0
1446.41845703125, 1573.53369140625, -7000.0
1438.619873046875, 1544.36328125, -7000.0
1430.7978515625, 1515.19287109375, -7000.0
1422.953125, 1486.0225830078125, -7000.0
1415.0860595703125, 1456.85205078125, -7000.0
1407.1973876953125, 1427.6817626953125, -5649.10546875
1399.2874755859375, 1398.5113525390625, -1932.651611328125
1391.35693359375, 1369.341064453125, 521.5784912109375
1383.4063720703125, 1340.170654296875, 1983.333984375
1375.4361572265625, 1331.863037109375, 1983.333984375
1367.4471435546875, 1339.304443359375, 1983.333984375
1359.4395751953125, 1349.343505859375, 1915.7747802734375
1351.4141845703125, 1359.2998046875, 745.454345703125
1343.3714599609375, 1369.169189453125, -1725.6346435546875
1335.31201171875, 1378.9552001953125, -3289.293212890625
1327.2362060546875, 1388.6617431640625, -6809.87841796875
1319.1448974609375, 1398.28125, -7000.0
1311.0384521484375, 1407.01513671875, -7000.0
1302.9173583984375, 1415.2947998046875, -7000.0
1294.782470703125, 1423.554931640625, -7000.0
1286.634033203125, 1431.8150634765625, -7000.0
1278.4727783203125, 1440.0750732421875, -7000.0
1270.2991943359375, 1442.7657470703125, -7000.0
1262.1138916015625, 1423.095458984375, -7000.0
1253.9173583984375, 1393.92529296875, -7000.0
1245.7103271484375, 1364.7550048828125, -7000.0
1237.4931640625, 1335.5848388671875, -7000.0
1229.2666015625, 1306.41455078125, -7000.0
1221.0311279296875, 1277.244384765625, -7000.0
1212.787353515625, 1248.0731201171875, -7000.0
1204.53564453125, 1218.90283203125, -4949.65380859375
1196.27685546875, 1189.7327880859375, -3434.912841796875
1188.011474609375, 1160.562744140625, -488.3826904296875
1179.739990234375, 1148.117919921875, 1834.1756591796875
1171.462890625, 1146.7471923828125, 1983.333984375
1163.1810302734375, 1154.66064453125, 1544.7384033203125
1154.894775390625, 1166.2830810546875, -197.033447265625
1146.6046142578125, 1177.8056640625, -3239.950927734375
1138.3114013671875, 1189.2349853515625, -5561.658203125
1130.0155029296875, 1200.567626953125, -7000.0
1121.717529296875, 1211.800048828125, -7000.0
1113.41796875, 1222.932861328125, -7000.0
1105.11767578125, 1233.9722900390625, -7000.0
1096.81689453125, 1244.921630859375, -7000.0
1088.516357421875, 1255.7744140625, -7000.0
1080.216552734375, 1266.5338134765625, -7000.0
1071.918212890625, 1277.2037353515625, -7000.0
1063.621826171875, 1282.2471923828125, -7000.0
1055.327880859375, 1263.315673828125, -7000.0
1047.0369873046875, 1234.145751953125, -7000.0
1038.749755859375, 1204.9755859375, -7000.0
1030.466796875, 1175.8045654296875, -7000.0
1022.1885375976562, 1146.634521484375, -7000.0
