1174.6007080078125, 1191.5029296875, -1427.319091796875
1166.320556640625, 1183.235595703125, -2784.795166015625
1158.035888671875, 1174.968505859375, -1250.200927734375
1149.7471923828125, 1186.408935546875, -2052.205078125
1141.455078125, 1197.7529296875, -5062.85595703125
1133.1600341796875, 1209.0068359375, -7000.0
1124.86279296875, 1220.1590576171875, -7000.0
1116.5638427734375, 1231.2196044921875, -7000.0
1108.263671875, 1242.1884765625, -7000.0
1099.9630126953125, 1252.7918701171875, -7000.0
1091.662353515625, 1254.3531494140625, -7000.0
1083.3621826171875, 1225.18212890625, -7000.0
1075.063232421875, 1196.0115966796875, -7000.0
1066.7659912109375, 1166.8419189453125, -7000.0
1058.4710693359375, 1137.6734619140625, -7000.0
1050.178955078125, 1108.505859375, -7000.0
1041.8902587890625, 1079.338623046875, -7000.0
1033.6055908203125, 1050.1717529296875, -5204.9384765625
1025.3255615234375, 1021.0047607421875, -1107.2435302734375
1017.0505981445312, 991.8375854492188, 359.90655517578125
1008.7814331054688, 962.6695556640625, 1983.333984375
1000.5184936523438, 934.898681640625, 1983.333984375
992.2623901367188, 948.40478515625, 1983.333984375
984.0137329101562, 961.7999267578125, 1983.333984375
975.7730712890625, 975.0747680664062, 476.00982666015625
967.5409545898438, 988.2393798828125, -1396.6234130859375
959.3179931640625, 1001.293701171875, -2784.839599609375
951.1046752929688, 1014.2281494140625, -6524.3291015625
942.9016723632812, 1027.0528564453125, -7000.0
934.70947265625, 1039.7677001953125, -7000.0
926.5286254882812, 1052.373291015625, -7000.0
918.3598022460938, 1064.878662109375, -7000.0
910.2034301757812, 1077.274169921875, -7000.0
902.0601806640625, 1089.288818359375, -7000.0
893.9305419921875, 1092.179443359375, -7000.0
885.8151245117188, 1063.00927734375, -7000.0
877.7144165039062, 1033.83935546875, -7000.0
869.6290893554688, 1004.6691284179688, -7000.0
861.5595703125, 975.4993286132812, -7000.0
853.5065307617188, 946.3294067382812, -7000.0
845.470458984375, 917.15966796875, -7000.0
837.451904296875, 887.9900512695312, -7000.0
829.4514770507812, 858.8204956054688, -6666.83447265625
821.4696655273438, 829.6510620117188, -3925.263671875
813.507080078125, 800.4817504882812, -1719.953125
805.564208984375, 771.3115234375, 597.2227172851562
797.6416015625, 742.9743041992188, 1983.333984375
789.7398681640625, 739.251708984375, 1983.333984375
781.8594970703125, 754.4361572265625, 1983.333984375
774.0010375976562, 769.490966796875, 709.40380859375
766.1650390625, 784.4159545898438, -896.7236938476562
758.35205078125, 799.2113037109375, -2183.976318359375
750.5626220703125, 813.8865356445312, -5977.91552734375
742.7972412109375, 828.43212890625, -7000.0
735.0564575195312, 842.857421875, -7000.0
727.3408813476562, 857.1531372070312, -7000.0
719.6509399414062, 871.3287963867188, -7000.0
711.9871826171875, 885.3845825195312, -7000.0
704.3502197265625, 899.3202514648438, -7000.0
696.740478515625, 912.8579711914062, -7000.0
689.1585083007812, 917.1895751953125, -7000.0
681.6049194335938, 888.020263671875, -7000.0
674.080078125, 858.85107421875, -7000.0
666.5846557617188, 829.6817626953125, -7000.0
659.1190185546875, 800.5125732421875, -7000.0
651.683837890625, 771.3434448242188, -7000.0
644.2794799804688, 742.1744384765625, -7000.0
636.9065551757812, 713.005615234375, -7000.0
629.5655517578125, 683.8369140625, -7000.0
622.2568969726562, 654.6673583984375, -7000.0
614.981201171875, 625.4991455078125, -4508.83251953125
607.7389526367188, 596.3311157226562, -2458.95068359375
600.5305786132812, 567.1634521484375, 537.25830078125
593.356689453125, 538.8494873046875, 1983.333984375
586.2176513671875, 534.9223022460938, 1983.333984375
579.114013671875, 543.951416015625, 1983.333984375
572.0462646484375, 560.8139038085938, 1275.7779541015625
565.014892578125, 577.52734375, -1155.8624267578125
558.0203857421875, 594.1008911132812, -1882.5455322265625
551.063232421875, 610.534423828125, -5250.0087890625
544.1439208984375, 626.8184204101562, -7000.0
537.2628784179688, 642.962890625, -7000.0
530.420654296875, 658.9771728515625, -7000.0
523.6176147460938, 674.8515625, -7000.0
516.8543090820312, 690.5863037109375, -7000.0
510.1311950683594, 706.1907348632812, -7000.0
503.44873046875, 721.655517578125, -7000.0
496.8073425292969, 736.7050170898438, -7000.0
490.2075500488281, 742.4627685546875, -7000.0
483.6497497558594, 713.2942504882812, -7000.0
477.1344299316406, 684.1246337890625, -7000.0
470.6620178222656, 654.956298828125, -7000.0
464.23297119140625, 625.7882690429688, -7000.0
457.8477478027344, 596.6203002929688, -7000.0
451.5067443847656, 567.4525146484375, -7000.0
445.2104187011719, 538.2852172851562, -7000.0
438.959228515625, 509.1183166503906, -7000.0
432.75360107421875, 479.9518737792969, -7000.0
426.59393310546875, 450.7860107421875, -6072.0927734375
420.48065185546875, 421.6197814941406, -2551.74267578125
414.4142150878906, 392.4554443359375, -1025.038330078125
408.3949890136719, 363.2922058105469, 1983.333984375
402.4234313964844, 335.19708251953125, 1983.333984375
396.49993896484375, 336.8022155761719, 1983.333984375
390.6249084472656, 355.4300842285156, 1983.333984375
384.79876708984375, 373.899169921875, 1057.6455078125
379.02191162109375, 392.20941162109375, -1619.1041259765625
373.2947082519531, 410.36993408203125, -2434.358642578125
367.61761474609375, 428.37127685546875, -5919.13720703125
361.990966796875, 446.22271728515625, -7000.0
356.4151611328125, 463.9148254394531, -7000.0
350.8905944824219, 481.4571533203125, -7000.0
345.4176330566406, 498.8497009277344, -7000.0
339.9966735839844, 516.0924072265625, -7000.0
334.6280822753906, 533.1857299804688, -7000.0
329.3122253417969, 549.8455810546875, -7000.0
324.0494689941406, 557.11181640625, -7000.0
318.8401794433594, 527.945068359375, -7000.0
313.6847229003906, 498.77862548828125, -7000.0
308.58343505859375, 469.6125183105469, -7000.0
303.53668212890625, 440.44708251953125, -7000.0
298.5447998046875, 411.28216552734375, -7000.0
293.608154296875, 382.11822509765625, -7000.0
288.72705078125, 352.95538330078125, -7000.0
283.90185546875, 323.7939758300781, -7000.0
279.1329040527344, 294.634521484375, -5073.328125
274.4205017089844, 265.4775390625, -3270.19775390625
269.7649841308594, 236.3240203857422, -539.7435302734375
265.16668701171875, 208.0719451904297, 1983.333984375
260.6258850097656, 204.0985565185547, 1983.333984375
256.1429443359375, 211.312744140625, 1983.333984375
251.71812438964844, 231.01026916503906, 1983.333984375
247.3517608642578, 250.5412139892578, 271.413330078125
243.0441436767578, 269.9048767089844, -2291.037109375
238.7955780029297, 289.1100158691406, -4584.412109375
234.60635375976562, 308.146728515625, -7000.0
230.4767608642578, 327.024658203125, -7000.0
226.40707397460938, 345.743408203125, -7000.0
222.39756774902344, 364.3028259277344, -7000.0
218.44854736328125, 382.7027587890625, -7000.0
214.56027221679688, 400.943115234375, -7000.0
210.7329864501953, 419.0242919921875, -7000.0
206.9669952392578, 436.655517578125, -7000.0
203.2625274658203, 444.82421875, -7000.0
199.61984252929688, 415.65966796875, -7000.0
196.03919982910156, 386.4959716796875, -7000.0
192.52084350585938, 357.3331604003906, -7000.0
189.06500244140625, 328.1717834472656, -7000.0
185.6719512939453, 299.0119323730469, -7000.0
182.3418731689453, 269.85455322265625, -7000.0
179.07504272460938, 240.700439453125, -7000.0
175.8716583251953, 211.55091857910156, -7000.0
172.73194885253906, 182.40826416015625, -4398.31982421875
169.65614318847656, 153.27633666992188, -1766.6260986328125
166.64442443847656, 124.16270446777344, 887.275390625
163.697021484375, 95.99848175048828, 1983.333984375
160.8141326904297, 92.563720703125, 1983.333984375
157.99595642089844, 113.219970703125, 1983.333984375
155.24269104003906, 133.72189331054688, 1983.333984375
152.5545196533203, 154.058837890625, 379.7324523925781
149.93162536621094, 174.23519897460938, -1887.5618896484375
147.3741912841797, 194.2475128173828, -3800.813232421875
144.8824005126953, 214.0948028564453, -7000.0
142.4564208984375, 233.76515197753906, -7000.0
140.09642028808594, 253.27743530273438, -7000.0
137.80255126953125, 272.6214904785156, -7000.0
135.57498168945312, 291.7973327636719, -7000.0
133.4138641357422, 310.8143310546875, -7000.0
131.31935119628906, 329.3651123046875, -7000.0
129.2915802001953, 338.38568115234375, -7000.0
127.33070373535156, 309.2258605957031, -7000.0
125.43683624267578, 280.0680236816406, -7000.0
123.61011505126953, 250.91290283203125, -7000.0
121.85067749023438, 221.7619171142578, -7000.0
120.15863037109375, 192.61648559570312, -7000.0
118.53410339355469, 163.48020935058594, -7000.0
116.9771957397461, 134.3589324951172, -5272.15673828125
115.48802185058594, 105.26513671875, -3289.02099609375
114.06668853759766, 76.23029327392578, -174.06719970703125
112.71328735351562, 48.284873962402344, 1983.333984375
111.42790985107422, 44.56919479370117, 1983.333984375
110.21064758300781, 56.18634033203125, 1983.333984375
109.06158447265625, 77.04238891601562, 1983.333984375
107.98080444335938, 97.80118560791016, 735.29443359375
106.96836853027344, 118.41841125488281, -67.75093078613281
106.02436065673828, 138.8860626220703, -3286.329345703125
105.14884185791016, 159.18621826171875, -5945.017578125
104.34186553955078, 179.3243408203125, -7000.0
103.6034927368164, 199.28817749023438, -7000.0
102.93377685546875, 219.0858154296875, -7000.0
102.332763671875, 238.71627807617188, -7000.0
101.80049133300781, 258.1793212890625, -7000.0
101.33699035644531, 277.483642578125, -7000.0
100.94230651855469, 296.3062438964844, -7000.0
100.61646270751953, 305.5648498535156, -7000.0
100.3594741821289, 276.4075622558594, -7000.0
100.1713638305664, 247.25314331054688, -7000.0
100.0521469116211, 218.1027374267578, -7000.0
100.0018310546875, 188.95863342285156, -7000.0
100.0204086303711, 159.82383728027344, -7000.0
100.10789489746094, 130.70510864257812, -6783.759765625
100.26427459716797, 101.6163330078125, -3222.06689453125
100.48954010009766, 72.59347534179688, -1248.96484375
100.7836685180664, 43.7679328918457, 1983.333984375
101.14665222167969, 17.252992630004883, 1983.333984375
101.57845306396484, 19.566953659057617, 1983.333984375
102.07905578613281, 39.86664581298828, 1983.333984375
102.6484146118164, 60.730648040771484, 1983.333984375
103.28649139404297, 81.5763168334961, 1983.333984375
103.99324035644531, 102.3083267211914, 707.3121948242188
104.76862335205078, 122.90145111083984, -860.603271484375
105.61257934570312, 143.33285522460938, -1770.324951171875
106.5250473022461, 163.59544372558594, -4852.61474609375
107.50597381591797, 183.69512939453125, -7000.0
108.55528259277344, 203.62936401367188, -7000.0
109.67290496826172, 223.38795471191406, -7000.0
110.8587646484375, 242.9888153076172, -7000.0
112.11277770996094, 262.10235595703125, -7000.0
113.43486022949219, 271.6161193847656, -7000.0
114.82492065429688, 242.46253967285156, -7000.0
116.2828598022461, 213.3133087158203, -7000.0
117.80857849121094, 184.1704864501953, -7000.0
119.40196990966797, 155.03817749023438, -7000.0
121.06293487548828, 125.9231185913086, -3837.012451171875
122.79134368896484, 96.8416748046875, -122.2457046508789
124.58708953857422, 67.83708190917969, 1983.333984375
126.45004272460938, 40.032413482666016, 1983.333984375
128.3800811767578, 36.74629211425781, 1983.333984375
130.37705993652344, 57.57428741455078, 1983.333984375
132.4408416748047, 78.4320068359375, 1983.333984375
134.57130432128906, 99.18539428710938, 1983.333984375
136.76828002929688, 119.7946548461914, 1526.2398681640625
139.03163146972656, 140.24356079101562, -32.22844696044922
141.36119079589844, 160.53427124023438, -1689.9666748046875
143.75680541992188, 180.65292358398438, -2469.697509765625
146.21829223632812, 200.6068115234375, -5214.69189453125
148.74551391601562, 220.3944091796875, -7000.0
151.33827209472656, 240.01478576660156, -7000.0
153.99639892578125, 259.4676818847656, -7000.0
156.71971130371094, 278.4366149902344, -7000.0
159.50802612304688, 287.7887268066406, -7000.0
162.3611297607422, 258.6331787109375, -7000.0
165.27883911132812, 229.481201171875, -7000.0
168.26095581054688, 200.33433532714844, -6963.8896484375
171.30726623535156, 171.19561767578125, -3242.56298828125
174.41757202148438, 142.06951904296875, -719.3787841796875
177.59165954589844, 112.966552734375, 1983.333984375
180.82928466796875, 85.31163787841797, 1983.333984375
184.13026428222656, 91.91775512695312, 1983.333984375
187.4943389892578, 112.57292175292969, 1983.333984375
190.92127990722656, 133.083740234375, 1983.333984375
194.41087341308594, 153.4298553466797, 1983.333984375
197.96286010742188, 173.6150665283203, 1983.333984375
201.57699584960938, 193.62673950195312, 552.8441162109375
205.25303649902344, 213.4730682373047, -1697.1600341796875
208.99072265625, 233.1524658203125, -1024.0216064453125
212.78981018066406, 252.66419982910156, -2184.197998046875
216.6500244140625, 272.00811767578125, -5059.50048828125
220.57110595703125, 291.19305419921875, -7000.0
224.5527801513672, 310.20953369140625, -7000.0
228.5947723388672, 328.736328125, -7000.0
232.69680786132812, 337.65093994140625, -7000.0
236.85861206054688, 308.49114990234375, -7000.0
241.0798797607422, 279.3333740234375, -7000.0
245.36033630371094, 250.17832946777344, -3848.57373046875
249.69967651367188, 221.02748107910156, -1648.99462890625
254.09759521484375, 191.88223266601562, 1983.333984375
258.5538024902344, 163.94024658203125, 1983.333984375
263.0679931640625, 165.02479553222656, 1983.333984375
267.6398620605469, 185.1112060546875, 1983.333984375
272.2690734863281, 205.0242919921875, 1983.333984375
276.9552917480469, 224.77151489257812, 1983.333984375
281.6982421875, 244.3522186279297, 1983.333984375
286.4975891113281, 263.774658203125, 1983.333984375
291.35296630859375, 283.0289306640625, 676.7323608398438
296.2640686035156, 302.1148681640625, -1226.891357421875
301.2305603027344, 321.04180908203125, -2910.155517578125
306.2520751953125, 339.8096008300781, -3256.842041015625
311.3282775878906, 358.4180603027344, -5135.45849609375
316.4588317871094, 376.8671569824219, -7000.0
321.64337158203125, 394.8209533691406, -7000.0
326.8815612792969, 403.16522216796875, -7000.0
332.1730041503906, 374.0021667480469, -7000.0
337.517333984375, 344.8400573730469, -4139.45751953125
342.91424560546875, 315.6794128417969, -292.1474914550781
348.36328125, 286.5197448730469, 1983.333984375
353.8641052246094, 258.3849182128906, 1983.333984375
359.4163818359375, 254.98526000976562, 1983.333984375
365.0196533203125, 274.3074035644531, 1983.333984375
370.6735534667969, 293.4713134765625, 1983.333984375
376.37774658203125, 312.4671630859375, 1983.333984375
382.13177490234375, 331.3042297363281, 1983.333984375
387.9352722167969, 349.9820556640625, 1983.333984375
393.7878112792969, 368.50079345703125, 1983.333984375
399.6890563964844, 386.86004638671875, 1290.2806396484375
405.6385192871094, 405.0601806640625, 189.31358337402344
411.6358337402344, 423.11029052734375, -613.220458984375
417.6805725097656, 441.0011291503906, -2731.68310546875
423.7723388671875, 458.7422180175781, -3251.4755859375
429.9106750488281, 475.99237060546875, -5017.3671875
436.09521484375, 483.6418762207031, -6862.57275390625
442.3254699707031, 454.4753112792969, -4563.953125
448.6010437011719, 425.3104248046875, -1149.7662353515625
454.9215087890625, 396.1461486816406, 1983.333984375
461.28643798828125, 368.01934814453125, 1983.333984375
467.6953430175781, 364.5933837890625, 1983.333984375
474.1478576660156, 382.98162841796875, 1983.333984375
480.6434631347656, 401.2204895019531, 1983.333984375
487.1817321777344, 419.3004150390625, 1983.333984375
493.76226806640625, 437.2304992675781, 1983.333984375
500.3845520019531, 455.0013122558594, 1983.333984375
507.0481262207031, 472.6225891113281, 1983.333984375
513.7526245117188, 490.09405517578125, 1983.333984375
520.4974365234375, 507.4157409667969, 1435.0986328125
527.2822265625, 524.5875854492188, 684.183349609375
534.1064453125, 541.6100463867188, -1179.870849609375
540.9696655273438, 558.4921875, -2607.808837890625
547.8714599609375, 574.8792114257812, -2223.76806640625
554.8112182617188, 582.7489624023438, -1965.2874755859375
561.78857421875, 577.32177734375, -3126.198974609375
568.8030395507812, 548.1546020507812, -87.8893814086914
575.8540649414062, 520.037109375, 1983.333984375
582.9412231445312, 515.65771484375, 1983.333984375
590.0640258789062, 512.190673828125, 1983.333984375
597.221923828125, 529.3215942382812, 1983.333984375
604.4144897460938, 546.3035278320312, 1983.333984375
611.6412353515625, 563.1453857421875, 1983.333984375
618.9015502929688, 579.8380126953125, 1983.333984375
626.195068359375, 596.390625, 1983.333984375
633.521240234375, 612.8035888671875, 1983.333984375
640.8795166015625, 629.0765380859375, 1406.6915283203125
648.2694702148438, 645.2096557617188, 816.0167236328125
655.6905517578125, 661.2028198242188, -710.6156616210938
663.1422119140625, 677.0564575195312, -1749.7374267578125
670.6239624023438, 692.77978515625, -853.93310546875
678.1353149414062, 708.0128173828125, -886.677490234375
685.6757202148438, 713.7138671875, -3533.421142578125
693.2446899414062, 684.5455322265625, -1843.1837158203125
700.8417358398438, 656.439697265625, 1529.2354736328125
708.4662475585938, 652.06005859375, 1983.333984375
716.11767578125, 648.5546875, 1983.333984375
723.795654296875, 664.51708984375, 1983.333984375
731.4994506835938, 680.3403930664062, 1983.333984375
739.2286987304688, 696.0333862304688, 1983.333984375
746.9827880859375, 711.5869750976562, 1983.333984375
754.76123046875, 727.0106811523438, 1983.333984375
762.5634765625, 742.3045043945312, 1983.333984375
770.388916015625, 757.4683837890625, 1659.6131591796875
778.237060546875, 772.5023193359375, 544.3482666015625
786.107421875, 787.40625, -363.4986267089844
793.9993896484375, 802.1802978515625, -764.0990600585938
801.9124755859375, 816.8246459960938, -1915.0635986328125
809.8460693359375, 830.9937744140625, -895.8824462890625
817.7996215820312, 836.7449340820312, -2501.734130859375
825.7726440429688, 831.2896118164062, -2490.388916015625
833.7645874023438, 803.197021484375, 416.1539306640625
841.7748413085938, 798.8172607421875, 1983.333984375
849.8029174804688, 794.9114990234375, 1983.333984375
857.8482055664062, 801.7855224609375, 1983.333984375
865.9102172851562, 816.4390258789062, 1983.333984375
873.9883422851562, 830.9630737304688, 1983.333984375
882.08203125, 845.3668823242188, 1983.333984375
890.1907348632812, 859.6412963867188, 1983.333984375
898.3139038085938, 873.7957153320312, 1983.333984375
906.450927734375, 887.8302612304688, 1983.333984375
914.601318359375, 901.7448120117188, 1793.1463623046875
922.7645263671875, 915.5393676757812, 981.4562377929688
930.9398803710938, 929.2139892578125, 536.4351806640625
939.1268920898438, 942.7689819335938, -487.4322814941406
947.3250122070312, 956.213623046875, -962.8583984375
955.5336303710938, 969.1788330078125, -1958.8702392578125
963.7522583007812, 973.786376953125, -2491.69873046875
971.980224609375, 969.4066772460938, -1554.919677734375
980.2169799804688, 965.02685546875, -296.95709228515625
988.4620361328125, 960.64697265625, 1396.65185546875
996.7147827148438, 956.5701293945312, 1983.333984375
1004.974609375, 959.546142578125, 1983.333984375
1013.2410278320312, 972.8406982421875, 1983.333984375
1021.513427734375, 986.0254516601562, 1983.333984375
1029.7911376953125, 999.0999145507812, 1983.333984375
1038.0738525390625, 1012.054931640625, 1983.333984375
1046.3607177734375, 1024.89990234375, 1983.333984375
1054.6512451171875, 1037.635009765625, 1983.333984375
1062.9449462890625, 1050.261474609375, 1918.5968017578125
1071.2412109375, 1062.7864990234375, 1385.379638671875
1079.53955078125, 1075.20166015625, 419.8106994628906
1087.839111328125, 1087.5072021484375, -1.8169677257537842
1096.1396484375, 1099.71240234375, -837.2864990234375
1104.4404296875, 1111.44287109375, -1079.1507568359375
1112.7408447265625, 1115.077880859375, -774.8822631835938
1121.0404052734375, 1114.9688720703125, -452.8504638671875
1129.3385009765625, 1110.589111328125, 357.7013244628906
1137.6346435546875, 1106.40869140625, 1983.333984375
1145.92822265625, 1107.032470703125, 1983.333984375
1154.218505859375, 1119.0677490234375, 1983.333984375
1162.505126953125, 1131.002685546875, 1983.333984375
1170.7874755859375, 1142.828125, 1983.333984375
1179.0648193359375, 1154.5535888671875, 1983.333984375
1187.3367919921875, 1166.1790771484375, 1983.333984375
1195.602783203125, 1177.70458984375, 1983.333984375
1203.8621826171875, 1189.1302490234375, 1983.333984375
1212.1143798828125, 1200.4560546875, 1948.32421875
1220.35888671875, 1211.691650390625, 1583.75
1228.5950927734375, 1222.8277587890625, 916.4285278320312
1236.8223876953125, 1233.8734130859375, 912.82470703125
1245.040283203125, 1244.8192138671875, 607.9098510742188
1253.2481689453125, 1255.3056640625, 67.74017333984375
1261.445556640625, 1257.875244140625, 201.28663635253906
1269.6318359375, 1260.424560546875, 975.8499145507812
1277.806396484375, 1262.953857421875, 1418.1982421875
1285.9686279296875, 1265.4625244140625, 1983.333984375
1294.1181640625, 1268.3125, 1983.333984375
1302.2542724609375, 1278.9678955078125, 1983.333984375
1310.3763427734375, 1289.523681640625, 1983.333984375
1318.4840087890625, 1299.9896240234375, 1983.333984375
1326.57666015625, 1310.365966796875, 1983.333984375
1334.6536865234375, 1320.661865234375, 1983.333984375
1342.7144775390625, 1330.867919921875, 1983.333984375
1350.7586669921875, 1340.98388671875, 1870.4339599609375
1358.7855224609375, 1351.010498046875, 1544.1517333984375
1366.79443359375, 1360.9564208984375, 1022.2445068359375
1374.78515625, 1370.8128662109375, 322.56500244140625
1382.7568359375, 1380.5888671875, 403.0341491699219
1390.708984375, 1390.2752685546875, 290.4924621582031
1398.6412353515625, 1399.507568359375, 43.85391616821289
1406.552734375, 1400.8338623046875, 573.9869384765625
1414.4432373046875, 1402.0662841796875, 916.3209228515625
1422.31201171875, 1403.1298828125, 1983.333984375
1430.15869140625, 1404.3955078125, 1983.333984375
1437.9825439453125, 1412.6552734375, 1983.333984375
1445.7830810546875, 1420.915283203125, 1983.333984375
1453.559814453125, 1429.17529296875, 1983.333984375
1461.312255859375, 1437.4351806640625, 1983.333984375
1469.0396728515625, 1445.6954345703125, 1983.333984375
1476.74169921875, 1453.9554443359375, 1983.333984375
1484.4178466796875, 1462.215576171875, 1983.333984375
1492.0675048828125, 1470.4757080078125, 1983.333984375
1499.6900634765625, 1478.7357177734375, 1983.333984375
1507.28515625, 1486.99609375, 1983.333984375
1514.8521728515625, 1495.2564697265625, 1983.333984375
1522.3905029296875, 1503.5164794921875, 1983.333984375
1529.8997802734375, 1511.776611328125, 1983.333984375
1537.3795166015625, 1520.0367431640625, 1983.333984375
1544.8291015625, 1528.296875, 1983.333984375
1552.2479248046875, 1536.5570068359375, 1983.333984375
1559.6357421875, 1544.8170166015625, 1983.333984375
1566.9918212890625, 1553.0771484375, 1983.333984375
1574.315673828125, 1561.3372802734375, 1983.333984375
1581.6068115234375, 1569.597412109375, 1983.333984375
1588.8648681640625, 1577.8575439453125, 1983.333984375
1596.0892333984375, 1586.1177978515625, 1983.333984375
1603.2794189453125, 1594.3779296875, 1982.1239013671875
1610.434814453125, 1602.6380615234375, 1854.568603515625
1617.55517578125, 1610.898193359375, 1602.9755859375
1624.6397705078125, 1619.1583251953125, 1229.4534912109375
1631.6883544921875, 1627.41845703125, 735.9772338867188
1638.7001953125, 1635.6785888671875, 1066.4371337890625
1645.6749267578125, 1643.9385986328125, 291.2220764160156
1652.612060546875, 1651.81298828125, 389.6271667480469
1659.5111083984375, 1652.1993408203125, 286.4710388183594
1666.3717041015625, 1660.4593505859375, 970.3975219726562
1673.1932373046875, 1668.7196044921875, 513.4005126953125
1679.9752197265625, 1676.9796142578125, 852.1812133789062
1686.71728515625, 1685.23974609375, 1000.298583984375
1693.4188232421875, 1693.4998779296875, 962.66162109375
1700.07958984375, 1701.760009765625, 743.8917236328125
1706.698974609375, 1710.0201416015625, 348.3236083984375
1713.2764892578125, 1718.2802734375, -220.00872802734375
1719.8118896484375, 1726.54052734375, -459.4869384765625
1726.304443359375, 1734.8006591796875, -889.2575073242188
1732.75390625, 1743.0606689453125, -1504.7232666015625
1739.1597900390625, 1750.9317626953125, -2257.062744140625
1745.5216064453125, 1750.7254638671875, -2220.000244140625
1751.8389892578125, 1746.345458984375, -960.4781494140625
1758.111328125, 1741.9654541015625, 957.4111938476562
1764.3385009765625, 1737.5855712890625, 1983.333984375
1770.519775390625, 1733.41259765625, 1983.333984375
1776.6549072265625, 1733.8033447265625, 1983.333984375
1782.743408203125, 1742.0631103515625, 1983.333984375
1788.7847900390625, 1750.3231201171875, 1983.333984375
1794.77880859375, 1758.583251953125, 1983.333984375
1800.724853515625, 1766.84326171875, 1983.333984375
1806.6226806640625, 1775.1033935546875, 1983.333984375
1812.471923828125, 1783.363525390625, 1983.333984375
1818.27197265625, 1791.6239013671875, 1983.333984375
1824.0224609375, 1799.8839111328125, 1983.333984375
1829.72314453125, 1808.1441650390625, 1983.333984375
1835.37353515625, 1816.404296875, 1983.333984375
1840.9732666015625, 1824.6644287109375, 1983.333984375
1846.52197265625, 1832.9246826171875, 1983.333984375
1852.0191650390625, 1841.184814453125, 1983.333984375
1857.464599609375, 1849.44482421875, 1882.192626953125
1862.8577880859375, 1857.705078125, 1458.02294921875
1868.198486328125, 1865.9652099609375, 720.9690551757812
1873.4862060546875, 1874.225341796875, 622.6956176757812
1878.720703125, 1882.4857177734375, 183.08877563476562
1883.9014892578125, 1890.3502197265625, -43.85319137573242
1889.0281982421875, 1890.3504638671875, -170.45538330078125
1894.1005859375, 1890.1405029296875, 313.86370849609375
1899.1182861328125, 1885.970703125, 883.379638671875
1904.0809326171875, 1885.9708251953125, 1983.333984375
1908.9881591796875, 1886.36767578125, 1983.333984375
1913.839599609375, 1894.6275634765625, 1983.333984375
1918.635009765625, 1902.8875732421875, 1983.333984375
1923.3740234375, 1911.147705078125, 1983.333984375
1928.0562744140625, 1919.4078369140625, 1954.462158203125
1932.6815185546875, 1927.66796875, 1511.0318603515625
1937.2493896484375, 1935.92822265625, 667.2326049804688
1941.759521484375, 1944.188232421875, 378.57244873046875
1946.211669921875, 1952.448486328125, -331.4392395019531
1950.60546875, 1960.7086181640625, -950.6128540039062
1954.940673828125, 1968.96875, -1987.99609375
1959.217041015625, 1977.22900390625, -3429.412841796875
1963.4342041015625, 1985.08935546875, -2389.418701171875
1967.591796875, 1984.87744140625, -901.2633056640625
1971.6895751953125, 1979.2945556640625, -1205.814208984375
1975.7274169921875, 1950.1240234375, 865.4817504882812
1979.704833984375, 1922.1575927734375, 1983.333984375
1983.6217041015625, 1918.391845703125, 1983.333984375
1987.4776611328125, 1926.65185546875, 1983.333984375
1991.2724609375, 1934.9119873046875, 1983.333984375
1995.005859375, 1943.1719970703125, 1983.333984375
1998.6776123046875, 1951.43212890625, 1983.333984375
2002.287353515625, 1959.6922607421875, 1983.333984375
2005.8349609375, 1967.952392578125, 1983.333984375
2009.3201904296875, 1976.212646484375, 1983.333984375
2012.7427978515625, 1984.4727783203125, 1983.333984375
2016.1024169921875, 1992.7330322265625, 1983.333984375
2019.3990478515625, 2000.9931640625, 1983.333984375
2022.6322021484375, 2009.25341796875, 1983.333984375
2025.8018798828125, 2017.5135498046875, 1913.947509765625
2028.90771484375, 2025.773681640625, 1258.164306640625
2031.9495849609375, 2034.033935546875, 980.0810546875
2034.9271240234375, 2042.2940673828125, 111.35270690917969
2037.84033203125, 2050.148681640625, -781.6547241210938
2040.68896484375, 2050.14892578125, -1303.9381103515625
2043.47265625, 2049.93359375, -1456.8499755859375
2046.19140625, 2045.5538330078125, -789.670654296875
2048.844970703125, 2041.1737060546875, 151.32095336914062
2051.43310546875, 2036.793701171875, 900.662353515625
2053.955810546875, 2032.62939453125, 1983.333984375
2056.412841796875, 2033.0367431640625, 1983.333984375
2058.8037109375, 2041.2967529296875, 1983.333984375
2061.128662109375, 2049.556884765625, 1983.333984375
2063.387451171875, 2057.81689453125, 1603.115966796875
2065.579833984375, 2066.0771484375, 547.4588012695312
2067.70556640625, 2074.33740234375, -215.3817596435547
2069.7646484375, 2082.59765625, -1151.9302978515625
2071.757080078125, 2090.85791015625, -2758.957275390625
2073.682373046875, 2099.117919921875, -2184.344970703125
2075.54052734375, 2107.378173828125, -2371.136474609375
2077.33154296875, 2115.638427734375, -3288.91748046875
2079.055419921875, 2123.8984375, -4908.822265625
2080.711669921875, 2131.748046875, -7000.0
2082.30029296875, 2130.296875, -7000.0
2083.8212890625, 2101.12646484375, -5282.69873046875
2085.2744140625, 2071.955810546875, -2972.794677734375
2086.65966796875, 2042.7852783203125, 1278.6524658203125
2087.97705078125, 2014.85107421875, 1983.333984375
2089.226318359375, 2011.101806640625, 1983.333984375
2090.407470703125, 2019.36181640625, 1983.333984375
2091.520263671875, 2027.621826171875, 1983.333984375
2092.564697265625, 2035.8819580078125, 1983.333984375
2093.541015625, 2044.1422119140625, 1983.333984375
2094.44873046875, 2052.402587890625, 1983.333984375
2095.287841796875, 2060.662841796875, 1983.333984375
2096.058349609375, 2068.9228515625, 1983.333984375
2096.76025390625, 2077.18310546875, 1983.333984375
2097.3935546875, 2085.443359375, 1983.333984375
2097.958251953125, 2093.703369140625, 1452.6527099609375
2098.453857421875, 2101.963623046875, 1001.9759521484375
2098.880859375, 2110.223876953125, -322.6037292480469
2099.239013671875, 2118.068115234375, -1939.914794921875
2099.528564453125, 2118.068359375, -3443.16650390625
2099.748779296875, 2117.847900390625, -1994.5157470703125
2099.900390625, 2113.467529296875, -2925.847412109375
2099.983154296875, 2107.83544921875, -3156.5654296875
2099.996826171875, 2079.91748046875, -179.1649932861328
2099.941650390625, 2075.53759765625, 1704.4036865234375
2099.817626953125, 2071.1572265625, 1983.333984375
2099.624755859375, 2067.417236328125, 1983.333984375
2099.363037109375, 2075.67724609375, 1983.333984375
2099.0322265625, 2083.9375, 1983.333984375
2098.6328125, 2092.197509765625, 1702.2232666015625
2098.16455078125, 2100.457763671875, 436.2431945800781
2097.62744140625, 2108.7177734375, -333.3307800292969
2097.021728515625, 2116.97802734375, -2079.08203125
2096.34716796875, 2125.238037109375, -1933.8028564453125
2095.60400390625, 2133.498291015625, -2826.17431640625
2094.792236328125, 2141.758544921875, -4712.13720703125
2093.911865234375, 2150.0185546875, -7000.0
2092.963134765625, 2158.27880859375, -7000.0
2091.94580078125, 2166.11767578125, -7000.0
2090.8603515625, 2164.629150390625, -7000.0
2089.70654296875, 2135.458740234375, -7000.0
2088.484375, 2106.288330078125, -5339.7265625
2087.1943359375, 2077.117431640625, -3397.94580078125
2085.836181640625, 2047.947021484375, 1131.8507080078125
2084.41015625, 2020.04541015625, 1983.333984375
2082.916259765625, 2015.8896484375, 1983.333984375
2081.3544921875, 2016.3128662109375, 1983.333984375
2079.725341796875, 2024.5728759765625, 1983.333984375
2078.028564453125, 2032.8328857421875, 1983.333984375
2076.264404296875, 2041.093017578125, 1983.333984375
2074.43310546875, 2049.353271484375, 1983.333984375
2072.534423828125, 2057.61328125, 1983.333984375
2070.56884765625, 2065.87353515625, 1502.94677734375
2068.536376953125, 2074.133544921875, 810.7464599609375
2066.437255859375, 2082.393798828125, -534.587890625
2064.271484375, 2090.654052734375, -3005.855712890625
2062.039306640625, 2098.9140625, -3728.08203125
2059.74072265625, 2107.17431640625, -5622.59716796875
2057.376220703125, 2115.00830078125, -7000.0
2054.945556640625, 2113.501953125, -7000.0
2052.44921875, 2084.331298828125, -6951.06640625
2049.88720703125, 2055.16064453125, -3859.38232421875
2047.259765625, 2025.9901123046875, -710.8374633789062
2044.5670166015625, 1996.8194580078125, 1983.333984375
2041.8092041015625, 1968.93310546875, 1983.333984375
2038.9864501953125, 1965.208251953125, 1983.333984375
2036.09912109375, 1973.468017578125, 1983.333984375
2033.147216796875, 1981.7281494140625, 1983.333984375
2030.1309814453125, 1989.98828125, 1983.333984375
2027.0506591796875, 1998.2486572265625, 1983.333984375
2023.906494140625, 2006.5087890625, 1983.333984375
2020.69873046875, 2014.76904296875, 1643.9940185546875
2017.427490234375, 2023.029296875, 944.0009155273438
2014.093017578125, 2031.2894287109375, -550.118896484375
2010.695556640625, 2039.5496826171875, -3303.68212890625
2007.2353515625, 2047.809814453125, -4434.6474609375
2003.712646484375, 2056.070068359375, -6857.546875
2000.1275634765625, 2063.8984375, -7000.0
1996.4805908203125, 2062.373779296875, -7000.0
1992.7718505859375, 2033.2034912109375, -7000.0
1989.0015869140625, 2004.032958984375, -5022.845703125
1985.1700439453125, 1974.8623046875, -3070.924072265625
1981.2774658203125, 1945.6917724609375, 236.39344787597656
1977.32421875, 1917.82080078125, 1983.333984375
1973.310546875, 1914.103759765625, 1983.333984375
1969.236572265625, 1922.36376953125, 1983.333984375
1965.102783203125, 1930.623779296875, 1983.333984375
1960.909423828125, 1938.8841552734375, 1983.333984375
1956.65673828125, 1947.1444091796875, 1983.333984375
1952.344970703125, 1955.404541015625, 614.9483642578125
1947.974609375, 1963.6646728515625, -690.6151733398438
1943.545654296875, 1971.9248046875, -3383.101318359375
1939.0587158203125, 1980.1849365234375, -4573.54931640625
1934.513916015625, 1988.4451904296875, -7000.0
1929.9114990234375, 1996.7054443359375, -7000.0
1925.2520751953125, 2004.965576171875, -7000.0
1920.53564453125, 2012.7890625, -7000.0
1915.7628173828125, 2011.2462158203125, -7000.0
1910.9337158203125, 1982.07568359375, -7000.0
1906.0487060546875, 1952.9051513671875, -7000.0
1901.108154296875, 1923.734619140625, -5892.41650390625
1896.1124267578125, 1894.5640869140625, -2073.5888671875
1891.0618896484375, 1865.3935546875, 990.597900390625
1885.956787109375, 1836.222900390625, 1983.333984375
1880.7974853515625, 1808.6016845703125, 1983.333984375
1875.58447265625, 1809.04052734375, 1983.333984375
1870.3179931640625, 1817.300537109375, 1983.333984375
1864.9984130859375, 1825.560546875, 1983.333984375
1859.626220703125, 1833.820556640625, 1983.333984375
1854.20166015625, 1842.080810546875, 1983.333984375
1848.7249755859375, 1850.3409423828125, 779.7174682617188
1843.1968994140625, 1858.60107421875, -501.82659912109375
1837.6175537109375, 1866.861083984375, -3303.13916015625
1831.9873046875, 1875.121337890625, -4727.8212890625
1826.306640625, 1883.3814697265625, -7000.0
1820.5760498046875, 1891.6417236328125, -7000.0
1814.795654296875, 1899.90185546875, -7000.0
1808.966064453125, 1907.7200927734375, -7000.0
1803.087646484375, 1906.1572265625, -7000.0
1797.160888671875, 1876.9866943359375, -7000.0
1791.1859130859375, 1847.8162841796875, -7000.0
1785.1634521484375, 1818.645751953125, -7000.0
1779.0936279296875, 1789.4752197265625, -4491.572265625
1772.9771728515625, 1760.3046875, -2296.469970703125
1766.814208984375, 1731.134033203125, 982.044189453125
1760.6053466796875, 1703.29736328125, 1983.333984375
1754.35107421875, 1699.5975341796875, 1983.333984375
1748.0516357421875, 1707.8575439453125, 1983.333984375
1741.70751953125, 1716.1175537109375, 1983.333984375
1735.3192138671875, 1724.3775634765625, 1983.333984375
1728.8870849609375, 1732.6376953125, 534.9666748046875
1722.41162109375, 1740.897705078125, -1087.5302734375
1715.893310546875, 1749.1578369140625, -1493.9732666015625
1709.3326416015625, 1757.4180908203125, -3576.263427734375
1702.7298583984375, 1765.67822265625, -7000.0
1696.085693359375, 1773.9383544921875, -7000.0
1689.4002685546875, 1782.198486328125, -7000.0
1682.67431640625, 1790.4586181640625, -7000.0
1675.9083251953125, 1798.271240234375, -7000.0
1669.1025390625, 1796.6895751953125, -7000.0
1662.257568359375, 1767.51904296875, -7000.0
1655.373779296875, 1738.3485107421875, -7000.0
1648.4517822265625, 1709.17822265625, -7000.0
1641.4920654296875, 1680.0076904296875, -7000.0
1634.4949951171875, 1650.837158203125, -5174.2861328125
1627.4610595703125, 1621.6668701171875, -906.5161743164062
1620.3907470703125, 1592.4962158203125, 1411.190673828125
1613.28466796875, 1563.3258056640625, 1983.333984375
1606.1431884765625, 1536.1954345703125, 1983.333984375
1598.966796875, 1544.4554443359375, 1983.333984375
1591.756103515625, 1552.7154541015625, 1983.333984375
1584.511474609375, 1560.9757080078125, 1983.333984375
1577.2333984375, 1569.23583984375, 1879.1190185546875
1569.9224853515625, 1577.4962158203125, 940.1380615234375
1562.5792236328125, 1585.7562255859375, -1239.8143310546875
1555.2041015625, 1594.016357421875, -2274.16552734375
1547.797607421875, 1602.27685546875, -5049.81201171875
1540.3602294921875, 1610.5369873046875, -7000.0
1532.892578125, 1618.797119140625, -7000.0
1525.39501953125, 1627.0572509765625, -7000.0
1517.8681640625, 1634.86328125, -7000.0
1510.3125, 1633.258544921875, -7000.0
1502.7286376953125, 1604.0882568359375, -7000.0
1495.116943359375, 1574.9178466796875, -7000.0
1487.4781494140625, 1545.746337890625, -7000.0
1479.8125, 1516.5760498046875, -7000.0
1472.120849609375, 1487.4044189453125, -5053.734375
1464.4034423828125, 1458.234130859375, -3575.89697265625
1456.660888671875, 1429.063720703125, -217.27052307128906
1448.893798828125, 1401.26513671875, 1983.333984375
1441.102783203125, 1397.202392578125, 1983.333984375
1433.2880859375, 1398.960205078125, 1983.333984375
1425.4505615234375, 1407.64501953125, 1983.333984375
1417.590576171875, 1415.9049072265625, 1156.23876953125
1409.7086181640625, 1424.1649169921875, -37.032718658447266
1401.805419921875, 1432.4249267578125, -3020.695556640625
1393.8814697265625, 1440.68505859375, -4881.13232421875
1385.9371337890625, 1448.9453125, -7000.0
1377.97314453125, 1457.205322265625, -7000.0
1369.9901123046875, 1465.4654541015625, -7000.0
1361.98828125, 1473.7255859375, -7000.0
1353.968505859375, 1481.9857177734375, -7000.0
1345.9312744140625, 1490.245849609375, -7000.0
1337.8770751953125, 1498.04541015625, -7000.0
1329.806396484375, 1496.4178466796875, -7000.0
1321.719970703125, 1467.24755859375, -7000.0
1313.6182861328125, 1438.0772705078125, -7000.0
1305.5018310546875, 1408.9068603515625, -7000.0
1297.3712158203125, 1379.736572265625, -7000.0
1289.22705078125, 1350.5662841796875, -7000.0
1281.06982421875, 1321.39599609375, -7000.0
1272.9000244140625, 1292.2257080078125, -5516.7197265625
1264.7183837890625, 1263.055419921875, -1705.6123046875
1256.5255126953125, 1233.88525390625, 676.1719970703125
1248.3216552734375, 1204.715087890625, 1983.333984375
1240.107666015625, 1177.3646240234375, 1983.333984375
1231.884033203125, 1181.0635986328125, 1983.333984375
1223.6513671875, 1192.4676513671875, 1983.333984375
1215.41015625, 1203.7718505859375, 1949.79931640625
1207.160888671875, 1214.97607421875, 644.5506591796875
1198.904296875, 1226.0810546875, -1979.584228515625
1190.6409912109375, 1237.095458984375, -3852.511474609375
1182.371337890625, 1248.010498046875, -7000.0
1174.095947265625, 1258.8355712890625, -7000.0
1165.8155517578125, 1269.570556640625, -7000.0
1157.5306396484375, 1280.2149658203125, -7000.0
1149.24169921875, 1290.760009765625, -7000.0
1140.9493408203125, 1301.2149658203125, -7000.0
1132.654296875, 1311.1168212890625, -7000.0
1124.3568115234375, 1311.4385986328125, -7000.0
1116.0577392578125, 1282.2686767578125, -7000.0
1107.757568359375, 1253.0985107421875, -7000.0
1099.4569091796875, 1223.9283447265625, -7000.0
1091.15625, 1194.75830078125, -7000.0
1082.856201171875, 1165.588134765625, -7000.0
1074.557373046875, 1136.41796875, -7000.0
1066.26025390625, 1107.2481689453125, -7000.0
1057.9654541015625, 1078.0780029296875, -5607.29150390625
1049.6734619140625, 1048.908203125, -1894.8701171875
1041.385009765625, 1019.73828125, 172.98876953125
1033.1007080078125, 990.5684204101562, 1983.333984375
1024.8209228515625, 963.3490600585938, 1983.333984375
1016.5462646484375, 968.8927612304688, 1983.333984375
1008.2774047851562, 982.10595703125, 1983.333984375
1000.014892578125, 995.2092895507812, 963.8065185546875
991.7592163085938, 1008.2028198242188, -448.33935546875
983.5110473632812, 1021.08642578125, -1382.0904541015625
975.2708740234375, 1033.8599853515625, -4674.1279296875
967.039306640625, 1046.5238037109375, -7000.0
958.81689453125, 1059.0772705078125, -7000.0
950.604248046875, 1071.5211181640625, -7000.0
942.40185546875, 1083.8553466796875, -7000.0
934.2103271484375, 1096.089111328125, -7000.0
926.0302124023438, 1108.21337890625, -7000.0
917.8621215820312, 1119.767333984375, -7000.0
909.70654296875, 1121.6099853515625, -7000.0
901.5640869140625, 1092.440185546875, -7000.0
893.435302734375, 1063.2705078125, -7000.0
885.3207397460938, 1034.1004638671875, -7000.0
877.2210083007812, 1004.9297485351562, -7000.0
869.1365966796875, 975.7598876953125, -7000.0
861.068115234375, 946.5901489257812, -7000.0
853.0160522460938, 917.4205932617188, -7000.0
844.9810791015625, 888.2509765625, -7000.0
836.963623046875, 859.0803833007812, -5836.84912109375
828.9642944335938, 829.9110717773438, -2308.9990234375
820.983642578125, 800.7418212890625, -595.2673950195312
813.022216796875, 771.5726318359375, 1983.333984375
805.08056640625, 744.1704711914062, 1983.333984375
797.1592407226562, 746.3367919921875, 1983.333984375
789.2587890625, 761.4581909179688, 1983.333984375
781.3796997070312, 776.4498291015625, 764.234619140625
773.5226440429688, 791.312255859375, -792.0350952148438
765.6880493164062, 806.05419921875, -2028.0946044921875
757.87646484375, 820.6668701171875, -5768.76904296875
750.0884399414062, 835.158935546875, -7000.0
742.3245849609375, 849.5216674804688, -7000.0
734.5853271484375, 863.7644653320312, -7000.0
726.8712768554688, 877.8866577148438, -7000.0
719.1829223632812, 891.8794555664062, -7000.0
711.5208129882812, 905.7528076171875, -7000.0
703.8854370117188, 919.03857421875, -7000.0
696.2774047851562, 922.4805297851562, -7000.0
688.6972045898438, 893.3112182617188, -7000.0
681.145263671875, 864.1419067382812, -7000.0
673.6222534179688, 834.97265625, -7000.0
666.1286010742188, 805.803466796875, -7000.0
658.6648559570312, 776.63330078125, -7000.0
651.2315063476562, 747.4642333984375, -7000.0
643.8290405273438, 718.2953491210938, -7000.0
636.4580688476562, 689.1265869140625, -7000.0
629.1189575195312, 659.9580688476562, -6834.69775390625
621.8123779296875, 630.7898559570312, -4175.5146484375
614.5386962890625, 601.6217651367188, -1969.622314453125
607.2984619140625, 572.4540405273438, 1176.3204345703125
600.0922241210938, 544.7423095703125, 1983.333984375
592.92041015625, 541.1311645507812, 1983.333984375
585.7835083007812, 550.3070678710938, 1983.333984375
578.6820678710938, 567.1065673828125, 1321.1563720703125
571.6165161132812, 583.7665405273438, -1065.2261962890625
564.58740234375, 600.2868041992188, -1752.85986328125
557.5951538085938, 616.6673583984375, -5081.17236328125
550.6403198242188, 632.9078979492188, -7000.0
543.7232666015625, 649.0087280273438, -7000.0
536.8446044921875, 664.9696044921875, -7000.0
530.0046997070312, 680.7911987304688, -7000.0
523.2041015625, 696.482177734375, -7000.0
516.4432373046875, 712.0338134765625, -7000.0
509.72259521484375, 727.45556640625, -7000.0
503.0426330566406, 742.2623291015625, -7000.0
496.4037780761719, 747.0936279296875, -7000.0
489.8065185546875, 717.925048828125, -7000.0
483.25128173828125, 688.7566528320312, -7000.0
476.7385559082031, 659.5882568359375, -7000.0
470.268798828125, 630.4200439453125, -7000.0
463.8424072265625, 601.2520141601562, -7000.0
457.4598388671875, 572.0842895507812, -7000.0
451.12158203125, 542.9169311523438, -7000.0
444.8280029296875, 513.7498779296875, -7000.0
438.5795593261719, 484.58343505859375, -7000.0
432.376708984375, 455.4174499511719, -5940.39892578125
426.2198486328125, 426.2521667480469, -2300.0498046875
420.10943603515625, 397.0876770019531, -659.8485107421875
414.04583740234375, 367.92425537109375, 1983.333984375
408.029541015625, 340.75933837890625, 1983.333984375
402.0608825683594, 345.9466247558594, 1983.333984375
396.1403503417969, 364.5009765625, 1983.333984375
390.2682800292969, 382.896484375, 662.475830078125
384.44512939453125, 401.1327209472656, -759.5828857421875
378.6712951660156, 419.210205078125, -2014.3896484375
372.9471435546875, 437.1380615234375, -5913.69775390625
367.2731018066406, 454.915771484375, -7000.0
361.6495361328125, 472.53436279296875, -7000.0
356.07684326171875, 490.0031433105469, -7000.0
350.555419921875, 507.32220458984375, -7000.0
345.08563232421875, 524.4918823242188, -7000.0
339.6678466796875, 541.5213012695312, -7000.0
334.3024597167969, 557.9093017578125, -7000.0
328.9898376464844, 564.1943969726562, -7000.0
323.7303161621094, 535.0274658203125, -7000.0
318.5243225097656, 505.86090087890625, -7000.0
313.37213134765625, 476.6947021484375, -7000.0
308.274169921875, 447.529052734375, -7000.0
303.2307434082031, 418.364013671875, -7000.0
298.2422180175781, 389.1998291015625, -7000.0
293.3089599609375, 360.0355529785156, -7000.0
288.4312744140625, 330.8738098144531, -7000.0
283.6094970703125, 301.7138366699219, -5371.501953125
278.8439636230469, 272.55615234375, -1031.468017578125
274.135009765625, 243.40170288085938, 341.5152587890625
