463.0143127441406, 453.70318603515625, -8.099700927734375
469.43505859375, 460.0240783691406, 1.855004906654358
475.89923095703125, 466.39495849609375, 28.3701171875
482.40643310546875, 483.9225769042969, -1190.609375
488.9561767578125, 501.30181884765625, -2042.0799560546875
495.5480041503906, 518.528076171875, -1242.1834716796875
502.1815185546875, 535.6024169921875, -1677.8743896484375
508.856201171875, 552.5320434570312, -3266.1904296875
515.5715942382812, 569.3121948242188, -5927.46826171875
522.3273315429688, 585.9524536132812, -7000.0
529.122802734375, 602.4520263671875, -7000.0
535.9576416015625, 618.8053588867188, -7000.0
542.831298828125, 633.4390258789062, -7000.0
549.743408203125, 634.19140625, -7000.0
556.693359375, 605.027099609375, -7000.0
563.6807861328125, 575.8638916015625, -4708.5068359375
570.7052001953125, 546.7036743164062, -1213.966796875
577.7660522460938, 517.5448608398438, 1983.333984375
584.8628540039062, 493.1793518066406, 1983.333984375
591.9951782226562, 493.0059509277344, 1983.333984375
599.1625366210938, 510.31072998046875, 1983.333984375
606.3643798828125, 527.463623046875, 1983.333984375
613.6002197265625, 544.4649047851562, 1983.333984375
620.86962890625, 561.3164672851562, 1983.333984375
628.1719970703125, 578.0272216796875, 1983.333984375
635.5068969726562, 594.5956420898438, 1983.333984375
642.873779296875, 611.015869140625, 1983.333984375
650.2721557617188, 627.2962646484375, 1983.333984375
657.7015380859375, 643.4365844726562, 1703.5484619140625
665.161376953125, 659.4390258789062, 475.22161865234375
672.6512451171875, 675.3101196289062, -693.51806640625
680.1704711914062, 691.04345703125, -1385.00537109375
687.7186889648438, 705.0586547851562, -2782.296630859375
695.2952880859375, 710.0947265625, -992.6474609375
702.8997802734375, 705.7150268554688, -747.1195678710938
710.5316162109375, 696.5287475585938, 72.66410064697266
718.1903076171875, 672.1672973632812, 1983.333984375
725.875244140625, 670.1110229492188, 1983.333984375
733.5860595703125, 679.2875366210938, 1983.333984375
741.322021484375, 694.9895629882812, 1983.333984375
749.082763671875, 710.5533447265625, 1983.333984375
756.86767578125, 725.9871826171875, 1983.333984375
764.6762084960938, 741.289306640625, 1983.333984375
772.5078735351562, 756.4534912109375, 1983.333984375
780.3621215820312, 771.4877319335938, 1210.2220458984375
788.2383422851562, 786.3939208984375, 627.8280639648438
796.1360473632812, 801.1804809570312, -699.4276123046875
804.0547485351562, 815.8348388671875, -1495.168212890625
811.9937744140625, 830.3612060546875, -3005.03759765625
819.9526977539062, 844.7675170898438, -2351.06201171875
827.9308471679688, 857.458740234375, -2269.16162109375
835.9277954101562, 856.6079711914062, -1178.663330078125
843.9429321289062, 827.4389038085938, 76.38802337646484
851.9757080078125, 798.2698364257812, 1983.333984375
860.0255737304688, 776.0813598632812, 1983.333984375
868.0919799804688, 784.3539428710938, 1983.333984375
876.1743774414062, 799.149658203125, 1983.333984375
884.2721557617188, 813.8236694335938, 1983.333984375
892.3848266601562, 828.3698120117188, 1983.333984375
900.5117797851562, 842.7940063476562, 1983.333984375
908.6525268554688, 857.0902709960938, 1983.333984375
916.806396484375, 871.2666625976562, 1983.333984375
924.9729614257812, 885.3230590820312, 1983.333984375
933.1515502929688, 899.2594604492188, 1983.333984375
941.3416137695312, 913.0758666992188, 1983.333984375
949.5426025390625, 926.7722778320312, 1983.333984375
957.7539672851562, 940.3507080078125, 1983.333984375
965.9751586914062, 953.8171997070312, 1764.1026611328125
974.20556640625, 967.1636352539062, 983.3671264648438
982.4447021484375, 980.39208984375, 625.6788330078125
990.6918334960938, 993.5105590820312, -258.80279541015625
998.9465942382812, 1004.91845703125, -411.78436279296875
1007.208251953125, 1009.1995849609375, -101.45911407470703
1015.476318359375, 1010.3323974609375, -21.64427375793457
1023.7501831054688, 1005.9525756835938, 556.014404296875
1032.029296875, 1003.3167724609375, 1983.333984375
1040.313232421875, 1009.4959716796875, 1983.333984375
1048.60107421875, 1022.364013671875, 1983.333984375
1056.892578125, 1035.122314453125, 1983.333984375
1065.18701171875, 1047.7705078125, 1983.333984375
1073.48388671875, 1060.3109130859375, 1983.333984375
1081.7825927734375, 1072.7493896484375, 1522.8497314453125
1090.08251953125, 1085.0777587890625, 636.392822265625
1098.3831787109375, 1097.2982177734375, 299.7016906738281
1106.683837890625, 1109.416748046875, -445.2297668457031
1114.984130859375, 1121.4271240234375, -642.65576171875
1123.283447265625, 1133.3377685546875, -1243.474365234375
1131.5810546875, 1145.1480712890625, -2216.255859375
1139.87646484375, 1155.2537841796875, -3347.540283203125
1148.169189453125, 1157.1553955078125, -864.4545288085938
1156.4586181640625, 1152.7755126953125, -774.2670288085938
1164.744140625, 1143.54150390625, 365.3633728027344
1173.025146484375, 1120.0997314453125, 1983.333984375
1181.3011474609375, 1122.4990234375, 1983.333984375
1189.571533203125, 1134.3990478515625, 1983.333984375
1197.8358154296875, 1146.1993408203125, 1983.333984375
1206.09326171875, 1157.8995361328125, 1983.333984375
1214.343505859375, 1169.5, 1983.333984375
1222.5858154296875, 1181.0003662109375, 1983.333984375
1230.819580078125, 1192.40087890625, 1983.333984375
1239.04443359375, 1203.7012939453125, 1983.333984375
1247.259765625, 1214.9036865234375, 1983.333984375
1255.46484375, 1226.01416015625, 1983.333984375
1263.6593017578125, 1237.0264892578125, 1983.333984375
1271.8424072265625, 1247.947021484375, 1983.333984375
1280.013671875, 1258.7694091796875, 1983.333984375
1288.172607421875, 1269.5018310546875, 1983.333984375
1296.3184814453125, 1280.144775390625, 1983.333984375
1304.4508056640625, 1290.6971435546875, 1983.333984375
1312.5692138671875, 1301.159423828125, 1983.333984375
1320.6728515625, 1311.531982421875, 1769.03662109375
1328.76123046875, 1321.814453125, 1324.422119140625
1336.833984375, 1332.0067138671875, 669.4400024414062
1344.890380859375, 1342.1112060546875, 764.80712890625
1352.9298095703125, 1352.1336669921875, 638.2748413085938
1360.951904296875, 1360.4560546875, 491.875244140625
1368.9560546875, 1362.1243896484375, 1079.6380615234375
1376.9415283203125, 1363.780517578125, 1421.9642333984375
1384.9080810546875, 1365.418701171875, 1983.333984375
1392.8548583984375, 1368.657958984375, 1983.333984375
1400.7816162109375, 1378.4500732421875, 1983.333984375
1408.6875, 1388.154296875, 1983.333984375
1416.5721435546875, 1397.67822265625, 1983.333984375
1424.43505859375, 1406.5726318359375, 1983.333984375
1432.2755126953125, 1414.8326416015625, 1983.333984375
1440.0931396484375, 1423.0928955078125, 1983.333984375
1447.8873291015625, 1431.35302734375, 1983.333984375
1455.6575927734375, 1439.6131591796875, 1983.333984375
1463.4033203125, 1447.8731689453125, 1983.333984375
1471.1239013671875, 1456.13330078125, 1983.333984375
1478.8189697265625, 1464.3934326171875, 1983.333984375
1486.488037109375, 1472.653564453125, 1983.333984375
1494.13037109375, 1480.9136962890625, 1983.333984375
1501.74560546875, 1489.1737060546875, 1983.333984375
1509.3331298828125, 1497.4337158203125, 1983.333984375
1516.8924560546875, 1505.69384765625, 1983.333984375
1524.4229736328125, 1513.9539794921875, 1983.333984375
1531.92431640625, 1522.2142333984375, 1983.333984375
1539.39599609375, 1530.474365234375, 1983.333984375
1546.8372802734375, 1538.7344970703125, 1890.505126953125
1554.247802734375, 1546.99462890625, 1705.110107421875
1561.6270751953125, 1555.2547607421875, 1428.201171875
1568.9744873046875, 1563.514892578125, 1060.7213134765625
1576.28955078125, 1571.7750244140625, 603.4832153320312
1583.57177734375, 1580.03515625, 999.3002319335938
1590.82080078125, 1588.2952880859375, 317.5523376464844
1598.0360107421875, 1594.923828125, 679.1599731445312
1605.216796875, 1596.5560302734375, 715.7064819335938
1612.36279296875, 1604.81591796875, 622.9160766601562
1619.4735107421875, 1613.0760498046875, 403.2462463378906
1626.5484619140625, 1621.33984375, 1000.597900390625
1633.587158203125, 1629.599853515625, 486.2225646972656
1640.5889892578125, 1637.8599853515625, 795.6827392578125
1647.5535888671875, 1646.1201171875, 941.4280395507812
1654.4805908203125, 1654.38037109375, 927.3411865234375
1661.3692626953125, 1662.6405029296875, 757.0270385742188
1668.21923828125, 1670.900634765625, 433.86834716796875
1675.0301513671875, 1679.1607666015625, -38.96330642700195
1681.8013916015625, 1687.4210205078125, -160.73867797851562
1688.5325927734375, 1694.04248046875, -263.8098449707031
1695.22314453125, 1693.173583984375, 5.699043273925781
1701.8726806640625, 1688.793701171875, 581.9752807617188
1708.4808349609375, 1685.282958984375, 1983.333984375
1715.047119140625, 1686.9227294921875, 1983.333984375
1721.5709228515625, 1695.1839599609375, 1983.333984375
1728.0518798828125, 1703.44384765625, 1983.333984375
1734.4896240234375, 1711.7039794921875, 1983.333984375
1740.883544921875, 1719.9639892578125, 1983.333984375
1747.2333984375, 1728.22412109375, 1983.333984375
1753.5386962890625, 1736.484375, 1983.333984375
1759.7989501953125, 1744.7445068359375, 1983.333984375
1766.013671875, 1753.0047607421875, 1983.333984375
1772.1824951171875, 1761.2647705078125, 1983.333984375
1778.3050537109375, 1769.5250244140625, 1968.880126953125
1784.380859375, 1777.78515625, 1705.1868896484375
1790.4095458984375, 1786.04541015625, 1199.323974609375
1796.390625, 1794.3055419921875, 457.95135498046875
1802.32373046875, 1802.5655517578125, 429.4655456542969
1808.20849609375, 1810.82568359375, 130.5782928466797
1814.0443115234375, 1817.44091796875, -242.52490234375
1819.8310546875, 1817.441162109375, 65.35868072509766
1825.5682373046875, 1817.4412841796875, 1014.479736328125
1831.25537109375, 1817.4412841796875, 1624.9508056640625
1836.89208984375, 1817.44140625, 1983.333984375
1842.47802734375, 1819.0877685546875, 1983.333984375
1848.0128173828125, 1827.34765625, 1983.333984375
1853.49609375, 1835.6077880859375, 1983.333984375
1858.927490234375, 1843.8677978515625, 1983.333984375
1864.3065185546875, 1852.1279296875, 1983.333984375
1869.6329345703125, 1860.387939453125, 1983.333984375
1874.90625, 1868.648193359375, 1680.6387939453125
1880.126220703125, 1876.908447265625, 1045.1688232421875
1885.29248046875, 1885.1685791015625, 1029.4853515625
1890.404541015625, 1893.4288330078125, 654.3265380859375
1895.462158203125, 1901.6888427734375, -68.55081176757812
1900.4649658203125, 1909.948974609375, -630.2474975585938
1905.4127197265625, 1916.559814453125, -1354.138671875
1910.304931640625, 1915.685302734375, -1381.781005859375
1915.1412353515625, 1911.305419921875, -353.23388671875
1919.92138671875, 1906.92529296875, 1174.4388427734375
1924.6451416015625, 1902.5452880859375, 1983.333984375
1929.31201171875, 1899.04052734375, 1983.333984375
1933.9217529296875, 1900.6912841796875, 1983.333984375
1938.4739990234375, 1908.951416015625, 1983.333984375
1942.968505859375, 1917.2115478515625, 1983.333984375
1947.4049072265625, 1925.4715576171875, 1983.333984375
1951.782958984375, 1933.731689453125, 1983.333984375
1956.102294921875, 1941.9918212890625, 1983.333984375
1960.3626708984375, 1950.251953125, 1983.333984375
1964.563720703125, 1958.51220703125, 1657.36376953125
1968.7052001953125, 1966.7723388671875, 876.3523559570312
1972.786865234375, 1975.032470703125, 598.3038330078125
1976.808349609375, 1983.292724609375, -150.91500854492188
1980.76953125, 1991.5528564453125, -856.8472290039062
1984.669921875, 1998.1591796875, -1837.126953125
1988.5093994140625, 1997.2822265625, -2228.527099609375
1992.28759765625, 1992.9022216796875, -1666.6611328125
1996.0042724609375, 1988.522216796875, -206.2332000732422
1999.6593017578125, 1984.1422119140625, 660.875732421875
2003.2523193359375, 1979.76220703125, 1983.333984375
2006.783203125, 1977.915283203125, 1983.333984375
2010.25146484375, 1986.17529296875, 1983.333984375
2013.6571044921875, 1994.4354248046875, 1983.333984375
2016.9996337890625, 2002.6953125, 1983.333984375
2020.2791748046875, 2010.9554443359375, 1983.333984375
2023.4952392578125, 2019.2159423828125, 1454.790283203125
2026.6475830078125, 2027.4761962890625, 368.1303405761719
2029.7362060546875, 2035.736328125, -313.9490051269531
2032.7606201171875, 2043.9964599609375, -1063.308837890625
2035.7208251953125, 2052.2568359375, -2381.73388671875
2038.61669921875, 2060.51708984375, -1421.869384765625
2041.44775390625, 2068.77734375, -1131.32568359375
2044.2139892578125, 2075.37841796875, -1294.1392822265625
2046.9151611328125, 2069.518310546875, -3295.193359375
2049.551025390625, 2040.3477783203125, -1556.171875
2052.12158203125, 2016.1590576171875, 1718.465576171875
2054.62646484375, 2011.7791748046875, 1983.333984375
2057.0654296875, 2009.93994140625, 1983.333984375
2059.438720703125, 2018.199951171875, 1983.333984375
2061.74560546875, 2026.4599609375, 1983.333984375
2063.986572265625, 2034.7200927734375, 1983.333984375
2066.160888671875, 2042.980224609375, 1983.333984375
2068.2685546875, 2051.240478515625, 1983.333984375
2070.309814453125, 2059.50048828125, 1983.333984375
2072.283935546875, 2067.7607421875, 1483.248291015625
2074.191162109375, 2076.020751953125, 281.1374816894531
2076.03125, 2084.281005859375, -155.72531127929688
2077.80419921875, 2092.541259765625, -1313.1419677734375
2079.509521484375, 2100.801513671875, -3162.824462890625
2081.147705078125, 2107.398193359375, -2661.230224609375
2082.718017578125, 2106.515869140625, -1903.9627685546875
2084.220703125, 2097.14208984375, -2766.029296875
2085.655517578125, 2067.971435546875, -82.37052154541016
2087.0224609375, 2043.7965087890625, 1983.333984375
2088.321533203125, 2039.41650390625, 1983.333984375
2089.55224609375, 2037.584228515625, 1983.333984375
2090.71484375, 2045.84423828125, 1983.333984375
2091.809326171875, 2054.104248046875, 1983.333984375
2092.83544921875, 2062.364501953125, 1983.333984375
2093.79296875, 2070.62451171875, 1983.333984375
2094.68212890625, 2078.884765625, 1983.333984375
2095.5029296875, 2087.144775390625, 1922.232177734375
2096.2548828125, 2095.405029296875, 1004.9383544921875
2096.938232421875, 2103.6650390625, 208.4664306640625
2097.552978515625, 2111.925537109375, -925.3319091796875
2098.098876953125, 2120.18603515625, -2885.353515625
2098.576171875, 2128.4462890625, -2811.80517578125
2098.984619140625, 2135.0380859375, -3449.572509765625
2099.32421875, 2129.14501953125, -3342.113037109375
2099.5947265625, 2099.974609375, -2696.933837890625
2099.796630859375, 2070.803955078125, 779.7055053710938
2099.9296875, 2046.64404296875, 1983.333984375
2099.99365234375, 2043.1492919921875, 1983.333984375
2099.98876953125, 2044.8192138671875, 1983.333984375
2099.9150390625, 2053.078857421875, 1983.333984375
2099.7724609375, 2061.339111328125, 1983.333984375
2099.560791015625, 2069.59912109375, 1983.333984375
2099.280517578125, 2077.859130859375, 1983.333984375
2098.93115234375, 2086.119873046875, 1983.333984375
2098.51318359375, 2094.380126953125, 1438.7100830078125
2098.026123046875, 2102.640380859375, 862.3245849609375
2097.470458984375, 2110.900634765625, -196.34164428710938
2096.84619140625, 2119.160888671875, -2218.85400390625
2096.153076171875, 2127.421142578125, -2338.62158203125
2095.391357421875, 2135.68115234375, -3484.9111328125
2094.56103515625, 2142.26806640625, -5422.68359375
2093.662109375, 2136.35693359375, -6689.9072265625
2092.69482421875, 2107.186279296875, -4666.060546875
2091.6591796875, 2078.015869140625, -2349.798583984375
2090.55517578125, 2048.844970703125, 1622.8001708984375
2089.383056640625, 2024.7012939453125, 1983.333984375
2088.142578125, 2022.884521484375, 1983.333984375
2086.833984375, 2031.14453125, 1983.333984375
2085.45751953125, 2039.4046630859375, 1983.333984375
2084.012939453125, 2047.6646728515625, 1983.333984375
2082.500732421875, 2055.9248046875, 1983.333984375
2080.9208984375, 2064.18505859375, 1983.333984375
2079.2734375, 2072.445068359375, 1747.0689697265625
2077.558349609375, 2080.705322265625, 381.0245666503906
2075.776123046875, 2088.965576171875, -626.1384887695312
2073.926513671875, 2097.225830078125, -2739.931396484375
2072.009765625, 2105.48583984375, -3086.457275390625
2070.026123046875, 2113.74609375, -4588.01171875
2067.9755859375, 2120.328369140625, -7000.0
2065.8583984375, 2114.399658203125, -7000.0
2063.6748046875, 2085.22900390625, -5769.07080078125
2061.424560546875, 2056.05859375, -1518.8380126953125
2059.108154296875, 2026.8880615234375, 1326.0135498046875
2056.725830078125, 1997.7176513671875, 1983.333984375
2054.27734375, 1976.1597900390625, 1983.333984375
2051.76318359375, 1984.4197998046875, 1983.333984375
2049.18359375, 1992.68017578125, 1983.333984375
2046.5384521484375, 2000.9405517578125, 1983.333984375
2043.8280029296875, 2009.20068359375, 1983.333984375
2041.052734375, 2017.4608154296875, 1983.333984375
2038.2125244140625, 2025.7210693359375, 1983.333984375
2035.3076171875, 2033.981201171875, 1117.23291015625
2032.33837890625, 2042.2413330078125, -48.61989212036133
2029.3048095703125, 2050.50146484375, -1950.8690185546875
2026.2071533203125, 2058.76171875, -2231.5791015625
2023.0457763671875, 2067.02197265625, -3805.39794921875
2019.82080078125, 2073.598388671875, -6422.23828125
2016.532470703125, 2067.651611328125, -7000.0
2013.180908203125, 2038.481201171875, -6197.99560546875
2009.7664794921875, 2009.3106689453125, -2488.492919921875
2006.2894287109375, 1980.1400146484375, 651.9442138671875
2002.749755859375, 1950.9683837890625, 1983.333984375
1999.1480712890625, 1927.7503662109375, 1983.333984375
1995.4842529296875, 1929.43603515625, 1983.333984375
1991.7589111328125, 1937.696044921875, 1983.333984375
1987.9720458984375, 1945.9560546875, 1983.333984375
1984.1239013671875, 1954.2161865234375, 1983.333984375
1980.2149658203125, 1962.476318359375, 1983.333984375
1976.245361328125, 1970.7364501953125, 1595.627685546875
1972.21533203125, 1978.99658203125, 762.8455810546875
1968.125244140625, 1987.2568359375, -943.90185546875
1963.975341796875, 1995.5169677734375, -1159.3255615234375
1959.765869140625, 2003.777099609375, -2791.06005859375
1955.4971923828125, 2012.0372314453125, -5775.06494140625
1951.1695556640625, 2020.2974853515625, -7000.0
1946.7833251953125, 2026.868896484375, -7000.0
1942.338623046875, 2020.904052734375, -7000.0
1937.8360595703125, 1991.7333984375, -7000.0
1933.275634765625, 1962.56298828125, -6654.61083984375
1928.6578369140625, 1933.392333984375, -3516.58642578125
1923.98291015625, 1904.2218017578125, -558.374755859375
1919.251220703125, 1875.0513916015625, 1983.333984375
1914.463134765625, 1850.95458984375, 1983.333984375
1909.618896484375, 1849.162353515625, 1983.333984375
1904.7188720703125, 1857.42236328125, 1983.333984375
1899.7633056640625, 1865.682373046875, 1983.333984375
1894.7528076171875, 1873.9423828125, 1983.333984375
1889.6873779296875, 1882.2025146484375, 1821.406494140625
1884.567626953125, 1890.462646484375, 1078.384765625
1879.393798828125, 1898.7227783203125, -667.1212768554688
1874.1663818359375, 1906.98291015625, -1042.67041015625
1868.885498046875, 1915.2430419921875, -2949.143798828125
1863.5516357421875, 1923.5032958984375, -6316.05810546875
1858.1651611328125, 1931.763427734375, -7000.0
1852.7265625, 1940.023681640625, -7000.0
1847.2359619140625, 1946.589599609375, -7000.0
1841.6939697265625, 1940.6055908203125, -7000.0
1836.100830078125, 1911.4351806640625, -7000.0
1830.4569091796875, 1882.2646484375, -7000.0
1824.7626953125, 1853.0941162109375, -6545.63916015625
1819.0185546875, 1823.922607421875, -3432.91552734375
1813.2249755859375, 1794.751953125, -626.7520751953125
1807.382080078125, 1765.581298828125, 1983.333984375
1801.4906005859375, 1741.5028076171875, 1983.333984375
1795.5506591796875, 1739.7193603515625, 1983.333984375
1789.5628662109375, 1747.979248046875, 1983.333984375
1783.527587890625, 1756.2392578125, 1983.333984375
1777.445068359375, 1764.499267578125, 1983.333984375
1771.3160400390625, 1772.75927734375, 799.4439086914062
1765.140625, 1781.0194091796875, -537.7252807617188
1758.91943359375, 1789.279541015625, -3465.3388671875
1752.65283203125, 1797.539794921875, -5082.849609375
1746.34130859375, 1805.7999267578125, -7000.0
1739.9852294921875, 1814.0601806640625, -7000.0
1733.5850830078125, 1822.3203125, -7000.0
1727.1412353515625, 1830.5804443359375, -7000.0
1720.6541748046875, 1837.1407470703125, -7000.0
1714.124267578125, 1831.13671875, -7000.0
1707.5521240234375, 1801.96630859375, -7000.0
1700.938232421875, 1772.7957763671875, -7000.0
1694.28271484375, 1743.6253662109375, -7000.0
1687.58642578125, 1714.454833984375, -6378.7470703125
1680.849609375, 1685.284423828125, -3221.209716796875
1674.07275390625, 1656.1138916015625, -485.02044677734375
1667.25634765625, 1626.943359375, 1983.333984375
1660.4007568359375, 1602.8817138671875, 1983.333984375
1653.5067138671875, 1601.106689453125, 1983.333984375
1646.574462890625, 1609.36669921875, 1983.333984375
1639.6044921875, 1617.626708984375, 1983.333984375
1632.597412109375, 1625.886962890625, 1732.0506591796875
1625.5535888671875, 1634.14697265625, 683.9363403320312
1618.4736328125, 1642.4071044921875, -1569.837646484375
1611.35791015625, 1650.667236328125, -2644.36669921875
1604.2069091796875, 1658.9273681640625, -5428.8994140625
1597.021240234375, 1667.1875, -7000.0
1589.80126953125, 1675.4476318359375, -7000.0
1582.547607421875, 1683.707763671875, -7000.0
1575.2606201171875, 1691.9678955078125, -7000.0
1567.9410400390625, 1698.5223388671875, -7000.0
1560.5889892578125, 1692.49755859375, -7000.0
1553.205322265625, 1663.3271484375, -7000.0
1545.79052734375, 1634.15673828125, -7000.0
1538.3448486328125, 1604.986328125, -7000.0
1530.8690185546875, 1575.8160400390625, -7000.0
1523.363525390625, 1546.64453125, -5968.80810546875
1515.828857421875, 1517.4739990234375, -2513.11279296875
1508.2655029296875, 1488.3035888671875, -81.2342758178711
1500.674072265625, 1459.1331787109375, 1983.333984375
1493.0550537109375, 1435.9969482421875, 1983.333984375
1485.408935546875, 1437.7059326171875, 1983.333984375
1477.7362060546875, 1445.9656982421875, 1983.333984375
1470.0374755859375, 1454.2265625, 1983.333984375
1462.313232421875, 1462.4866943359375, 943.6063842773438
1454.5640869140625, 1470.7467041015625, -436.4518737792969
1446.7904052734375, 1479.0067138671875, -3582.501953125
1438.992919921875, 1487.2667236328125, -5582.94189453125
1431.1719970703125, 1495.52685546875, -7000.0
1423.328369140625, 1503.786865234375, -7000.0
1415.46240234375, 1512.0469970703125, -7000.0
1407.57470703125, 1520.3072509765625, -7000.0
1399.665771484375, 1528.5672607421875, -7000.0
1391.7362060546875, 1535.1146240234375, -7000.0
1383.78662109375, 1529.0648193359375, -7000.0
1375.8173828125, 1499.89453125, -7000.0
1367.8292236328125, 1470.7242431640625, -7000.0
1359.822509765625, 1441.553955078125, -7000.0
1351.7979736328125, 1412.383544921875, -7000.0
1343.756103515625, 1383.2132568359375, -7000.0
1335.6973876953125, 1354.04296875, -5404.60546875
1327.6224365234375, 1324.872802734375, -1474.5418701171875
1319.53173828125, 1295.702392578125, 1092.3466796875
1311.426025390625, 1266.5321044921875, 1983.333984375
1303.3056640625, 1243.9757080078125, 1983.333984375
1295.17138671875, 1248.34326171875, 1983.333984375
1287.0235595703125, 1259.164306640625, 1983.333984375
1278.8629150390625, 1269.8955078125, 1708.887451171875
1270.68994140625, 1280.53662109375, 247.42791748046875
1262.505126953125, 1291.0880126953125, -2517.582275390625
1254.3092041015625, 1301.5498046875, -4453.384765625
1246.1026611328125, 1311.9215087890625, -7000.0
1237.885986328125, 1322.202880859375, -7000.0
1229.6597900390625, 1332.394287109375, -7000.0
1221.4246826171875, 1342.4957275390625, -7000.0
1213.1812744140625, 1352.509033203125, -7000.0
1204.9300537109375, 1362.4404296875, -7000.0
1196.6715087890625, 1370.5784912109375, -7000.0
1188.4063720703125, 1365.762939453125, -7000.0
1180.13525390625, 1336.5927734375, -7000.0
1171.8583984375, 1307.422607421875, -7000.0
1163.5767822265625, 1278.25244140625, -7000.0
1155.2906494140625, 1249.0811767578125, -7000.0
1147.000732421875, 1219.9110107421875, -7000.0
1138.7076416015625, 1190.7408447265625, -7000.0
1130.411865234375, 1161.5706787109375, -6871.3359375
1122.1138916015625, 1132.3995361328125, -4360.30224609375
1113.8145751953125, 1103.2294921875, -2412.532958984375
1105.51416015625, 1074.0595703125, 856.852783203125
1097.21337890625, 1050.0625, 1983.333984375
1088.912841796875, 1047.5064697265625, 1983.333984375
1080.613037109375, 1053.567626953125, 1983.333984375
1072.3145751953125, 1066.056396484375, 1199.2427978515625
1064.01806640625, 1078.443115234375, -958.6467895507812
1055.7239990234375, 1090.72216796875, -1571.8028564453125
1047.4329833984375, 1102.8990478515625, -4496.79150390625
1039.1455078125, 1114.9681396484375, -7000.0
1030.8623046875, 1126.9351806640625, -7000.0
1022.5839233398438, 1138.794189453125, -7000.0
1014.310791015625, 1150.5533447265625, -7000.0
1006.0435791015625, 1162.212646484375, -7000.0
997.7828979492188, 1173.7716064453125, -7000.0
989.5291748046875, 1185.2308349609375, -7000.0
981.2830810546875, 1194.8775634765625, -7000.0
973.0452270507812, 1191.22119140625, -7000.0
964.8160400390625, 1162.0513916015625, -7000.0
956.5962524414062, 1132.8814697265625, -7000.0
948.3862915039062, 1103.71142578125, -7000.0
940.186767578125, 1074.5416259765625, -7000.0
931.998291015625, 1045.37158203125, -7000.0
923.8213500976562, 1016.2017211914062, -7000.0
915.6566162109375, 987.0308227539062, -7000.0
907.5045166015625, 957.861083984375, -7000.0
899.36572265625, 928.69140625, -6661.888671875
891.24072265625, 899.5217895507812, -3932.20263671875
883.130126953125, 870.352294921875, -1754.9263916015625
875.034423828125, 841.182861328125, 586.2747802734375
866.9542846679688, 817.208740234375, 1983.333984375
858.8901977539062, 816.79638671875, 1983.333984375
850.8426513671875, 831.3182983398438, 1983.333984375
842.8123779296875, 845.7125854492188, 877.8131713867188
834.7997436523438, 859.9869384765625, -1530.8089599609375
826.805419921875, 874.141357421875, -3527.63671875
818.8298950195312, 888.173828125, -7000.0
810.873779296875, 902.08056640625, -7000.0
802.9375610351562, 915.8751831054688, -7000.0
795.0218505859375, 929.5498657226562, -7000.0
787.1270751953125, 943.1045532226562, -7000.0
779.25390625, 956.541259765625, -7000.0
771.40283203125, 969.8660278320312, -7000.0
763.574462890625, 981.353271484375, -7000.0
755.7691650390625, 979.12255859375, -7000.0
747.9876708984375, 949.9530639648438, -7000.0
740.2303466796875, 920.7835693359375, -7000.0
732.4978637695312, 891.6140747070312, -7000.0
724.7907104492188, 862.4447021484375, -7000.0
717.1094360351562, 833.2753295898438, -7000.0
709.4544677734375, 804.1060791015625, -7000.0
701.8264770507812, 774.9368286132812, -7000.0
694.2258911132812, 745.767822265625, -7000.0
686.6532592773438, 716.5989990234375, -6732.6572265625
679.109130859375, 687.4303588867188, -4003.7216796875
671.5939331054688, 658.2617797851562, -1759.198486328125
664.1083374023438, 629.093505859375, 508.6271057128906
656.6527099609375, 605.14111328125, 1983.333984375
649.2276611328125, 605.12744140625, 1983.333984375
641.8336791992188, 621.4661865234375, 1983.333984375
634.4713134765625, 637.6654052734375, 641.3304443359375
627.1409301757812, 653.7247314453125, -1914.913818359375
619.8432006835938, 669.6443481445312, -4174.34375
612.5784912109375, 685.4260864257812, -7000.0
605.347412109375, 701.0758666992188, -7000.0
598.150390625, 716.5884399414062, -7000.0
590.9879760742188, 731.970458984375, -7000.0
583.860595703125, 747.2224731445312, -7000.0
576.7688598632812, 762.3446044921875, -7000.0
569.7130737304688, 777.3378295898438, -7000.0
562.6939086914062, 790.4727783203125, -7000.0
555.7117309570312, 789.5040283203125, -7000.0
548.7670288085938, 760.3352661132812, -7000.0
541.8603515625, 731.1664428710938, -7000.0
534.9920654296875, 701.9978637695312, -7000.0
528.1627807617188, 672.829345703125, -7000.0
521.3728637695312, 643.6609497070312, -7000.0
514.622802734375, 614.4927368164062, -7000.0
507.9131164550781, 585.324951171875, -7000.0
501.24420166015625, 556.1574096679688, -7000.0
494.6165466308594, 526.9891357421875, -7000.0
488.0306091308594, 497.8224182128906, -4424.66357421875
481.4868469238281, 468.65618896484375, -2214.895263671875
474.9856872558594, 439.49053955078125, 889.3631591796875
468.527587890625, 415.5649719238281, 1983.333984375
462.1130065917969, 414.1834411621094, 1983.333984375
455.74237060546875, 425.6962890625, 1983.333984375
449.4161376953125, 443.568603515625, 546.2506713867188
443.13470458984375, 461.28369140625, -1038.22705078125
436.8985595703125, 478.8492736816406, -2441.56201171875
430.7080993652344, 496.26519775390625, -6476.65625
424.5637512207031, 513.5313720703125, -7000.0
418.4659423828125, 530.6499633789062, -7000.0
412.41510009765625, 547.6266479492188, -7000.0
406.41162109375, 564.4534301757812, -7000.0
400.4559326171875, 581.1324462890625, -7000.0
394.5484619140625, 597.6715698242188, -7000.0
388.6895751953125, 614.0707397460938, -7000.0
382.8797302246094, 628.5952758789062, -7000.0
377.1192626953125, 628.6885375976562, -7000.0
371.40863037109375, 599.5209350585938, -7000.0
365.7481689453125, 570.3534545898438, -7000.0
360.1383361816406, 541.1862182617188, -7000.0
354.5794677734375, 512.0194091796875, -7000.0
349.0719299316406, 482.8518371582031, -7000.0
343.6161804199219, 453.6859130859375, -7000.0
338.2125244140625, 424.5206604003906, -7000.0
332.8613586425781, 395.35626220703125, -7000.0
327.56304931640625, 366.1929016113281, -7000.0
322.3179626464844, 337.0307922363281, -4984.64599609375
317.12646484375, 307.8703918457031, -3152.09912109375
311.9889221191406, 278.7121887207031, -407.4280090332031
306.9056396484375, 254.8175506591797, 1983.333984375
301.8770446777344, 252.97621154785156, 1983.333984375
296.9034118652344, 263.03179931640625, 1983.333984375
291.9851379394531, 282.2873229980469, 833.676025390625
287.1225280761719, 301.3827209472656, -316.1652526855469
282.31591796875, 320.3116455078125, -1299.519287109375
277.5656433105469, 339.0816650390625, -4926.3232421875
272.8720703125, 357.6925048828125, -7000.0
268.2354431152344, 376.1440734863281, -7000.0
263.6561584472656, 394.4382629394531, -7000.0
259.1344909667969, 412.5807800292969, -7000.0
254.67076110839844, 430.5635986328125, -7000.0
250.26527404785156, 448.388916015625, -7000.0
245.91835021972656, 466.0644836425781, -7000.0
241.63026428222656, 481.84820556640625, -7000.0
237.4013214111328, 482.9000244140625, -7000.0
233.2318115234375, 453.7345275878906, -7000.0
229.1220245361328, 424.5696105957031, -7000.0
225.07225036621094, 395.4053649902344, -7000.0
221.082763671875, 366.2421875, -7000.0
217.15382385253906, 337.0801086425781, -7000.0
213.2857208251953, 307.919677734375, -7000.0
209.4787139892578, 278.7614440917969, -7000.0
205.73306274414062, 249.60623168945312, -7000.0
202.04904174804688, 220.4551239013672, -5401.25830078125
198.4268798828125, 191.31007385253906, -958.6348876953125
194.86683654785156, 162.17428588867188, 563.8523559570312
191.36917114257812, 133.05389404296875, 1983.333984375
187.93409729003906, 114.53416442871094, 1983.333984375
184.56187438964844, 135.02398681640625, 1983.333984375
181.2527313232422, 155.37574768066406, 1983.333984375
178.00689697265625, 175.54190063476562, 851.8114624023438
174.82456970214844, 195.5421905517578, -1031.189208984375
171.7060089111328, 215.36888122558594, -2621.703125
168.65139770507812, 235.0288848876953, -6733.9375
165.6609649658203, 254.52330017089844, -7000.0
162.73492431640625, 273.8573303222656, -7000.0
159.87344360351562, 293.02490234375, -7000.0
157.07675170898438, 312.0314025878906, -7000.0
154.3450164794922, 330.87103271484375, -7000.0
151.67845153808594, 347.79302978515625, -7000.0
149.0772247314453, 349.669921875, -7000.0
146.54151916503906, 320.50933837890625, -7000.0
144.07150268554688, 291.3505554199219, -7000.0
141.6673583984375, 262.19415283203125, -7000.0
139.32923889160156, 233.04136657714844, -7000.0
137.0573272705078, 203.89337158203125, -7000.0
134.8517608642578, 174.7530517578125, -7000.0
132.71267700195312, 145.62498474121094, -4763.05224609375
130.6402587890625, 116.5183334350586, -2362.9091796875
128.63462829589844, 87.45452117919922, 1092.252685546875
126.69593048095703, 63.77666091918945, 1983.333984375
124.82429504394531, 63.1042366027832, 1983.333984375
123.01985168457031, 77.55096435546875, 1983.333984375
121.28272247314453, 98.30669403076172, 1983.333984375
119.61302947998047, 118.92127227783203, 604.653564453125
118.0108871459961, 139.37889099121094, -1332.16015625
116.47640228271484, 159.67762756347656, -2848.41162109375
115.00968933105469, 179.80569458007812, -6763.177734375
113.61084747314453, 199.76950073242188, -7000.0
112.27996826171875, 219.5670623779297, -7000.0
111.01714324951172, 239.1974639892578, -7000.0
109.82246398925781, 258.6600036621094, -7000.0
108.69601440429688, 277.95635986328125, -7000.0
107.63786315917969, 297.09185791015625, -7000.0
106.64808654785156, 314.2955017089844, -7000.0
105.72675323486328, 316.3663024902344, -7000.0
104.87393188476562, 287.2080993652344, -7000.0
104.08968353271484, 258.05230712890625, -7000.0
103.3740463256836, 228.90017700195312, -7000.0
102.72708129882812, 199.75341796875, -7000.0
102.14883422851562, 170.61448669433594, -7000.0
101.63933563232422, 141.4887237548828, -7000.0
101.1986312866211, 112.38639068603516, -4557.15478515625
100.82674407958984, 83.33203887939453, -1766.896484375
100.5237045288086, 54.40254592895508, 1279.2000732421875
100.28953552246094, 31.118799209594727, 1983.333984375
100.1242446899414, 32.23853302001953, 1983.333984375
100.02784729003906, 53.021087646484375, 1983.333984375
100.00035095214844, 73.89039611816406, 1983.333984375
100.04175567626953, 94.67090606689453, 1125.1239013671875
100.15206146240234, 115.31261444091797, -121.24652862548828
100.33126068115234, 135.79824829101562, -3634.73046875
100.57933807373047, 156.1250762939453, -6448.13037109375
100.89627838134766, 176.28231811523438, -7000.0
101.28206634521484, 196.27516174316406, -7000.0
101.73665618896484, 216.10202026367188, -7000.0
102.26004028320312, 235.76182556152344, -7000.0
102.85216522216797, 255.25389099121094, -7000.0
103.51299285888672, 272.8067626953125, -7000.0
104.24248504638672, 275.12213134765625, -7000.0
105.04058837890625, 245.96807861328125, -7000.0
105.9072494506836, 216.8181610107422, -7000.0
106.84239959716797, 187.6732940673828, -7000.0
107.84598541259766, 158.5393829345703, -7000.0
108.91793060302734, 129.42161560058594, -5628.265625
110.05816650390625, 100.334716796875, -856.2547607421875
111.26660919189453, 71.31645202636719, 1435.829833984375
112.54318237304688, 42.50766372680664, 1983.333984375
113.88778686523438, 24.940887451171875, 1983.333984375
115.30034637451172, 45.53828048706055, 1983.333984375
116.78074645996094, 66.41694641113281, 1983.333984375
118.32889556884766, 87.24394226074219, 1983.333984375
119.94468688964844, 107.94415283203125, 949.3257446289062
121.62799835205078, 128.4911346435547, -1235.912841796875
123.37873077392578, 148.8760986328125, -3555.294677734375
125.1967544555664, 169.0984344482422, -5042.0126953125
127.08193969726562, 189.14938354492188, -7000.0
129.03416442871094, 209.0348358154297, -7000.0
131.05328369140625, 228.75355529785156, -7000.0
133.13917541503906, 248.30474853515625, -7000.0
135.29168701171875, 265.9111022949219, -7000.0
137.5106658935547, 268.2447204589844, -7000.0
139.79595947265625, 239.09153747558594, -7000.0
142.1474151611328, 209.94288635253906, -7000.0
144.56488037109375, 180.80105590820312, -7000.0
147.04815673828125, 151.6702880859375, -3815.517822265625
149.59710693359375, 122.55693817138672, -1885.56494140625
152.2115478515625, 93.48125457763672, 1983.333984375
154.8912811279297, 70.84515380859375, 1983.333984375
157.63613891601562, 75.59339904785156, 1983.333984375
160.44593811035156, 96.36380004882812, 1983.333984375
163.32046508789062, 116.9954833984375, 1983.333984375
166.25953674316406, 137.46910095214844, 1983.333984375
169.262939453125, 157.7787322998047, 926.973388671875
172.33047485351562, 177.92584228515625, -1072.416259765625
175.46192932128906, 197.90664672851562, -3057.268310546875
178.65708923339844, 217.7135467529297, -4019.600341796875
181.9157257080078, 237.3555145263672, -6810.3154296875
185.2376251220703, 256.8374938964844, -7000.0
188.62255859375, 276.15118408203125, -7000.0
192.07028198242188, 295.2983703613281, -7000.0
195.58056640625, 312.5015563964844, -7000.0
199.15316772460938, 314.493408203125, -7000.0
202.78782653808594, 285.3353271484375, -7000.0
206.4843292236328, 256.1798095703125, -7000.0
210.24237060546875, 227.0279541015625, -5216.60400390625
214.06173706054688, 197.88160705566406, -2573.133544921875
217.94215393066406, 168.7433319091797, 924.4991455078125
221.88333129882812, 145.01370239257812, 1983.333984375
225.885009765625, 146.0150909423828, 1983.333984375
229.94692993164062, 166.25515747070312, 1983.333984375
234.0688018798828, 186.331298828125, 1983.333984375
238.2503204345703, 206.23509216308594, 1983.333984375
242.49122619628906, 225.97280883789062, 1562.2174072265625
246.79122924804688, 245.54537963867188, 374.0731506347656
251.15000915527344, 264.9580383300781, -699.61767578125
255.56727600097656, 284.2022399902344, -3417.480224609375
260.042724609375, 303.27984619140625, -4845.31982421875
264.5760498046875, 322.1984558105469, -7000.0
269.16693115234375, 340.9579162597656, -7000.0
273.8150634765625, 359.5580139160156, -7000.0
278.5201416015625, 376.20831298828125, -7000.0
283.28179931640625, 377.745849609375, -7000.0
288.0997314453125, 348.5837707519531, -7000.0
292.9736022949219, 319.4230651855469, -6327.59716796875
297.9031066894531, 290.26416015625, -1786.2672119140625
302.8878479003906, 261.10784912109375, 904.689453125
307.9275207519531, 231.9549560546875, 1983.333984375
313.02178955078125, 213.4894256591797, 1983.333984375
318.1702575683594, 233.16644287109375, 1983.333984375
323.3725891113281, 252.67669677734375, 1983.333984375
328.6284484863281, 272.0214538574219, 1983.333984375
333.9374694824219, 291.2057189941406, 1983.333984375
339.29925537109375, 310.2234191894531, 1983.333984375
344.7134704589844, 329.0822448730469, 1556.2257080078125
350.1797180175781, 347.7818908691406, 595.6021118164062
355.6976318359375, 366.3221740722656, -128.75717163085938
361.2668151855469, 384.7029724121094, -2283.593505859375
366.88690185546875, 402.9242248535156, -2946.99560546875
372.5575256347656, 420.9880676269531, -4995.9443359375
378.27825927734375, 437.1068420410156, -7000.0
384.0487060546875, 438.2142028808594, -7000.0
389.8684997558594, 409.04986572265625, -5498.29931640625
395.7372131347656, 379.8863220214844, -2887.88623046875
401.65447998046875, 350.72381591796875, 989.2735595703125
407.6198425292969, 326.99505615234375, 1983.333984375
413.6329040527344, 327.6853942871094, 1983.333984375
419.6932678222656, 346.3936462402344, 1983.333984375
425.8005065917969, 364.9430847167969, 1983.333984375
431.9541931152344, 383.33331298828125, 1983.333984375
438.1539306640625, 401.56646728515625, 1983.333984375
444.3992614746094, 419.6478576660156, 1983.333984375
450.68975830078125, 437.5719299316406, 1371.918212890625
457.0249938964844, 455.3441467285156, 441.320556640625
463.4045104980469, 472.95880126953125, -154.8319091796875
469.8279113769531, 490.4236755371094, -1985.064453125
476.29473876953125, 507.7393798828125, -2139.3564453125
482.8045349121094, 524.90673828125, -3505.98876953125
489.35687255859375, 540.1336669921875, -5797.17529296875
495.9512634277344, 540.531005859375, -7000.0
502.5872802734375, 511.3644714355469, -4309.10595703125
509.26446533203125, 482.1982727050781, -476.4312438964844
515.9823608398438, 453.03253173828125, 1983.333984375
522.740478515625, 429.31524658203125, 1983.333984375
529.5383911132812, 429.8260803222656, 1983.333984375
536.3756103515625, 447.6593017578125, 1983.333984375
543.2516479492188, 465.3432312011719, 1983.333984375
550.1660766601562, 482.87762451171875, 1983.333984375
557.1183471679688, 500.2623291015625, 1983.333984375
564.1080322265625, 517.4972534179688, 1983.333984375
571.1346435546875, 534.58251953125, 1983.333984375
578.1976928710938, 551.5202026367188, 1983.333984375
585.2967529296875, 568.3157958984375, 1940.3048095703125
592.4312133789062, 584.9636840820312, 826.7929077148438
599.6006469726562, 601.4716796875, -341.7038879394531
606.8045654296875, 617.8397827148438, -1069.4954833984375
614.04248046875, 632.2647094726562, -2583.478515625
621.3139038085938, 637.4840698242188, -960.5692138671875
628.6182861328125, 633.1046752929688, -907.7767333984375
635.9551391601562, 623.2645874023438, -301.5742492675781
643.323974609375, 599.5580444335938, 1983.333984375
650.7242431640625, 597.35546875, 1983.333984375
658.155517578125, 605.250244140625, 1983.333984375
665.6171875, 621.587646484375, 1983.333984375
673.1088256835938, 637.785400390625, 1983.333984375
680.6298828125, 653.8433227539062, 1983.333984375
688.1798095703125, 669.7615966796875, 1983.333984375
695.7581176757812, 685.5420532226562, 1280.0062255859375
703.3643188476562, 701.1904296875, 648.7605590820312
710.997802734375, 716.7017211914062, -837.3995361328125
718.6580810546875, 732.0824584960938, -1814.28564453125
726.3446655273438, 747.3331909179688, -3608.057373046875
734.0570068359375, 762.4540405273438, -3333.800048828125
741.7944946289062, 777.44482421875, -3903.408935546875
749.5567626953125, 790.4976806640625, -5050.01513671875
757.3430786132812, 789.1760864257812, -5096.81298828125
765.153076171875, 760.0072631835938, -909.0284423828125
772.9861450195312, 730.8385620117188, 1983.333984375
780.8416748046875, 701.6698608398438, 1983.333984375
788.71923828125, 682.4144897460938, 1983.333984375
796.6182861328125, 698.0844116210938, 1983.333984375
804.5382080078125, 713.6246337890625, 1983.333984375
812.4784545898438, 729.0328979492188, 1983.333984375
820.4385375976562, 744.303466796875, 1983.333984375
828.4179077148438, 759.4442749023438, 1983.333984375
836.4159545898438, 774.4549560546875, 1983.333984375
844.4321899414062, 789.3358154296875, 1983.333984375
852.4660034179688, 804.0888671875, 1983.333984375
860.5169067382812, 818.7197875976562, 1983.333984375
868.5842895507812, 833.222900390625, 1983.333984375
876.6676635742188, 847.6038208007812, 1983.333984375
884.766357421875, 861.8569946289062, 1983.333984375
892.8799438476562, 875.9901733398438, 1983.333984375
901.0077514648438, 890.00341796875, 1569.6907958984375
909.1492919921875, 903.8966064453125, 532.0531005859375
917.303955078125, 917.6698608398438, -141.19186401367188
925.4712524414062, 931.3253784179688, -286.6631774902344
933.6505737304688, 943.0546264648438, -831.1116333007812
941.84130859375, 946.1795043945312, -768.4674072265625
950.04296875, 941.7998046875, -367.6313171386719
958.2549438476562, 937.4200439453125, 507.92840576171875
966.4767456054688, 934.4652099609375, 1983.333984375
974.7077026367188, 939.0530395507812, 1983.333984375
982.947265625, 952.52587890625, 1983.333984375
991.1949462890625, 965.881103515625, 1983.333984375
999.4500732421875, 979.12646484375, 1983.333984375
1007.712158203125, 992.2596435546875, 1983.333984375
1015.9805908203125, 1005.275146484375, 1648.1968994140625
1024.2548828125, 1018.1806640625, 812.4039916992188
1032.5343017578125, 1030.9761962890625, 456.1453552246094
1040.818359375, 1043.6617431640625, -373.6144714355469
1049.1065673828125, 1056.2373046875, -653.4292602539062
1057.398193359375, 1068.705078125, -1397.201171875
1065.69287109375, 1081.0706787109375, -2569.661865234375
1073.9898681640625, 1091.5079345703125, -1102.1539306640625
1082.28857421875, 1093.6319580078125, -1827.4849853515625
1090.588623046875, 1083.7467041015625, -435.267333984375
1098.8892822265625, 1060.083251953125, 1983.333984375
1107.18994140625, 1055.703369140625, 1983.333984375
1115.490234375, 1055.07373046875, 1983.333984375
1123.789306640625, 1067.5511474609375, 1983.333984375
1132.0869140625, 1079.926513671875, 1983.333984375
1140.3822021484375, 1092.1922607421875, 1983.333984375
1148.6746826171875, 1104.35009765625, 1983.333984375
1156.9638671875, 1116.407958984375, 1983.333984375
1165.2491455078125, 1128.363525390625, 1983.333984375
1173.5299072265625, 1140.21142578125, 1983.333984375
1181.8055419921875, 1151.9591064453125, 1983.333984375
1190.0755615234375, 1163.6070556640625, 1983.333984375
1198.3394775390625, 1175.1546630859375, 1983.333984375
1206.5965576171875, 1186.6026611328125, 1983.333984375
1214.84619140625, 1197.952880859375, 1983.333984375
1223.0880126953125, 1209.21044921875, 1983.333984375
1231.3214111328125, 1220.3685302734375, 1887.0870361328125
1239.545654296875, 1231.428466796875, 1481.9505615234375
1247.76025390625, 1242.396484375, 792.708984375
1255.9647216796875, 1253.2664794921875, 785.5868530273438
1264.158447265625, 1264.046630859375, 493.35968017578125
1272.3409423828125, 1272.9097900390625, 146.5736541748047
1280.511474609375, 1275.32568359375, 478.1860046386719
1288.6695556640625, 1277.7213134765625, 513.0122680664062
1296.814697265625, 1280.0972900390625, 1208.738037109375
1304.9462890625, 1284.2786865234375, 1983.333984375
1313.063720703125, 1294.7886962890625, 1983.333984375
1321.1663818359375, 1305.208740234375, 1983.333984375
