190.26931762695312, 197.11611938476562, -271.98052978515625
193.7987060546875, 200.59349060058594, -524.47607421875
197.3923797607422, 204.1015167236328, -765.7767333984375
200.9966278076172, 223.90965270996094, -2810.159912109375
204.71717834472656, 243.82640075683594, -3816.867919921875
208.4459686279297, 263.2786560058594, -6573.06591796875
212.23619079589844, 282.56097412109375, -7000.0
216.0875701904297, 301.6727294921875, -7000.0
220.1158447265625, 315.0848388671875, -7000.0
224.09054565429688, 295.9312438964844, -7000.0
228.12559509277344, 266.728271484375, -7000.0
232.22073364257812, 237.5314483642578, -3930.619873046875
236.37564086914062, 208.3444061279297, -22.75848388671875
240.59007263183594, 179.1681365966797, 1983.333984375
244.8637237548828, 168.68417358398438, 1983.333984375
249.19627380371094, 182.77801513671875, 1983.333984375
253.58746337890625, 202.76365661621094, 1983.333984375
258.10284423828125, 222.75814819335938, 1983.333984375
262.6112060546875, 242.41676330566406, 1983.333984375
267.1772766113281, 261.8867492675781, 309.38201904296875
271.80072021484375, 281.1847229003906, -239.2056884765625
276.5505065917969, 300.4234924316406, -2433.508544921875
281.2886047363281, 319.3819580078125, -3256.63232421875
286.1540222167969, 338.44927978515625, -5727.34765625
291.00543212890625, 357.0824890136719, -7000.0
295.9125671386719, 375.5543518066406, -7000.0
300.8751220703125, 393.8660888671875, -7000.0
305.9669494628906, 405.5588073730469, -7000.0
311.1150817871094, 383.8502502441406, -7000.0
316.2433776855469, 354.6607666015625, -7000.0
321.5022888183594, 325.183349609375, -3721.3388671875
326.7389831542969, 295.9960021972656, -1222.1563720703125
332.02899169921875, 266.8123779296875, 1983.333984375
337.4508972167969, 261.93670654296875, 1983.333984375
342.8471374511719, 278.05743408203125, 1983.333984375
348.2955322265625, 297.20184326171875, 1983.333984375
353.79571533203125, 316.20233154296875, 1983.333984375
359.42938232421875, 335.18170166015625, 1983.333984375
365.11553955078125, 354.115234375, 1049.133056640625
370.77032470703125, 372.6186828613281, -346.4270324707031
376.55963134765625, 391.0766906738281, -1446.6533203125
382.4002380371094, 409.35528564453125, -1113.37451171875
388.2060241699219, 427.3782043457031, -2067.782958984375
394.2337951660156, 445.64697265625, -4503.2021484375
400.138671875, 463.3659973144531, -7000.0
406.091796875, 480.934326171875, -7000.0
412.09271240234375, 490.9546203613281, -7000.0
418.14105224609375, 465.50982666015625, -7000.0
424.32635498046875, 436.2101135253906, -4664.3291015625
430.4689025878906, 407.0191650390625, -1227.33203125
436.6575622558594, 377.83135986328125, 1983.333984375
442.8919677734375, 371.2086181640625, 1983.333984375
449.2643127441406, 387.59283447265625, 1983.333984375
455.5894775390625, 405.8171081542969, 1983.333984375
462.05303955078125, 423.931884765625, 1983.333984375
468.5618591308594, 441.9734191894531, 1983.333984375
475.115478515625, 459.9682922363281, 1624.986572265625
481.61749267578125, 477.56005859375, 974.4222412109375
488.1621398925781, 495.0024719238281, -873.9848022460938
494.7489013671875, 512.29345703125, -2291.165283203125
501.4751892089844, 529.5074462890625, -1994.2861328125
508.2439270019531, 546.6022338867188, -2877.047119140625
515.0546264648438, 563.5294189453125, -4936.95068359375
521.8072509765625, 580.2380981445312, -7000.0
528.5996704101562, 588.9057006835938, -7000.0
535.5322875976562, 560.7163696289062, -6187.95751953125
542.403564453125, 531.5221557617188, -1306.959716796875
549.4151611328125, 502.24273681640625, 1983.333984375
556.4658203125, 472.9443664550781, 1983.333984375
563.5550537109375, 489.99212646484375, 1983.333984375
570.5787963867188, 507.3261413574219, 1983.333984375
577.6389770507812, 524.5095825195312, 1983.333984375
584.7351684570312, 541.5530395507812, 1983.333984375
591.9720458984375, 558.522216796875, 1983.333984375
599.1392211914062, 575.2748413085938, 1983.333984375
606.3410034179688, 591.878173828125, 1650.0986328125
613.6834106445312, 608.4694213867188, 315.3995361328125
620.953125, 624.7906494140625, -1030.534912109375
628.2559204101562, 640.9716186523438, -1896.1090087890625
635.6992797851562, 657.1492309570312, -912.6484985351562
643.0670166015625, 672.7807006835938, -875.1531372070312
650.5752563476562, 679.0322875976562, -3523.9501953125
658.1153564453125, 649.3933715820312, -1846.7596435546875
665.6868896484375, 621.511962890625, 1465.287353515625
673.1787719726562, 617.1280517578125, 1983.333984375
680.7000732421875, 613.991943359375, 1983.333984375
688.2503051757812, 630.267333984375, 1983.333984375
695.9405517578125, 646.5370483398438, 1983.333984375
703.54736328125, 662.531982421875, 1983.333984375
711.1815185546875, 678.3875122070312, 1983.333984375
718.955322265625, 694.1820678710938, 1983.333984375
726.6428833007812, 709.7667236328125, 1983.333984375
734.356201171875, 725.22119140625, 1178.958740234375
742.2086791992188, 740.6361694335938, 521.8324584960938
749.97216796875, 755.8300170898438, -928.543212890625
757.87451171875, 771.0763549804688, -1876.0255126953125
765.6860961914062, 786.04052734375, -3594.740478515625
773.5206909179688, 799.9796142578125, -3056.2890625
781.4934692382812, 805.2758178710938, -2281.950927734375
789.3728637695312, 798.0996704101562, -2635.23974609375
797.3899536132812, 768.7088012695312, 28.466196060180664
805.3118896484375, 742.5170288085938, 1983.333984375
813.37109375, 739.5701293945312, 1983.333984375
821.4506225585938, 747.71044921875, 1983.333984375
829.432373046875, 762.8385620117188, 1983.333984375
837.4327392578125, 777.840576171875, 1983.333984375
845.5692749023438, 792.8106079101562, 1983.333984375
853.6055908203125, 807.5906372070312, 1983.333984375
861.8959350585938, 822.5682983398438, 1983.333984375
869.9661254882812, 837.0540771484375, 1983.333984375
878.0521240234375, 851.41845703125, 1983.333984375
886.1534423828125, 865.6604614257812, 1983.333984375
894.2694702148438, 879.7738647460938, 1958.76220703125
902.399658203125, 893.7953491210938, 1274.885498046875
910.5435180664062, 907.6675415039062, 925.2504272460938
918.7003784179688, 921.4214477539062, -29.758703231811523
926.989990234375, 933.56884765625, -264.20611572265625
935.1714477539062, 938.8582153320312, -155.8420867919922
943.3642578125, 942.0760498046875, -584.2297973632812
951.6885986328125, 937.653564453125, 465.7552490234375
959.902587890625, 934.1935424804688, 1769.2528076171875
968.3682861328125, 935.5359497070312, 1983.333984375
976.6012573242188, 942.7818603515625, 1983.333984375
984.8427734375, 956.2601928710938, 1983.333984375
993.0922241210938, 969.613037109375, 1983.333984375
1001.3489990234375, 982.843505859375, 1983.333984375
1009.7341918945312, 996.0654296875, 1977.8837890625
1018.0040893554688, 1009.06298828125, 1429.2373046875
1026.4013671875, 1022.0547485351562, 410.0089416503906
1034.68212890625, 1034.8309326171875, -118.15723419189453
1042.96728515625, 1047.4969482421875, -113.54865264892578
1051.2564697265625, 1060.0633544921875, -598.6580810546875
1059.5489501953125, 1072.523193359375, -1515.1868896484375
1067.9661865234375, 1084.9786376953125, -2869.275390625
1076.2637939453125, 1094.9189453125, -1486.6812744140625
1084.6849365234375, 1096.4610595703125, -2242.7587890625
1092.9852294921875, 1084.6751708984375, -662.2142333984375
1101.285888671875, 1062.9013671875, 1983.333984375
1109.5865478515625, 1058.51611328125, 1983.333984375
1117.8865966796875, 1059.2252197265625, 1983.333984375
1126.185302734375, 1071.6859130859375, 1983.333984375
1134.482177734375, 1084.036376953125, 1983.333984375
1142.8988037109375, 1096.3997802734375, 1983.333984375
1151.312255859375, 1108.5787353515625, 1983.333984375
1159.6002197265625, 1120.6109619140625, 1983.333984375
1167.884033203125, 1144.4613037109375, 1879.98388671875
1184.558837890625, 1156.192138671875, 1983.333984375
1192.948486328125, 1167.974365234375, 1983.333984375
1201.2099609375, 1179.5037841796875, 1983.333984375
1209.464599609375, 1202.318603515625, 1011.9734497070312
1226.0716552734375, 1213.5616455078125, 1114.3878173828125
1234.4227294921875, 1224.86669921875, 905.7025146484375
1242.6434326171875, 1235.903076171875, 396.0176696777344
1250.8543701171875, 1257.7034912109375, -297.5027160644531
1267.244384765625, 1268.4716796875, -681.436279296875
1275.6627197265625, 1276.0572509765625, -174.8372802734375
1283.8282470703125, 1277.4989013671875, 305.4162902832031
1291.981201171875, 1271.2564697265625, 248.24964904785156
1308.4854736328125, 1269.83056640625, 1983.333984375
1316.5965576171875, 1275.8372802734375, 1983.333984375
1324.6927490234375, 1286.4393310546875, 1983.333984375
1332.7734375, 1307.371337890625, 1983.333984375
1348.88623046875, 1317.7015380859375, 1983.333984375
1357.0350341796875, 1328.0283203125, 1983.333984375
1365.0479736328125, 1348.2398681640625, 1710.7115478515625
1381.0185546875, 1358.2176513671875, 1983.333984375
1388.97509765625, 1368.1048583984375, 1983.333984375
1396.91162109375, 1387.777099609375, 1306.41162109375
1412.8388671875, 1397.3515625, 1935.98291015625
1420.712158203125, 1414.515869140625, 1259.625732421875
1436.5068359375, 1422.85302734375, 1837.484375
1444.311767578125, 1431.119384765625, 1983.333984375
1452.093017578125, 1439.38525390625, 1983.333984375
1459.85009765625, 1455.9208984375, 1174.2071533203125
1475.5155029296875, 1464.338134765625, 1473.069091796875
1483.19580078125, 1472.6043701171875, 1689.95703125
1490.849609375, 1480.8702392578125, 1825.9658203125
1498.4765625, 1497.5321044921875, 856.906494140625
1513.7586669921875, 1505.798583984375, 803.5643310546875
1521.30126953125, 1514.064697265625, 670.0994873046875
1528.8148193359375, 1522.3306884765625, 457.23516845703125
1536.298828125, 1538.896240234375, 297.5733947753906
1551.2850341796875, 1547.1622314453125, 775.2557983398438
1558.6768798828125, 1551.0435791015625, 688.8063354492188
1566.037109375, 1555.5205078125, 320.5250244140625
1580.7677001953125, 1563.7923583984375, 1297.6063232421875
1588.1361083984375, 1572.118896484375, 1983.333984375
1595.3638916015625, 1588.7901611328125, 1326.362060546875
1609.821533203125, 1597.056884765625, 1799.7647705078125
1616.9449462890625, 1605.322998046875, 1983.333984375
1624.0325927734375, 1613.60595703125, 1983.333984375
1631.084228515625, 1630.1385498046875, 1007.1936645507812
1645.0772705078125, 1638.4246826171875, 785.8612670898438
1652.119384765625, 1646.761474609375, 429.6120910644531
1659.1224365234375, 1655.051513671875, 895.1741333007812
1665.985107421875, 1663.332763671875, 1170.4415283203125
1672.908935546875, 1671.6246337890625, 335.6039733886719
1679.7919921875, 1674.9417724609375, 895.180419921875
1686.53515625, 1679.923095703125, 675.097900390625
1693.336181640625, 1696.590087890625, 466.2705993652344
1706.6173095703125, 1704.85693359375, 665.7460327148438
1713.1954345703125, 1713.1444091796875, 659.2789916992188
1719.8270263671875, 1721.435546875, 463.6135559082031
1726.319580078125, 1729.7196044921875, 72.74095153808594
1732.7689208984375, 1737.996337890625, -1.5265289545059204
1739.2685546875, 1746.2852783203125, -273.86614990234375
1745.7227783203125, 1754.6444091796875, -761.9125366210938
1752.0386962890625, 1762.9119873046875, -1448.8905029296875
1758.3096923828125, 1771.179443359375, -2329.966552734375
1764.535400390625, 1774.060546875, -2784.152587890625
1770.7152099609375, 1771.186767578125, -2178.935546875
1776.938720703125, 1766.7281494140625, -381.8946533203125
1783.0250244140625, 1762.343994140625, 1083.7236328125
1789.0643310546875, 1757.960205078125, 1983.333984375
1795.0560302734375, 1762.1329345703125, 1983.333984375
1800.9998779296875, 1770.4002685546875, 1983.333984375
1806.9818115234375, 1778.7237548828125, 1983.333984375
1812.8280029296875, 1786.9915771484375, 1983.333984375
1818.7099609375, 1795.3260498046875, 1983.333984375
1824.4566650390625, 1803.593994140625, 1983.333984375
1830.153564453125, 1811.8616943359375, 1983.333984375
1835.8828125, 1820.1724853515625, 1983.333984375
1841.4779052734375, 1828.4443359375, 1983.333984375
1847.10302734375, 1836.7457275390625, 1983.333984375
1852.755615234375, 1845.1627197265625, 1832.9461669921875
1858.1939697265625, 1853.430908203125, 1366.2535400390625
1863.5802001953125, 1861.69873046875, 593.1476440429688
1868.9136962890625, 1869.9664306640625, 466.4388122558594
1874.2716064453125, 1878.3133544921875, 2.568345546722412
1879.498046875, 1880.4395751953125, -83.22771453857422
1884.6707763671875, 1880.4398193359375, 427.3116149902344
1889.7894287109375, 1880.4398193359375, 540.2675170898438
1894.927734375, 1880.43994140625, 1251.4691162109375
1899.9364013671875, 1886.6744384765625, 1786.7760009765625
1904.8900146484375, 1894.952880859375, 1897.9969482421875
1909.8597412109375, 1903.2464599609375, 1628.7647705078125
1914.77197265625, 1911.572998046875, 987.9139404296875
1919.6263427734375, 1919.9613037109375, 922.3822021484375
1924.3536376953125, 1928.22998046875, 454.8542785644531
1929.0240478515625, 1936.498779296875, -401.0943298339844
1933.6373291015625, 1944.767578125, -1134.766845703125
1938.193115234375, 1953.0360107421875, -2256.629150390625
1942.6912841796875, 1961.304443359375, -897.039794921875
1947.1961669921875, 1969.6785888671875, -2905.039794921875
1951.576904296875, 1977.9471435546875, -2431.283203125
1955.8990478515625, 1979.5587158203125, -1670.94189453125
1960.1622314453125, 1956.0155029296875, -599.7389526367188
1964.427490234375, 1926.654296875, 1983.333984375
1968.6314697265625, 1917.61279296875, 1983.333984375
1972.714111328125, 1923.6500244140625, 1983.333984375
1976.79541015625, 1931.990966796875, 1983.333984375
1980.7567138671875, 1940.259765625, 1983.333984375
1984.6573486328125, 1948.53173828125, 1983.333984375
1988.552978515625, 1956.8262939453125, 1983.333984375
1992.33056640625, 1965.1004638671875, 1983.333984375
1996.046630859375, 1973.3883056640625, 1983.333984375
1999.754150390625, 1981.69677734375, 1983.333984375
2003.3455810546875, 1989.97802734375, 1983.333984375
2006.874755859375, 1998.2662353515625, 1935.549560546875
2010.391845703125, 2006.5833740234375, 1355.4266357421875
2013.794921875, 2014.857666015625, 248.29986572265625
2017.18359375, 2023.146728515625, -414.06658935546875
2020.5072021484375, 2031.4354248046875, -1088.166015625
2023.8123779296875, 2032.478271484375, -1504.6923828125
2026.9583740234375, 2028.5533447265625, -1091.1041259765625
2030.04052734375, 2024.1683349609375, -351.4612731933594
2033.1025390625, 2019.748291015625, 275.4758605957031
2036.055419921875, 2019.3387451171875, 1255.9141845703125
2038.94384765625, 2026.8485107421875, 1658.404052734375
2041.7674560546875, 2035.133056640625, 1404.4283447265625
2044.56640625, 2043.4263916015625, 543.4348754882812
2047.2982177734375, 2051.721435546875, 33.118289947509766
2049.9248046875, 2060.008056640625, -585.1978149414062
2052.52294921875, 2068.3779296875, -1849.55859375
2055.017333984375, 2076.6484375, -885.4556274414062
2057.446044921875, 2084.9189453125, -3419.083251953125
2059.843017578125, 2093.302490234375, -3730.17041015625
2062.138671875, 2101.57275390625, -4709.423828125
2064.367919921875, 2109.8427734375, -6331.0634765625
2066.53076171875, 2118.11279296875, -7000.0
2068.626953125, 2118.45751953125, -7000.0
2070.685791015625, 2090.327392578125, -5550.51416015625
2072.6474609375, 2061.093994140625, -3449.14013671875
2074.569580078125, 2031.444091796875, 739.9678955078125
2076.39599609375, 2026.6375732421875, 1983.333984375
2078.1552734375, 2034.70849609375, 1983.333984375
2079.846923828125, 2042.9801025390625, 1983.333984375
2081.47119140625, 2051.254150390625, 1983.333984375
2083.028076171875, 2059.531494140625, 1983.333984375
2084.559814453125, 2067.94677734375, 1983.333984375
2085.978759765625, 2076.217041015625, 1983.333984375
2087.330078125, 2084.487060546875, 1290.677734375
2088.613037109375, 2092.7568359375, 775.1453247070312
2089.828125, 2101.026611328125, -24.142837524414062
2090.974853515625, 2109.296142578125, -1568.585693359375
2092.06884765625, 2117.617919921875, -1066.763671875
2093.078125, 2125.6875, -1344.245849609375
2094.0322265625, 2124.831787109375, -1403.6727294921875
2094.915771484375, 2095.3408203125, -860.9479370117188
2095.71728515625, 2066.135498046875, 1648.8671875
2096.450439453125, 2037.9910888671875, 1983.333984375
2097.124267578125, 2034.1834716796875, 1983.333984375
2097.718994140625, 2042.4532470703125, 1983.333984375
2098.25927734375, 2050.947998046875, 1983.333984375
2098.71435546875, 2059.218505859375, 1983.333984375
2099.100830078125, 2067.488037109375, 1983.333984375
2099.418212890625, 2075.757568359375, 1983.333984375
2099.6669921875, 2084.0263671875, 1983.333984375
2099.8466796875, 2092.295654296875, 1829.523193359375
2099.95751953125, 2100.564453125, 749.8045654296875
2099.99951171875, 2108.8330078125, -275.35040283203125
2099.97265625, 2117.11865234375, -1674.6182861328125
2099.875, 2125.45849609375, -1129.297607421875
2099.706298828125, 2132.917236328125, -1526.234375
2099.470703125, 2129.63525390625, -1554.618408203125
2099.166015625, 2100.434326171875, -1099.049072265625
2098.786865234375, 2070.907958984375, 1227.809326171875
2098.343505859375, 2044.8526611328125, 1983.333984375
2097.83154296875, 2042.0855712890625, 1983.333984375
2097.2509765625, 2050.35400390625, 1983.333984375
2096.6015625, 2058.621826171875, 1983.333984375
2095.872314453125, 2066.940673828125, 1983.333984375
2095.084716796875, 2075.22900390625, 1983.333984375
2094.2021484375, 2083.7353515625, 1983.333984375
2093.275390625, 2092.00390625, 1110.8482666015625
2092.280029296875, 2100.271484375, 164.01026916503906
2091.216552734375, 2108.538818359375, -1277.1343994140625
2090.0673828125, 2116.891845703125, -935.8497314453125
2088.8662109375, 2125.15869140625, -1695.187744140625
2087.596923828125, 2133.42578125, -3507.913818359375
2086.259765625, 2140.147216796875, -6152.25732421875
2084.8544921875, 2134.67138671875, -7000.0
2083.38134765625, 2105.482177734375, -5831.8818359375
2081.84033203125, 2076.27587890625, -1565.62548828125
2080.207763671875, 2046.999267578125, 1394.4200439453125
2078.530517578125, 2017.810302734375, 1983.333984375
2076.7861328125, 1995.90625, 1983.333984375
2074.974365234375, 2004.17236328125, 1983.333984375
2073.067138671875, 2012.5194091796875, 1983.333984375
2071.1201171875, 2020.7894287109375, 1983.333984375
2069.106201171875, 2029.0548095703125, 1983.333984375
2066.994384765625, 2037.3482666015625, 1983.333984375
2064.781982421875, 2045.7603759765625, 1983.333984375
2062.565185546875, 2054.035888671875, 1941.31591796875
2060.2822265625, 2062.301513671875, 694.17236328125
2057.932861328125, 2070.567138671875, -265.5289306640625
2055.517822265625, 2078.832275390625, -2361.2109375
2052.999755859375, 2087.120849609375, -2744.667724609375
2050.4140625, 2093.41748046875, -4110.74755859375
2047.760986328125, 2085.972900390625, -4931.09814453125
2045.08056640625, 2056.783203125, -2676.6064453125
2042.3349609375, 2027.5931396484375, -334.6827087402344
2039.5245361328125, 1998.3931884765625, 1983.333984375
2036.6065673828125, 1975.5423583984375, 1983.333984375
2033.6658935546875, 1974.6219482421875, 1983.333984375
2030.6162109375, 1982.935302734375, 1983.333984375
2027.546142578125, 1991.200927734375, 1983.333984375
2024.412109375, 1999.4661865234375, 1983.333984375
2021.1668701171875, 2007.7579345703125, 1983.333984375
2017.90478515625, 2016.023681640625, 1180.296142578125
2014.5794677734375, 2024.2889404296875, 48.80022048950195
2011.140869140625, 2032.5908203125, -1852.4693603515625
2007.6375732421875, 2040.8795166015625, -2162.39794921875
2004.06982421875, 2049.23046875, -3875.679443359375
2000.4910888671875, 2057.496337890625, -6858.8486328125
1996.850341796875, 2065.761962890625, -7000.0
1993.1478271484375, 2071.477783203125, -7000.0
1989.327880859375, 2032.3162841796875, -5738.36474609375
1981.4990234375, 2003.1251220703125, -4579.41650390625
1977.5491943359375, 1973.9361572265625, -3416.232421875
1973.538818359375, 1944.7481689453125, 72.37046813964844
1969.4683837890625, 1921.2496337890625, 1877.66015625
1961.0858154296875, 1921.2496337890625, 1983.333984375
1956.835693359375, 1924.1396484375, 1983.333984375
1952.5263671875, 1932.4146728515625, 1983.333984375
1948.09375, 1940.7518310546875, 1792.485107421875
1943.600830078125, 1949.09130859375, 1097.137939453125
1939.1146240234375, 1957.3563232421875, -524.967529296875
1934.5704345703125, 1974.019775390625, -2230.111572265625
1925.2410888671875, 1982.2847900390625, -5300.26806640625
1920.524658203125, 1990.5576171875, -7000.0
1915.7515869140625, 1998.822509765625, -7000.0
1910.92236328125, 2015.4639892578125, -7000.0
1901.0235595703125, 2020.3680419921875, -7000.0
1895.9530029296875, 2008.107177734375, -7000.0
1890.900634765625, 1978.919189453125, -7000.0
1885.7938232421875, 1920.5445556640625, -5288.2548828125
1875.341064453125, 1891.1021728515625, -3481.0419921875
1870.0721435546875, 1861.9144287109375, -1866.9688720703125
1864.67138671875, 1814.22607421875, 1124.773681640625
1853.8681640625, 1809.843505859375, 1983.333984375
1848.388427734375, 1807.42041015625, 1983.333984375
1842.775390625, 1819.468994140625, 1983.333984375
1831.55810546875, 1827.733642578125, 1395.5640869140625
1825.789794921875, 1836.05078125, 190.329345703125
1819.9698486328125, 1844.3466796875, -2089.058349609375
1814.184326171875, 1860.876220703125, -1320.8348388671875
1802.466064453125, 1869.159423828125, -5431.0068359375
1796.446533203125, 1877.4732666015625, -7000.0
1790.3775634765625, 1894.13671875, -7000.0
1778.2725830078125, 1902.402099609375, -7000.0
1772.1497802734375, 1906.5390625, -7000.0
1765.8896484375, 1862.645263671875, -7000.0
1753.3204345703125, 1833.353515625, -7000.0
1746.9205322265625, 1804.0576171875, -7000.0
1740.4747314453125, 1745.46533203125, -3600.07373046875
1727.637451171875, 1716.275390625, -1637.557861328125
1720.9622802734375, 1686.49755859375, 1468.612060546875
1714.4345703125, 1666.3985595703125, 1983.333984375
1701.15478515625, 1668.9608154296875, 1983.333984375
1694.500732421875, 1677.2275390625, 1983.333984375
1687.7069091796875, 1685.5277099609375, 1213.322509765625
1680.9708251953125, 1702.144775390625, -30.31395149230957
1667.177978515625, 1710.4500732421875, -1635.4857177734375
1660.322021484375, 1718.73291015625, -4796.37841796875
1653.3258056640625, 1735.30615234375, -5912.376953125
1639.421630859375, 1743.572509765625, -7000.0
1632.3101806640625, 1751.9080810546875, -7000.0
1625.1610107421875, 1760.21728515625, -7000.0
1617.8702392578125, 1763.5406494140625, -7000.0
1610.75146484375, 1745.4071044921875, -7000.0
1603.5975341796875, 1716.2149658203125, -7000.0
1596.408935546875, 1657.8341064453125, -6829.63330078125
1581.9295654296875, 1628.64404296875, -7000.0
1574.6397705078125, 1599.455078125, -6103.73583984375
1567.20947265625, 1570.001220703125, -2772.463623046875
1559.8543701171875, 1540.8111572265625, -432.98382568359375
1552.467529296875, 1511.5518798828125, 1983.333984375
1544.940185546875, 1501.0145263671875, 1983.333984375
1537.4910888671875, 1506.3570556640625, 1983.333984375
1530.0118408203125, 1514.6400146484375, 1983.333984375
1522.28173828125, 1523.079833984375, 871.9234008789062
1514.742919921875, 1531.345947265625, -552.8471069335938
1507.175537109375, 1539.61181640625, -892.1840209960938
1499.580078125, 1547.8775634765625, -3030.032470703125
1491.95703125, 1556.1431884765625, -6879.3720703125
1484.3070068359375, 1564.4195556640625, -7000.0
1476.630615234375, 1572.6851806640625, -7000.0
1468.701171875, 1581.0986328125, -7000.0
1460.97265625, 1589.3646240234375, -7000.0
1453.2191162109375, 1597.6302490234375, -7000.0
1445.44140625, 1600.132568359375, -7000.0
1437.52490234375, 1579.636474609375, -7000.0
1429.69970703125, 1550.4466552734375, -7000.0
1421.62060546875, 1520.7200927734375, -7000.0
1413.7498779296875, 1491.529052734375, -7000.0
1405.8575439453125, 1462.3382568359375, -7000.0
1397.944091796875, 1433.1470947265625, -7000.0
1389.893310546875, 1403.6943359375, -4884.49462890625
1381.9390869140625, 1374.50341796875, -3270.6494140625
1373.96533203125, 1345.3123779296875, -61.506874084472656
1365.8551025390625, 1334.36083984375, 1983.333984375
1357.72607421875, 1334.2220458984375, 1983.333984375
1349.6968994140625, 1342.1021728515625, 1609.36474609375
1341.5321044921875, 1352.2073974609375, 127.94312286376953
1333.4688720703125, 1362.1544189453125, -2595.729248046875
1325.2706298828125, 1372.082275390625, -4401.36865234375
1317.056396484375, 1382.00439453125, -7000.0
1308.946044921875, 1391.6893310546875, -7000.0
1300.8214111328125, 1401.09765625, -7000.0
1292.6829833984375, 1409.5938720703125, -7000.0
1284.5311279296875, 1417.85986328125, -7000.0
1276.36669921875, 1426.1256103515625, -7000.0
1268.0697021484375, 1434.4686279296875, -7000.0
1259.8812255859375, 1442.73486328125, -7000.0
1251.681884765625, 1444.405029296875, -7000.0
1243.3511962890625, 1421.009765625, -7000.0
1235.13134765625, 1391.750732421875, -7000.0
1226.902099609375, 1362.49169921875, -7000.0
1218.54296875, 1333.1666259765625, -7000.0
1210.1754150390625, 1303.534423828125, -7000.0
1201.92138671875, 1274.3424072265625, -7000.0
1193.660400390625, 1245.151611328125, -7000.0
1185.1497802734375, 1215.4154052734375, -6769.40673828125
1176.8763427734375, 1186.2236328125, -4156.384765625
1168.5975341796875, 1157.0328369140625, -2107.0322265625
1160.3140869140625, 1127.8433837890625, 373.4940185546875
1152.0263671875, 1119.805419921875, 1983.333984375
1143.735107421875, 1129.3502197265625, 1983.333984375
1135.44091796875, 1141.21826171875, 846.3139038085938
1127.022216796875, 1153.0057373046875, -1609.1256103515625
1118.6015625, 1164.7576904296875, -3467.04638671875
1110.3016357421875, 1176.308837890625, -7000.0
1101.8790283203125, 1187.8167724609375, -7000.0
1093.4561767578125, 1199.3468017578125, -7000.0
1085.1558837890625, 1210.5960693359375, -7000.0
1076.856689453125, 1221.7535400390625, -7000.0
1068.5589599609375, 1232.8121337890625, -7000.0
1060.1414794921875, 1243.9005126953125, -7000.0
1051.8487548828125, 1254.7677001953125, -7000.0
1043.559326171875, 1258.1112060546875, -7000.0
1035.152099609375, 1231.476806640625, -7000.0
1026.7493896484375, 1202.2027587890625, -7000.0
1018.4734497070312, 1173.0111083984375, -7000.0
1010.2032470703125, 1143.8182373046875, -7000.0
1001.8176879882812, 1114.53125, -7000.0
993.5604858398438, 1085.2940673828125, -7000.0
985.068115234375, 1055.554931640625, -7000.0
976.8263549804688, 1026.361083984375, -7000.0
968.5931396484375, 997.1674194335938, -6576.30517578125
960.3689575195312, 967.974853515625, -3774.06689453125
952.1544189453125, 938.7282104492188, -1553.698974609375
943.8294677734375, 909.4556274414062, 846.1375732421875
935.515625, 904.0690307617188, 1983.333984375
927.3336181640625, 917.3165893554688, 1466.73876953125
919.0435180664062, 931.0355224609375, -550.962890625
910.7662353515625, 944.6575317382812, -1002.5728149414062
902.5023803710938, 958.2354736328125, -3987.2822265625
894.3720092773438, 971.557861328125, -7000.0
886.2557983398438, 984.7867431640625, -7000.0
878.0352783203125, 998.0352172851562, -7000.0
869.9492797851562, 1011.0155639648438, -7000.0
861.879150390625, 1023.8855590820312, -7000.0
853.7070922851562, 1036.7999267578125, -7000.0
845.6705932617188, 1049.4482421875, -7000.0
837.651611328125, 1061.766845703125, -7000.0
829.6507568359375, 1065.0501708984375, -7000.0
821.5512084960938, 1035.742919921875, -7000.0
813.5884399414062, 1006.54833984375, -7000.0
805.5286865234375, 977.2161865234375, -7000.0
797.606201171875, 948.0140991210938, -7000.0
789.5885009765625, 918.6484375, -7000.0
781.7085571289062, 889.4528198242188, -7000.0
773.6197509765625, 859.6068725585938, -7000.0
765.7848510742188, 830.410400390625, -7000.0
757.9729614257812, 801.215087890625, -7000.0
750.1846923828125, 772.0208740234375, -5805.205078125
742.4205322265625, 742.8280029296875, -2217.641357421875
734.6809692382812, 713.6353149414062, -501.818359375
726.9666137695312, 684.3744506835938, 1983.333984375
719.2778930664062, 657.7708129882812, 1983.333984375
711.5029907226562, 661.9036254882812, 1983.333984375
703.755615234375, 677.8197631835938, 1983.333984375
696.036376953125, 693.5924682617188, 394.0431213378906
688.3457641601562, 709.3391723632812, -1510.7943115234375
680.7952270507812, 724.7974853515625, -2984.1416015625
673.052734375, 740.425537109375, -7000.0
665.5613403320312, 755.6124877929688, -7000.0
657.9903564453125, 770.734130859375, -7000.0
650.559814453125, 785.6614379882812, -7000.0
643.16015625, 800.4667358398438, -7000.0
635.7920532226562, 815.141845703125, -7000.0
628.4559326171875, 829.7078857421875, -7000.0
621.1522827148438, 842.992431640625, -7000.0
613.77490234375, 843.8458862304688, -7000.0
606.5382690429688, 814.6497192382812, -7000.0
599.2299194335938, 785.3128662109375, -7000.0
592.062255859375, 756.1168212890625, -7000.0
584.9296264648438, 726.9218139648438, -7000.0
577.7283325195312, 697.4024047851562, -7000.0
570.6676635742188, 668.2066650390625, -7000.0
563.6434936523438, 639.01220703125, -7000.0
556.65625, 609.8158569335938, -7000.0
549.6045532226562, 580.2313232421875, -6810.57763671875
542.6932373046875, 551.03662109375, -4080.14892578125
535.8203125, 521.8433227539062, -1757.732421875
528.9862670898438, 492.6158142089844, 471.5975341796875
522.0919799804688, 468.18914794921875, 1983.333984375
515.337646484375, 468.26812744140625, 1983.333984375
508.6236572265625, 485.8178405761719, 1983.333984375
501.95037841796875, 503.1911315917969, 733.7884521484375
495.3183288574219, 520.4144897460938, -1615.25927734375
488.6313171386719, 537.7755126953125, -3814.339111328125
482.08367919921875, 554.7062377929688, -7000.0
475.57861328125, 571.4886474609375, -7000.0
469.0218505859375, 588.1824951171875, -7000.0
462.6039123535156, 604.674072265625, -7000.0
456.136474609375, 621.0748291015625, -7000.0
449.7147216796875, 637.471923828125, -7000.0
443.4311828613281, 653.5440673828125, -7000.0
437.19287109375, 667.4229125976562, -7000.0
431.000244140625, 665.7570190429688, -7000.0
424.7636413574219, 636.476318359375, -7000.0
418.5749816894531, 607.084228515625, -7000.0
412.5232849121094, 577.8352661132812, -7000.0
406.4309997558594, 548.2089233398438, -7000.0
400.47515869140625, 519.0113525390625, -7000.0
394.5675354003906, 489.8152770996094, -7000.0
388.6227111816406, 460.5245056152344, -7000.0
382.8133850097656, 431.3295593261719, -7000.0
376.96917724609375, 402.01202392578125, -6169.3984375
371.2598571777344, 372.8187561035156, -2692.029052734375
365.6007080078125, 343.58343505859375, -1199.0064697265625
359.9921875, 314.3398132324219, 1878.532958984375
354.35333251953125, 294.06854248046875, 1983.333984375
348.8479309082031, 319.2379455566406, 1427.61669921875
337.9137268066406, 338.06512451171875, 171.64280700683594
332.2525329589844, 357.832275390625, -2243.425537109375
326.9602966308594, 376.30706787109375, -4432.03173828125
321.7213134765625, 412.7684631347656, -6085.00390625
311.40460205078125, 430.75958251953125, -7000.0
306.32757568359375, 448.5988464355469, -7000.0
301.30523681640625, 483.80853271484375, -7000.0
291.4259948730469, 501.1828918457031, -7000.0
286.56976318359375, 509.3493957519531, -7000.0
277.0257873535156, 480.1820373535156, -7000.0
272.3387145996094, 421.7653503417969, -7000.0
263.13592529296875, 392.60076904296875, -7000.0
258.5549011230469, 333.9565734863281, -7000.0
249.70074462890625, 304.7958068847656, -7000.0
245.36138916015625, 275.6371765136719, -6764.3662109375
241.0809326171875, 217.16867065429688, -1728.27490234375
232.63706970214844, 187.79598999023438, 1243.2220458984375
228.53590393066406, 158.6597442626953, 1983.333984375
224.435791015625, 150.2510986328125, 1983.333984375
220.39781188964844, 190.69903564453125, 1310.68359375
212.56558227539062, 210.8960723876953, 151.2205810546875
208.77008056640625, 230.59652709960938, -1827.9307861328125
205.03599548339844, 250.12857055664062, -3545.89306640625
201.3635711669922, 288.9026184082031, -5004.25830078125
194.15301513671875, 307.9421081542969, -7000.0
190.6680145263672, 326.822509765625, -7000.0
187.24566650390625, 364.1701354980469, -7000.0
180.5418701171875, 378.7795104980469, -7000.0
177.26275634765625, 370.3330993652344, -7000.0
174.0491180419922, 311.8370056152344, -7000.0
167.81910705566406, 282.0712890625, -7000.0
164.846435546875, 252.91392517089844, -7000.0
161.93820190429688, 223.76019287109375, -7000.0
159.0532684326172, 165.29684448242188, -3664.921875
153.56265258789062, 136.13722229003906, -978.1952514648438
150.87661743164062, 106.69841003417969, 1816.5435791015625
148.29539489746094, 90.49210357666016, 1983.333984375
145.7797393798828, 119.9233627319336, 1029.1649169921875
140.9113006591797, 140.4205780029297, -310.9281921386719
138.5943603515625, 160.7632598876953, -2262.7783203125
136.3110809326172, 181.0562286376953, -3839.90087890625
134.0961456298828, 221.0714569091797, -5285.84619140625
129.93128967285156, 240.6879119873047, -7000.0
127.92040252685547, 260.3330383300781, -7000.0
126.0061264038086, 298.74114990234375, -7000.0
122.3790283203125, 317.698486328125, -7000.0
120.64177703857422, 331.9061279296875, -7000.0
118.9976806640625, 290.29095458984375, -7000.0
115.89069366455078, 261.1285705566406, -7000.0
114.43002319335938, 231.7932891845703, -7000.0
113.0392837524414, 202.43255615234375, -7000.0
111.71855163574219, 172.98402404785156, -7000.0
110.46794128417969, 143.52828979492188, -7000.0
109.30413055419922, 114.4126968383789, -3864.294189453125
108.20858001708984, 85.34010314941406, -497.6673278808594
107.1813735961914, 56.319244384765625, 1983.333984375
106.22257232666016, 42.72838592529297, 1983.333984375
105.33224487304688, 38.4314079284668, 1983.333984375
104.51045227050781, 49.894775390625, 1983.333984375
103.74668884277344, 70.87308502197266, 1983.333984375
103.05359649658203, 91.74699401855469, 838.8203125
102.43124389648438, 112.54855346679688, -1710.3763427734375
101.87965393066406, 133.29415893554688, -1855.6829833984375
101.40533447265625, 153.65013122558594, -4381.5322265625
100.99982452392578, 173.84986877441406, -7000.0
100.6587142944336, 194.17889404296875, -7000.0
100.39190673828125, 214.02700805664062, -7000.0
100.19397735595703, 233.7071533203125, -7000.0
100.06493377685547, 253.22608947753906, -7000.0
100.00479125976562, 272.62420654296875, -7000.0
100.0135498046875, 286.29852294921875, -7000.0
100.0912094116211, 270.00634765625, -7000.0
100.24043273925781, 240.60745239257812, -7000.0
100.45689392089844, 211.43016052246094, -7000.0
100.74221801757812, 182.18907165527344, -7000.0
101.10211944580078, 152.8769989013672, -7000.0
101.53288269042969, 123.47236633300781, -5793.1015625
102.0267105102539, 94.37608337402344, -1263.5028076171875
102.59808349609375, 65.01341247558594, 774.1530151367188
103.23040771484375, 36.27073287963867, 1983.333984375
103.93141174316406, 43.36842346191406, 1983.333984375
104.7010498046875, 64.27171325683594, 1983.333984375
105.5521011352539, 85.201171875, 1855.724365234375
106.47370147705078, 106.098876953125, 436.2247619628906
107.4509048461914, 126.71294403076172, -1218.998779296875
108.51239013671875, 147.1875457763672, -2158.96875
109.64421081542969, 167.70474243164062, -5337.32177734375
110.828369140625, 187.7785186767578, -7000.0
112.08068084716797, 207.6840057373047, -7000.0
113.40106964111328, 227.44219970703125, -7000.0
114.81035614013672, 247.21910095214844, -7000.0
116.31148529052734, 266.99639892578125, -7000.0
117.83850860595703, 279.76678466796875, -7000.0
119.43319702148438, 259.0148620605469, -7000.0
121.09545135498047, 229.84674072265625, -7000.0
122.82515716552734, 200.68450927734375, -7000.0
124.6221923828125, 171.52664184570312, -7000.0
126.48643493652344, 142.35702514648438, -5077.03076171875
128.4466552734375, 113.12387084960938, -2551.098388671875
130.47579956054688, 83.84415435791016, 590.8329467773438
132.54283142089844, 74.69438171386719, 1983.333984375
134.70840454101562, 91.00226593017578, 1983.333984375
136.9095916748047, 111.68179321289062, 1983.333984375
139.1771240234375, 132.21368408203125, 375.7282409667969
141.54568481445312, 152.86038208007812, -403.3951416015625
143.94644165039062, 173.0632781982422, -3183.942138671875
146.41307067871094, 193.09295654296875, -5011.51611328125
148.94541931152344, 212.9556427001953, -7000.0
151.54327392578125, 232.69920349121094, -7000.0
154.2064971923828, 252.25515747070312, -7000.0
156.97549438476562, 271.6878967285156, -7000.0
159.81138610839844, 291.1263732910156, -7000.0
162.67144775390625, 310.16265869140625, -7000.0
165.59608459472656, 321.9420166015625, -7000.0
168.62954711914062, 297.9788818359375, -7000.0
171.7290802001953, 268.6915588378906, -7000.0
174.89447021484375, 239.21249389648438, -7000.0
178.12548828125, 209.6428680419922, -6902.42724609375
181.37367248535156, 180.4797821044922, -3097.271240234375
184.6851348876953, 151.32716369628906, -516.0919189453125
188.1097869873047, 122.04689025878906, 1983.333984375
191.59910583496094, 126.34341430664062, 1983.333984375
195.10092163085938, 145.64332580566406, 1983.333984375
198.6650848388672, 165.90284729003906, 1983.333984375
202.34515380859375, 186.1021270751953, 1466.6993408203125
206.08889770507812, 206.07962036132812, 104.99390411376953
209.84042358398438, 225.8314208984375, -1203.7989501953125
213.65328979492188, 245.43173217773438, -1376.696044921875
217.58465576171875, 264.9137878417969, -3295.946044921875
221.57861328125, 284.4686584472656, -6774.35791015625
225.6941375732422, 303.9891052246094, -7000.0
229.75320434570312, 322.9131164550781, -7000.0
233.8722381591797, 341.67669677734375, -7000.0
238.0509490966797, 360.2799377441406, -7000.0
242.28904724121094, 370.7666931152344, -7000.0
246.58624267578125, 342.695556640625, -7000.0
250.94224548339844, 313.51629638671875, -7000.0
255.35675048828125, 284.317138671875, -6614.51416015625
259.8294677734375, 255.14236450195312, -2404.079833984375
264.4270935058594, 225.76329040527344, 869.912841796875
269.01611328125, 196.5453338623047, 1983.333984375
273.73114013671875, 207.77236938476562, 1983.333984375
278.4351806640625, 219.3353729248047, 1983.333984375
283.2662658691406, 239.15428161621094, 1983.333984375
288.0840148925781, 258.634521484375, 1983.333984375
292.9577331542969, 277.9466552734375, 1436.3616943359375
297.88702392578125, 297.09027099609375, 249.89511108398438
302.8716125488281, 316.09771728515625, -732.608154296875
307.9856262207031, 335.0125732421875, -3223.277099609375
313.15582275390625, 353.7472229003906, -4293.591796875
318.3818359375, 372.3210754394531, -6816.3232421875
323.663330078125, 390.8836669921875, -7000.0
328.9221496582031, 409.0673522949219, -7000.0
334.2341003417969, 427.0916442871094, -7000.0
339.59881591796875, 444.5883483886719, -7000.0
345.0959777832031, 452.0477294921875, -7000.0
350.6466979980469, 422.3935852050781, -7000.0
356.1689758300781, 393.2054443359375, -7000.0
361.7425231933594, 364.0191345214844, -3563.32421875
367.3669128417969, 334.8341979980469, -831.8214721679688
373.04180908203125, 305.65167236328125, 1983.333984375
378.8513488769531, 278.9697265625, 1983.333984375
384.6267395019531, 283.568115234375, 1983.333984375
390.451416015625, 302.6749267578125, 1983.333984375
396.4117431640625, 321.6730651855469, 1983.333984375
402.4219665527344, 340.52435302734375, 1983.333984375
408.6580505371094, 359.8722839355469, 1983.333984375
414.6793518066406, 378.3215637207031, 1983.333984375
420.83746337890625, 396.74444580078125, 1983.333984375
426.9534606933594, 414.8718566894531, 1230.77001953125
433.1158447265625, 432.8473815917969, 123.20555877685547
439.32415771484375, 450.6700439453125, -662.506591796875
445.5780029296875, 468.3330078125, -2714.91064453125
451.876953125, 485.845458984375, -3122.009765625
458.2205505371094, 502.0066223144531, -4632.50244140625
464.6083679199219, 505.43408203125, -5728.56494140625
471.03997802734375, 476.26025390625, -2694.460693359375
477.514892578125, 447.08795166015625, -140.1955108642578
484.03271484375, 417.9161682128906, 1983.333984375
490.5929870605469, 394.3675537109375, 1983.333984375
497.29266357421875, 404.5924377441406, 1983.333984375
504.0350646972656, 422.819580078125, 1983.333984375
510.81976318359375, 440.9256286621094, 1983.333984375
517.5470581054688, 458.6713562011719, 1983.333984375
524.314453125, 476.26678466796875, 1983.333984375
531.1215209960938, 493.71240234375, 1983.333984375
537.9677734375, 511.00885009765625, 1983.333984375
544.9542846679688, 528.2090454101562, 1845.7576904296875
551.9801635742188, 545.2977905273438, 608.0089111328125
558.9423217773438, 562.1786499023438, -739.4727783203125
566.044921875, 578.9385986328125, -1618.8419189453125
573.2891235351562, 595.7994384765625, -3596.556640625
580.3632202148438, 610.4823608398438, -3519.9921875
587.47314453125, 615.9371948242188, -3257.744873046875
594.6183471679688, 606.2383422851562, -1061.72705078125
601.9042358398438, 576.6668701171875, 942.25390625
609.119140625, 547.489501953125, 1983.333984375
616.3677978515625, 527.01123046875, 1983.333984375
623.6498413085938, 537.7048950195312, 1983.333984375
631.0724487304688, 554.7161865234375, 1983.333984375
638.4201049804688, 571.5291748046875, 1983.333984375
645.9082641601562, 588.4327392578125, 1983.333984375
653.3194580078125, 604.9193725585938, 1983.333984375
660.7614135742188, 621.2586059570312, 1983.333984375
668.34375, 637.5438232421875, 1983.333984375
675.84619140625, 653.60498046875, 1983.333984375
683.48876953125, 669.6414794921875, 1679.53271484375
691.0494995117188, 685.4295043945312, 455.1216735839844
698.750244140625, 701.2787475585938, -673.5225219726562
706.3672485351562, 716.8074951171875, -1317.6015625
714.0113525390625, 729.8781127929688, -2524.459716796875
721.7951049804688, 733.6378173828125, -3236.381103515625
729.4922485351562, 729.2564086914062, -2530.28173828125
737.2149047851562, 724.874755859375, -474.13604736328125
744.9625854492188, 720.4907836914062, 610.6990966796875
752.7347412109375, 716.1038818359375, 1983.333984375
760.6456298828125, 717.8073120117188, 1983.333984375
768.5806274414062, 733.2804565429688, 1983.333984375
776.423583984375, 748.534912109375, 1983.333984375
784.4047241210938, 763.7700805664062, 1983.333984375
792.2920532226562, 793.9827880859375, 1053.478759765625
808.3633422851562, 808.7044067382812, 250.0459747314453
816.313232421875, 837.7730712890625, -482.619140625
832.2711181640625, 852.123291015625, -2213.564208984375
840.2779541015625, 866.3468627929688, -1743.2064208984375
848.302734375, 880.4503784179688, -1992.0595703125
856.3449096679688, 891.5242919921875, -2517.31591796875
864.5224609375, 884.6194458007812, -1348.1612548828125
872.5978393554688, 825.8564453125, 670.406494140625
888.9143676757812, 796.673095703125, 1983.333984375
897.15478515625, 781.084716796875, 1983.333984375
905.40966796875, 791.1156005859375, 1983.333984375
913.558349609375, 820.4891967773438, 1983.333984375
929.893798828125, 834.9877319335938, 1983.333984375
938.079345703125, 849.361572265625, 1983.333984375
946.2760620117188, 877.7775268554688, 1983.333984375
962.7007446289062, 891.8179321289062, 1983.333984375
971.048583984375, 905.7683715820312, 1983.333984375
979.4055786132812, 933.3278198242188, 1983.333984375
996.0232543945312, 946.868896484375, 1983.333984375
1004.404052734375, 960.3681030273438, 1983.333984375
1012.9132080078125, 973.90673828125, 1983.333984375
1021.1853637695312, 1000.1565551757812, 1602.859375
1037.8671875, 1013.1650390625, 1983.333984375
1046.154052734375, 1038.81640625, 862.9249267578125
1062.860107421875, 1051.4605712890625, 707.9800415039062
1071.1563720703125, 1076.458984375, -87.8018798828125
1087.8763427734375, 1088.7923583984375, -624.8055419921875
1096.298828125, 1097.0906982421875, -165.9000701904297
1104.7216796875, 1099.263916015625, -284.3499450683594
1121.4437255859375, 1097.1427001953125, 1098.9578857421875
1129.86376953125, 1102.5703125, 1230.2958984375
1146.4530029296875, 1114.646728515625, 1983.333984375
1154.7431640625, 1126.6234130859375, 1983.333984375
1163.029541015625, 1138.527099609375, 1983.333984375
1171.433349609375, 1162.1097412109375, 1100.2991943359375
1187.9818115234375, 1173.6748046875, 1361.9071044921875
1196.3687744140625, 1185.199462890625, 1267.8272705078125
