2099.341064453125, 2072.8779296875, 1983.333984375
2099.0, 2107.283935546875, 947.8026123046875
2098.594482421875, 2107.0166015625, -51.515464782714844
2098.1201171875, 2115.273193359375, -1505.28955078125
2097.5771484375, 2123.536865234375, -1027.4454345703125
2096.95556640625, 2131.86865234375, -1528.891845703125
2096.2529296875, 2140.308837890625, -3166.638427734375
2095.500732421875, 2148.569091796875, -5754.1416015625
2094.679931640625, 2156.827392578125, -7000.0
2093.790771484375, 2165.08447265625, -7000.0
2092.832763671875, 2173.3662109375, -7000.0
2091.806640625, 2181.631103515625, -7000.0
2090.712158203125, 2189.895751953125, -7000.0
2089.54931640625, 2190.09326171875, -7000.0
2088.318115234375, 2161.55908203125, -7000.0
2086.99951171875, 2132.16162109375, -7000.0
2085.61083984375, 2102.65625, -5255.67919921875
2084.173828125, 2073.476806640625, -3248.1923828125
2082.6689453125, 2044.2982177734375, 387.67791748046875
2081.096435546875, 2039.86572265625, 1983.333984375
2079.456298828125, 2048.114990234375, 1983.333984375
2077.697265625, 2056.5830078125, 1983.333984375
2075.92041015625, 2064.84228515625, 1983.333984375
2074.048583984375, 2073.128662109375, 1073.463134765625
2072.13623046875, 2081.38720703125, -13.22322940826416
2070.15673828125, 2089.647216796875, -1687.7698974609375
2068.080078125, 2097.941162109375, -1671.557861328125
2065.96630859375, 2106.2001953125, -2843.4326171875
2063.785888671875, 2114.45947265625, -5068.22021484375
2061.50537109375, 2122.784912109375, -7000.0
2059.156982421875, 2131.07568359375, -7000.0
2056.740234375, 2138.9423828125, -7000.0
2054.292236328125, 2137.369873046875, -7000.0
2051.7412109375, 2108.0380859375, -7000.0
2049.160888671875, 2078.81103515625, -6646.310546875
2046.4757080078125, 2049.213623046875, -3275.027587890625
2043.7235107421875, 2019.667236328125, -334.1886901855469
2040.9456787109375, 1990.4844970703125, 1983.333984375
2038.10302734375, 1963.9141845703125, 1983.333984375
2035.1956787109375, 1964.6552734375, 1983.333984375
2032.2239990234375, 1972.91650390625, 1983.333984375
2029.18798828125, 1981.192626953125, 1983.333984375
2026.0418701171875, 1989.4808349609375, 1983.333984375
2022.877197265625, 1997.7532958984375, 1983.333984375
2019.6488037109375, 2006.0296630859375, 1983.333984375
2016.3082275390625, 2014.3192138671875, 1189.730712890625
2012.902587890625, 2022.66552734375, 52.42093276977539
2009.4322509765625, 2031.00244140625, -1897.6722412109375
2005.9490966796875, 2039.28125, -2215.1298828125
2002.350830078125, 2047.6192626953125, -3937.7197265625
1998.7421875, 2055.882568359375, -6838.41162109375
1995.01708984375, 2063.028564453125, -7000.0
1991.2838134765625, 2058.73974609375, -7000.0
1987.4892578125, 2029.5572509765625, -7000.0
1983.633544921875, 2000.2935791015625, -5181.96044921875
1979.6588134765625, 1970.9110107421875, -3429.86962890625
1975.562744140625, 1941.2078857421875, 696.5856323242188
1971.5224609375, 1916.40625, 1983.333984375
1967.422119140625, 1912.800537109375, 1983.333984375
1963.200439453125, 1914.3323974609375, 1983.333984375
1958.97998046875, 1922.595458984375, 1983.333984375
1954.636962890625, 1930.9422607421875, 1983.333984375
1950.2333984375, 1939.275390625, 1983.333984375
1945.8345947265625, 1947.5389404296875, 770.035888671875
1941.37744140625, 1955.8021240234375, -398.50482177734375
1936.8624267578125, 1964.0653076171875, -2971.017822265625
1932.2896728515625, 1972.328369140625, -4057.634521484375
1927.6595458984375, 1980.5919189453125, -6478.06103515625
1922.903076171875, 1988.9112548828125, -7000.0
1918.158447265625, 1997.1741943359375, -7000.0
1913.286376953125, 2005.474853515625, -7000.0
1908.2847900390625, 2011.9193115234375, -7000.0
1903.36962890625, 2004.861328125, -7000.0
1898.3990478515625, 1975.68115234375, -7000.0
1893.3734130859375, 1946.501953125, -7000.0
1888.218017578125, 1916.9862060546875, -6595.34716796875
1883.0826416015625, 1887.805908203125, -3459.16796875
1877.893310546875, 1858.6265869140625, -560.5897216796875
1872.650390625, 1829.447265625, 1983.333984375
1867.354248046875, 1806.611328125, 1983.333984375
1861.9261474609375, 1805.50537109375, 1983.333984375
1856.444091796875, 1813.8858642578125, 1983.333984375
1850.9888916015625, 1822.1483154296875, 1983.333984375
1845.48193359375, 1830.4107666015625, 1983.333984375
1839.841552734375, 1838.7073974609375, 1092.211181640625
1834.1485595703125, 1847.015869140625, -412.46258544921875
1828.4871826171875, 1855.2786865234375, -2893.52001953125
1822.6912841796875, 1863.587158203125, -4015.05615234375
1816.8441162109375, 1871.982177734375, -6777.98193359375
1811.0318603515625, 1880.2454833984375, -7000.0
1805.170654296875, 1888.5084228515625, -7000.0
1799.173583984375, 1896.861083984375, -7000.0
1793.2149658203125, 1893.0872802734375, -7000.0
1781.0653076171875, 1863.790283203125, -7000.0
1774.9638671875, 1834.6099853515625, -7000.0
1768.8160400390625, 1805.4296875, -7000.0
1762.6219482421875, 1776.2159423828125, -4837.0419921875
1756.2901611328125, 1746.839599609375, -2993.4619140625
1750.004638671875, 1717.649658203125, 881.6361694335938
1743.67431640625, 1693.9033203125, 1983.333984375
1730.691650390625, 1693.9033203125, 1983.333984375
1724.228271484375, 1696.892578125, 1983.333984375
1717.721923828125, 1705.1551513671875, 1983.333984375
1711.1729736328125, 1721.741455078125, 353.1669006347656
1697.8514404296875, 1730.004638671875, -2824.442626953125
1691.177001953125, 1738.283935546875, -4650.47705078125
1684.3626708984375, 1746.614990234375, -7000.0
1677.6065673828125, 1763.2447509765625, -7000.0
1663.874755859375, 1771.50830078125, -7000.0
1657.0001220703125, 1779.7720947265625, -7000.0
1649.985107421875, 1788.1474609375, -7000.0
1643.03369140625, 1780.988037109375, -7000.0
1629.0189208984375, 1751.7882080078125, -7000.0
1621.8525390625, 1722.493408203125, -7000.0
1614.649169921875, 1693.1270751953125, -7000.0
1607.4091796875, 1634.2578125, -4828.78125
1592.8218994140625, 1604.929443359375, -2607.115478515625
1585.4754638671875, 1575.5577392578125, -838.6980590820312
1578.0947265625, 1546.1134033203125, 1943.171630859375
1570.7877197265625, 1524.0667724609375, 1983.333984375
1555.8594970703125, 1525.7767333984375, 1983.333984375
1548.455810546875, 1534.0419921875, 1983.333984375
1541.0211181640625, 1542.306640625, 816.6277465820312
1533.5560302734375, 1558.835693359375, -161.67202758789062
1518.536865234375, 1567.0997314453125, -2365.970703125
1510.9837646484375, 1575.3787841796875, -6271.95556640625
1503.40234375, 1583.642822265625, -7000.0
1495.6810302734375, 1600.3359375, -7000.0
1480.2677001953125, 1608.600830078125, -7000.0
1472.5775146484375, 1616.8875732421875, -7000.0
1464.861572265625, 1605.2650146484375, -7000.0
1449.2406005859375, 1576.0784912109375, -7000.0
1441.4505615234375, 1546.8907470703125, -7000.0
1433.636962890625, 1517.705322265625, -7000.0
1425.8004150390625, 1488.449462890625, -7000.0
1417.94140625, 1429.73095703125, -3984.549560546875
1402.041748046875, 1400.5443115234375, -3094.825927734375
1394.118408203125, 1371.3057861328125, -527.3055419921875
1386.0577392578125, 1355.86865234375, 1836.9625244140625
1378.0941162109375, 1354.011474609375, 1983.333984375
1361.991943359375, 1359.697509765625, 1033.3087158203125
1353.97216796875, 1369.5911865234375, -261.38348388671875
1345.816650390625, 1379.53369140625, -3588.23486328125
1337.76220703125, 1398.7547607421875, -3564.071533203125
1321.6046142578125, 1407.4896240234375, -7000.0
1313.502685546875, 1415.7550048828125, -7000.0
1305.2666015625, 1424.051025390625, -7000.0
1297.015869140625, 1432.401611328125, -7000.0
1288.751220703125, 1440.75048828125, -7000.0
1280.59326171875, 1449.01611328125, -7000.0
1272.4228515625, 1457.281494140625, -7000.0
1264.2406005859375, 1460.416259765625, -7000.0
1256.046875, 1442.2120361328125, -7000.0
1247.7218017578125, 1412.6068115234375, -7000.0
1239.38623046875, 1383.2861328125, -7000.0
1231.1617431640625, 1354.09521484375, -7000.0
1222.92822265625, 1324.9053955078125, -7000.0
1214.686279296875, 1295.6541748046875, -7000.0
1206.3150634765625, 1266.3204345703125, -7000.0
1198.0577392578125, 1237.06689453125, -7000.0
1189.793701171875, 1207.8773193359375, -5345.0859375
1181.4017333984375, 1178.2232666015625, -1369.3248291015625
1173.1258544921875, 1149.0325927734375, 1078.8160400390625
1164.8448486328125, 1119.842041015625, 1983.333984375
1156.5594482421875, 1112.9698486328125, 1983.333984375
1148.148193359375, 1122.39453125, 1983.333984375
1139.85546875, 1134.3045654296875, 1166.589111328125
1131.31591796875, 1146.3184814453125, -65.69252014160156
1122.896240234375, 1158.0859375, -3513.44091796875
1114.474853515625, 1169.7587890625, -6320.35009765625
1106.174560546875, 1181.27392578125, -7000.0
1097.751708984375, 1192.7349853515625, -7000.0
1089.451171875, 1204.0419921875, -7000.0
1081.0291748046875, 1215.41552734375, -7000.0
1072.730712890625, 1226.53125, -7000.0
1064.43408203125, 1237.5537109375, -7000.0
1056.1397705078125, 1248.4786376953125, -7000.0
1047.7266845703125, 1253.2288818359375, -7000.0
1039.439208984375, 1232.066650390625, -7000.0
1031.0340576171875, 1202.5894775390625, -7000.0
1022.6337890625, 1173.157470703125, -7000.0
1014.3606567382812, 1143.96142578125, -7000.0
1006.0933837890625, 1114.7666015625, -7000.0
997.7112426757812, 1085.285888671875, -7000.0
989.4575805664062, 1056.0899658203125, -7000.0
981.2116088867188, 1026.89404296875, -7000.0
972.8526611328125, 997.6063232421875, -6138.5712890625
964.6237182617188, 968.4105834960938, -2920.65380859375
956.4041137695312, 939.2160034179688, -289.3860778808594
948.1943969726562, 910.021484375, 1983.333984375
939.8746948242188, 900.37744140625, 1983.333984375
931.6865844726562, 910.503662109375, 1983.333984375
923.3900146484375, 924.2727661132812, 244.60377502441406
915.1058959960938, 938.0907592773438, -1880.0841064453125
906.9547119140625, 951.59130859375, -3550.47412109375
898.8168334960938, 964.9733276367188, -7000.0
890.5734252929688, 978.333740234375, -7000.0
882.3448486328125, 991.5859375, -7000.0
874.1317749023438, 1004.693359375, -7000.0
866.0533447265625, 1017.614501953125, -7000.0
857.9910888671875, 1030.42333984375, -7000.0
849.9454956054688, 1043.1221923828125, -7000.0
841.7991943359375, 1055.8826904296875, -7000.0
833.7888793945312, 1061.305908203125, -7000.0
825.796875, 1036.7362060546875, -7000.0
817.8237915039062, 1007.5394287109375, -7000.0
809.7532958984375, 977.873046875, -7000.0
801.8199462890625, 948.67529296875, -7000.0
793.9071655273438, 919.4786376953125, -7000.0
786.0154418945312, 890.2830200195312, -7000.0
778.02978515625, 860.9988403320312, -7000.0
770.1821899414062, 831.8034057617188, -7000.0
762.3572998046875, 802.5735473632812, -7000.0
754.441162109375, 772.9509887695312, -5423.9619140625
746.6637573242188, 743.7549438476562, -1475.3695068359375
738.91064453125, 714.5590209960938, 583.1619262695312
731.1824340820312, 685.3632202148438, 1983.333984375
723.3665771484375, 689.530029296875, 1983.333984375
715.577392578125, 704.4938354492188, 1379.7685546875
707.8155517578125, 720.1994018554688, -903.4271240234375
700.193359375, 735.5623779296875, -1561.8704833984375
692.5986938476562, 750.794677734375, -4799.92578125
685.0321655273438, 765.8966674804688, -7000.0
677.4942016601562, 780.886962890625, -7000.0
669.9853515625, 795.7285766601562, -7000.0
662.506103515625, 810.43994140625, -7000.0
654.9476928710938, 825.090576171875, -7000.0
647.5297241210938, 839.5745849609375, -7000.0
639.9261474609375, 854.170654296875, -7000.0
632.572021484375, 868.3882446289062, -7000.0
625.2500610351562, 874.5597534179688, -7000.0
617.8538208007812, 846.4085693359375, -7000.0
610.4918212890625, 816.7676391601562, -7000.0
603.2705078125, 787.5693359375, -7000.0
596.0834350585938, 758.3711547851562, -7000.0
588.9310302734375, 729.1741333007812, -7000.0
581.8139038085938, 699.9771728515625, -7000.0
574.732421875, 670.7792358398438, -7000.0
567.5838012695312, 641.2667846679688, -7000.0
560.5758056640625, 612.0695190429688, -7000.0
553.502685546875, 582.6722412109375, -6643.18212890625
546.5700073242188, 553.4656982421875, -3743.661865234375
539.5743408203125, 524.17626953125, -1300.6212158203125
532.6184692382812, 494.7304382324219, 1142.9033203125
525.8027954101562, 466.27923583984375, 1983.333984375
518.9273071289062, 462.7746887207031, 1983.333984375
512.1917724609375, 480.3437805175781, 1983.333984375
505.49676513671875, 497.7632141113281, 814.2522583007812
498.8427429199219, 515.0396118164062, -560.9204711914062
492.2301025390625, 532.1595458984375, -1757.396484375
485.65936279296875, 549.1731567382812, -5488.3271484375
479.0352478027344, 566.0490112304688, -7000.0
472.4552001953125, 582.8353881835938, -7000.0
465.919677734375, 599.6307373046875, -7000.0
459.52288818359375, 616.0275268554688, -7000.0
453.1701965332031, 632.2833862304688, -7000.0
446.8620910644531, 648.39990234375, -7000.0
440.5989990234375, 663.7236938476562, -7000.0
434.19915771484375, 667.7195434570312, -7000.0
428.0287170410156, 638.5191650390625, -7000.0
421.904541015625, 609.3198852539062, -7000.0
415.8271179199219, 580.1143188476562, -7000.0
409.7968444824219, 550.9166259765625, -7000.0
403.72650146484375, 521.5936889648438, -7000.0
397.7924499511719, 492.3968200683594, -7000.0
391.9067687988281, 463.1993103027344, -7000.0
385.98443603515625, 433.729736328125, -7000.0
380.11273193359375, 404.4546813964844, -6048.3642578125
374.2921142578125, 375.1784362792969, -2498.133544921875
368.5229797363281, 345.8503723144531, -936.75146484375
362.8882141113281, 316.6461181640625, 1983.333984375
357.2225341796875, 291.94708251953125, 1983.333984375
351.69049072265625, 296.821533203125, 1983.333984375
346.2099914550781, 315.80816650390625, 1983.333984375
340.7814636230469, 334.6359558105469, 465.7193908691406
335.3265686035156, 353.44049072265625, -1108.602294921875
330.0038146972656, 371.9483642578125, -2505.8271484375
324.7341003417969, 390.29644775390625, -6428.2138671875
319.4414978027344, 408.7162170410156, -7000.0
314.2797546386719, 426.7532653808594, -7000.0
309.17218017578125, 444.63153076171875, -7000.0
304.045166015625, 462.4405822753906, -7000.0
299.0477294921875, 480.01800537109375, -7000.0
294.033203125, 497.5691223144531, -7000.0
289.0758361816406, 513.2738647460938, -7000.0
284.24664306640625, 514.0053100585938, -7000.0
279.4736328125, 484.807861328125, -7000.0
274.75714111328125, 455.6108093261719, -7000.0
270.0294189453125, 426.2703857421875, -7000.0
265.4278564453125, 397.07470703125, -7000.0
260.8837585449219, 367.8799133300781, -7000.0
256.3974914550781, 338.68634033203125, -7000.0
251.96934509277344, 309.43817138671875, -7000.0
247.5358123779297, 279.9488220214844, -7000.0
243.2257080078125, 250.760986328125, -4159.302734375
238.97462463378906, 221.57293701171875, -1460.143310546875
234.7216796875, 192.2848663330078, 1157.246337890625
230.53012084960938, 169.2541046142578, 1983.333984375
226.45965576171875, 171.36451721191406, 1983.333984375
222.44937133789062, 191.41737365722656, 1983.333984375
218.4995574951172, 211.30540466308594, 469.8332214355469
214.55374145507812, 231.1096649169922, -893.7659301757812
210.67074584960938, 250.74485778808594, -2082.921875
206.90574645996094, 270.12890625, -5758.71435546875
203.14830017089844, 289.4093322753906, -7000.0
199.50753784179688, 308.46783447265625, -7000.0
195.8766632080078, 327.4245300292969, -7000.0
192.3099365234375, 346.2059020996094, -7000.0
188.80760192871094, 365.04962158203125, -7000.0
185.4192657470703, 383.45758056640625, -7000.0
182.0939483642578, 399.1536560058594, -7000.0
178.7843780517578, 367.33172607421875, -7000.0
172.45274353027344, 338.13751220703125, -7000.0
169.38267517089844, 308.94482421875, -7000.0
166.33302307128906, 279.65252685546875, -7000.0
163.39234924316406, 250.46473693847656, -7000.0
160.4744110107422, 221.21400451660156, -7000.0
157.6231231689453, 191.72494506835938, -7000.0
154.87857055664062, 133.39596557617188, -2074.45751953125
149.5850067138672, 104.26460266113281, 830.7884521484375
146.99937438964844, 75.05767059326172, 1983.333984375
144.48135375976562, 64.1828842163086, 1983.333984375
142.0311279296875, 105.98719024658203, 1612.642822265625
137.4008331298828, 126.5699462890625, 476.0325622558594
135.18508911132812, 146.99520874023438, -361.9766540527344
133.03582763671875, 167.25347900390625, -843.5452270507812
130.92306518554688, 207.5104217529297, -1843.672607421875
126.96021270751953, 227.26046752929688, -7000.0
125.07929229736328, 246.84194946289062, -7000.0
123.23936462402344, 266.4716796875, -7000.0
121.49390411376953, 301.4042663574219, -7000.0
118.20536804199219, 295.528076171875, -7000.0
116.64032745361328, 265.9346923828125, -7000.0
115.16622161865234, 236.74908447265625, -7000.0
113.75997924804688, 178.39779663085938, -7000.0
111.15144348144531, 149.23757934570312, -7000.0
109.9493408203125, 120.04328155517578, -4387.48876953125
108.7669906616211, 89.76464080810547, -1436.83642578125
107.70441436767578, 32.13019943237305, 600.3587036132812
105.78443145751953, 10.624305725097656, 1983.333984375
104.91506958007812, 10.825240135192871, 1983.333984375
104.12737274169922, 29.321285247802734, 1983.333984375
103.40829467773438, 70.96710968017578, 1381.692138671875
102.17619323730469, 91.78280639648438, 1126.7728271484375
101.66324615478516, 112.46229553222656, -1528.951904296875
101.2190933227539, 153.3449249267578, -1091.6380615234375
100.53726196289062, 173.53750610351562, -6032.5
100.29963684082031, 213.41819763183594, -7000.0
100.03103637695312, 233.10848999023438, -7000.0
100.0001449584961, 248.5726318359375, -7000.0
100.04019927978516, 209.9880828857422, -7000.0
100.3299789428711, 180.58154296875, -7000.0
100.58179473876953, 151.1408233642578, -7000.0
100.89933013916016, 122.01416015625, -5696.3466796875
101.28571319580078, 63.92241668701172, -2736.18603515625
102.26487731933594, 35.2017707824707, 1983.333984375
102.8760757446289, 10.602941513061523, 1983.333984375
103.53952026367188, 10.888157844543457, 1983.333984375
104.2716293334961, 50.2286491394043, 1983.333984375
105.95491027832031, 71.1209487915039, 1983.333984375
106.90798950195312, 112.75230407714844, 162.98379516601562
108.99275207519531, 133.31973266601562, -2010.8463134765625
110.17229461669922, 154.04296875, -3568.912109375
111.38734436035156, 174.232421875, -7000.0
112.67051696777344, 214.15240478515625, -7000.0
115.44084930419922, 233.8397979736328, -7000.0
116.92781829833984, 248.4723358154297, -7000.0
118.48252868652344, 235.5021514892578, -7000.0
120.10486602783203, 206.26571655273438, -7000.0
121.82007598876953, 177.00946044921875, -7000.0
123.57832336425781, 147.78990173339844, -6017.189453125
125.43119049072266, 118.45039367675781, -1546.175537109375
127.32485961914062, 89.35131072998047, 495.9858093261719
129.31488037109375, 59.98893737792969, 1983.333984375
131.37374877929688, 31.201770782470703, 1983.333984375
133.47003173828125, 34.29408264160156, 1983.333984375
135.63290405273438, 55.13916778564453, 1983.333984375
137.86221313476562, 76.03376770019531, 1983.333984375
140.19207763671875, 96.9432601928711, 1983.333984375
142.55479431152344, 117.60250854492188, 1983.333984375
144.98348999023438, 138.1229248046875, 370.2047424316406
147.51515197753906, 158.62567138671875, -366.7155456542969
150.11439514160156, 178.8747100830078, -3060.416259765625
152.78102111816406, 198.98019409179688, -4838.4677734375
155.47474670410156, 218.79452514648438, -7000.0
158.23355102539062, 238.4414520263672, -7000.0
161.0572509765625, 257.9623718261719, -7000.0
164.0315704345703, 271.9549865722656, -7000.0
166.98635864257812, 254.62339782714844, -7000.0
170.00543212890625, 225.4494171142578, -7000.0
173.0885772705078, 196.2819366455078, -5947.1982421875
176.235595703125, 167.12306213378906, -1261.649169921875
179.4939422607422, 137.83535766601562, 1212.9224853515625
182.81761169433594, 108.46752166748047, 1983.333984375
186.15675354003906, 115.38520050048828, 1983.333984375
189.5588836669922, 135.8867645263672, 1983.333984375
193.0237274169922, 156.22509765625, 1983.333984375
196.5510711669922, 176.43760681152344, 1930.16064453125
200.1406707763672, 196.4703369140625, 950.5452880859375
203.84642028808594, 216.43511962890625, -1796.231689453125
207.61575317382812, 236.3428192138672, -1640.971435546875
211.3924102783203, 255.84716796875, -3294.6982421875
215.23028564453125, 275.1847229003906, -6541.6025390625
219.18690490722656, 294.57318115234375, -7000.0
223.14732360839844, 313.5783996582031, -7000.0
227.1681671142578, 332.4242248535156, -7000.0
231.2491455078125, 344.8067626953125, -7000.0
235.38998413085938, 324.7013854980469, -7000.0
239.5904083251953, 295.47528076171875, -7000.0
243.91317749023438, 266.1292419433594, -5804.2216796875
248.29669189453125, 236.7531280517578, -839.1162719726562
252.67579650878906, 207.5806884765625, 1983.333984375
257.11328125, 178.3419189453125, 1983.333984375
261.741943359375, 188.65162658691406, 1983.333984375
266.2969665527344, 208.560302734375, 1983.333984375
270.9094543457031, 228.29461669921875, 1983.333984375
275.57904052734375, 247.8665313720703, 1983.333984375
280.3054504394531, 267.27203369140625, 1201.0931396484375
285.08831787109375, 286.5247497558594, -236.09645080566406
289.9989318847656, 305.6552429199219, -1467.0706787109375
294.9670104980469, 324.8083190917969, -1460.1156005859375
299.9189453125, 343.5538635253906, -2960.709228515625
305.00006103515625, 362.1907653808594, -5915.72509765625
310.1376037597656, 380.7727966308594, -7000.0
315.2554931640625, 399.0467224121094, -7000.0
320.4274597167969, 410.1686096191406, -7000.0
325.8076171875, 386.1617736816406, -7000.0
331.0882263183594, 356.97430419921875, -6264.341796875
336.4217834472656, 327.78912353515625, -1613.9488525390625
341.8079833984375, 298.6069030761719, 1265.823486328125
347.24639892578125, 269.4268493652344, 1983.333984375
352.7366943359375, 282.6715393066406, 1983.333984375
358.27850341796875, 301.77679443359375, 1983.333984375
364.0366516113281, 321.16741943359375, 1983.333984375
369.6817321777344, 339.9427490234375, 1983.333984375
375.3771667480469, 358.5562438964844, 1720.3175048828125
381.12249755859375, 377.0102233886719, 975.6328125
386.9173889160156, 395.3136291503906, -1146.0457763671875
392.7613830566406, 413.45751953125, -2903.012939453125
398.74114990234375, 431.7432556152344, -3188.610595703125
404.68292236328125, 449.5745849609375, -4820.93896484375
410.672607421875, 467.25531005859375, -7000.0
416.7098083496094, 484.78607177734375, -7000.0
422.8838806152344, 494.6308288574219, -7000.0
429.0154724121094, 468.0236511230469, -7000.0
435.1933288574219, 438.83892822265625, -3715.037109375
441.5088195800781, 409.5617370605469, -970.9918212890625
447.77850341796875, 380.3601379394531, 1983.333984375
454.18634033203125, 379.8797607421875, 1983.333984375
460.5461120605469, 397.2857360839844, 1983.333984375
466.949951171875, 415.4124755859375, 1983.333984375
473.4925537109375, 433.4588623046875, 1983.333984375
480.0796203613281, 451.563720703125, 1983.333984375
486.71063232421875, 469.2931823730469, 1894.5225830078125
493.2881164550781, 486.80743408203125, 575.3597412109375
499.90740966796875, 504.1865234375, -950.4072875976562
506.5680847167969, 521.4005737304688, -2081.616943359375
513.2695922851562, 538.4867553710938, -1477.134033203125
520.1110229492188, 555.5967407226562, -2119.766357421875
526.8934936523438, 572.36865234375, -3873.654541015625
533.7155151367188, 589.0046997070312, -6663.16064453125
540.5765380859375, 597.3250732421875, -7000.0
547.5778198242188, 568.1099853515625, -5621.20458984375
554.6183471679688, 538.6528930664062, -2994.014404296875
561.5946655273438, 509.4634704589844, 1091.265625
568.7114868164062, 480.57843017578125, 1983.333984375
575.7620849609375, 476.7627258300781, 1983.333984375
582.8487548828125, 494.209228515625, 1983.333984375
589.9710693359375, 511.50543212890625, 1983.333984375
597.2340698242188, 528.7125854492188, 1983.333984375
604.4266967773438, 545.7610473632812, 1983.333984375
611.6534423828125, 562.6273803710938, 1983.333984375
619.0208740234375, 579.446044921875, 1983.333984375
626.31494140625, 596.0126953125, 1983.333984375
633.6416625976562, 612.4677124023438, 1983.333984375
641.10888671875, 628.8267822265625, 1461.2818603515625
648.4998168945312, 644.99951171875, 912.0081176757812
656.0311889648438, 661.0956420898438, -560.1473388671875
663.5941162109375, 676.4765625, -1447.112060546875
671.2982177734375, 683.7495727539062, -2281.866455078125
678.8121948242188, 685.8301391601562, -2452.98974609375
686.355224609375, 681.4468994140625, -1250.5604248046875
693.9267578125, 677.0632934570312, -97.3077392578125
701.5262451171875, 672.6798706054688, 1375.232421875
709.2655639648438, 669.338134765625, 1983.333984375
716.9197998046875, 676.9620971679688, 1983.333984375
724.6004638671875, 692.7223510742188, 1983.333984375
732.4205322265625, 708.3740234375, 1983.333984375
740.3805541992188, 724.1610717773438, 1983.333984375
748.1383056640625, 739.487548828125, 1153.442138671875
755.9203491210938, 754.6834106445312, 473.4251708984375
763.7260131835938, 769.7486572265625, -979.0116577148438
771.6702270507812, 784.856201171875, -1921.6375732421875
779.5220336914062, 799.6609497070312, -3612.896728515625
787.3959350585938, 814.3435668945312, -3172.594482421875
795.2913818359375, 828.8973999023438, -3516.36083984375
803.2078857421875, 843.3483276367188, -4590.79150390625
811.144775390625, 856.4634399414062, -6129.22265625
819.2186889648438, 856.9202270507812, -6793.76611328125
827.1951293945312, 827.7273559570312, -3171.073486328125
835.1903686523438, 798.5344848632812, 400.6764831542969
843.3218383789062, 769.2322387695312, 1983.333984375
851.353271484375, 746.0718994140625, 1983.333984375
859.40185546875, 754.4092407226562, 1983.333984375
867.585693359375, 769.5299072265625, 1983.333984375
875.905029296875, 784.754150390625, 1983.333984375
884.0023193359375, 799.5609130859375, 1983.333984375
892.23388671875, 814.30712890625, 1983.333984375
900.480224609375, 828.958984375, 1983.333984375
908.6209106445312, 843.3860473632812, 1983.333984375
916.7747192382812, 857.69287109375, 1983.333984375
924.9412231445312, 871.8790283203125, 1983.333984375
933.2401123046875, 886.008056640625, 1983.333984375
941.5508422851562, 900.040283203125, 1983.333984375
949.7521362304688, 913.8572998046875, 1983.333984375
957.9637451171875, 927.5779418945312, 1983.333984375
966.30615234375, 941.1986694335938, 1983.333984375
974.5369262695312, 954.6691284179688, 1983.333984375
983.1400756835938, 968.4669189453125, 1983.333984375
991.3878784179688, 981.6993408203125, 1508.7569580078125
999.6431884765625, 994.8204956054688, 513.8555908203125
1007.9054565429688, 1007.8280029296875, -19.571657180786133
1016.1740112304688, 1020.7174682617188, -21.04490089416504
1024.4483642578125, 1031.2891845703125, -285.32208251953125
1032.7279052734375, 1033.3931884765625, -838.6544189453125
1041.01220703125, 1029.0108642578125, 60.930057525634766
1049.42236328125, 1025.8448486328125, 1315.411865234375
1057.714111328125, 1027.16943359375, 1983.333984375
1066.130859375, 1034.036376953125, 1983.333984375
1074.427978515625, 1046.703857421875, 1983.333984375
1082.726806640625, 1059.2774658203125, 1983.333984375
1091.14892578125, 1071.939208984375, 1983.333984375
1099.4495849609375, 1084.2843017578125, 1983.333984375
1107.872314453125, 1096.5635986328125, 1806.572998046875
1116.1724853515625, 1108.6982421875, 1211.6910400390625
1124.4715576171875, 1120.7259521484375, 1167.1981201171875
1132.890869140625, 1132.6854248046875, 737.340576171875
1141.3079833984375, 1156.304931640625, -532.2835083007812
1158.0107421875, 1168.0125732421875, -1116.243896484375
1166.417236328125, 1176.834228515625, -1717.7628173828125
1174.819091796875, 1177.5047607421875, -1421.2960205078125
1183.0938720703125, 1168.667236328125, -22.401653289794922
1199.747314453125, 1164.2740478515625, 1983.333984375
1208.003173828125, 1159.890625, 1983.333984375
1216.2515869140625, 1161.3304443359375, 1983.333984375
1224.491943359375, 1184.389404296875, 1983.333984375
1241.0672607421875, 1195.8564453125, 1983.333984375
1249.40087890625, 1207.1771240234375, 1983.333984375
1257.6031494140625, 1229.4732666015625, 1983.333984375
1273.974853515625, 1240.493408203125, 1983.333984375
1282.262939453125, 1251.473388671875, 1983.333984375
1290.4183349609375, 1273.0279541015625, 1648.955322265625
1307.04736328125, 1283.833251953125, 1983.333984375
1315.1611328125, 1294.3651123046875, 1983.333984375
1323.260009765625, 1304.8065185546875, 1983.333984375
1331.3433837890625, 1325.43505859375, 1064.875732421875
1347.4620361328125, 1335.62451171875, 1208.820068359375
1355.614013671875, 1345.8740234375, 1135.47021484375
1363.630126953125, 1355.8675537109375, 849.25732421875
1371.6280517578125, 1375.5994873046875, 413.32513427734375
1387.5672607421875, 1385.34228515625, 496.47784423828125
1395.6241455078125, 1391.3541259765625, 812.0592651367188
1403.659912109375, 1392.7659912109375, 918.3251953125
1411.6741943359375, 1395.552978515625, 706.2425537109375
1427.4051513671875, 1400.5244140625, 1983.333984375
1435.237060546875, 1409.1983642578125, 1983.333984375
1443.0457763671875, 1425.736328125, 1936.13037109375
1458.7059326171875, 1434.0255126953125, 1983.333984375
1466.555419921875, 1442.325439453125, 1983.333984375
1474.2657470703125, 1458.9107666015625, 1825.1396484375
1489.7208251953125, 1467.19091796875, 1983.333984375
1497.4638671875, 1475.5020751953125, 1983.333984375
1505.1785888671875, 1483.8267822265625, 1983.333984375
1512.975830078125, 1500.524169921875, 1665.5645751953125
1528.0379638671875, 1508.79248046875, 1983.333984375
1535.5250244140625, 1517.0621337890625, 1983.333984375
1542.9820556640625, 1525.33056640625, 1983.333984375
1550.5177001953125, 1541.8966064453125, 1442.761474609375
1565.38427734375, 1550.1959228515625, 1983.333984375
1572.82275390625, 1558.491455078125, 1983.333984375
1580.1207275390625, 1566.7645263671875, 1983.333984375
1587.4921875, 1583.3671875, 1187.4332275390625
1602.025146484375, 1591.667236328125, 1375.2265625
1609.2918701171875, 1600.0587158203125, 1442.39404296875
1616.417724609375, 1616.596923828125, 429.09881591796875
1630.5625, 1624.865966796875, 1080.998291015625
1637.5802001953125, 1633.1480712890625, 605.8914794921875
1644.663330078125, 1636.5537109375, 1047.4556884765625
1658.6119384765625, 1641.5780029296875, 1983.333984375
1665.4775390625, 1649.84716796875, 1983.333984375
1672.3040771484375, 1658.116455078125, 1983.333984375
1679.09130859375, 1666.395263671875, 1983.333984375
1685.838623046875, 1674.6644287109375, 1983.333984375
1692.643798828125, 1683.0548095703125, 1983.333984375
1699.309326171875, 1691.342529296875, 1875.5006103515625
1705.9334716796875, 1699.6168212890625, 1584.232421875
1712.5159912109375, 1716.1622314453125, 365.63055419921875
1725.5538330078125, 1724.431884765625, 495.3562927246094
1732.1029052734375, 1735.6722412109375, 279.16693115234375
1744.9727783203125, 1735.67236328125, 393.73370361328125
1751.3865966796875, 1735.672607421875, 1226.0040283203125
1757.7542724609375, 1741.253662109375, 1983.333984375
1763.98388671875, 1749.5238037109375, 1983.333984375
1770.1678466796875, 1757.793701171875, 1983.333984375
1776.3056640625, 1766.0634765625, 1983.333984375
1782.4859619140625, 1774.455810546875, 1883.08642578125
1788.5294189453125, 1782.72607421875, 1533.0279541015625
1794.5255126953125, 1790.9962158203125, 940.2421875
1800.4736328125, 1799.268310546875, 1050.9300537109375
1806.4598388671875, 1807.5943603515625, 892.2037963867188
1812.3961181640625, 1815.8858642578125, 475.8131408691406
1818.28173828125, 1824.1929931640625, -202.34591674804688
1824.0322265625, 1832.4635009765625, -637.1638793945312
1829.7327880859375, 1834.791259765625, -656.08251953125
1835.4658203125, 1831.60693359375, -166.0392608642578
1841.1466064453125, 1827.198486328125, 518.853271484375
1846.6937255859375, 1826.0316162109375, 1937.8974609375
1852.1893310546875, 1832.1148681640625, 1983.333984375
1857.7127685546875, 1840.49951171875, 1983.333984375
1863.1036376953125, 1848.7703857421875, 1983.333984375
1868.44189453125, 1857.040771484375, 1983.333984375
1873.804443359375, 1865.3739013671875, 1929.273193359375
1879.03564453125, 1873.6444091796875, 1530.1038818359375
1884.2132568359375, 1881.9150390625, 796.9481811523438
1889.336669921875, 1890.185302734375, 682.4140014648438
1894.40576171875, 1898.4656982421875, 212.53244018554688
1899.4935302734375, 1906.82177734375, -116.48389434814453
1904.4520263671875, 1915.0924072265625, -808.0714721679688
1909.35498046875, 1923.363037109375, -1850.47216796875
1914.2022705078125, 1925.1502685546875, -2490.46826171875
1918.993408203125, 1921.6971435546875, -2142.73486328125
1923.935791015625, 1917.1590576171875, -739.5046997070312
1928.6112060546875, 1912.7734375, 1132.772705078125
1933.2296142578125, 1908.3880615234375, 1983.333984375
1937.7906494140625, 1907.630859375, 1983.333984375
1942.2938232421875, 1914.48193359375, 1983.333984375
1946.739013671875, 1922.7508544921875, 1983.333984375
1951.1258544921875, 1931.01953125, 1983.333984375
1955.4541015625, 1939.2877197265625, 1983.333984375
1959.723388671875, 1947.5562744140625, 1983.333984375
1963.9334716796875, 1955.8245849609375, 1892.823974609375
1968.083984375, 1964.09521484375, 1328.414306640625
1972.234375, 1972.396484375, 324.08172607421875
1976.3228759765625, 1980.715576171875, -165.05712890625
1980.3492431640625, 1989.1173095703125, -639.6278686523438
1984.256103515625, 1997.385986328125, -1589.63916015625
1988.1021728515625, 2005.6549072265625, -2969.494873046875
1991.942138671875, 2006.74951171875, -1168.635009765625
1995.66455078125, 2002.9071044921875, -1418.254638671875
1999.3251953125, 1976.7476806640625, 317.4581604003906
2002.9239501953125, 1969.3482666015625, 1983.333984375
2006.5120849609375, 1976.14111328125, 1983.333984375
2009.9852294921875, 1984.4097900390625, 1983.333984375
2013.3956298828125, 1992.678466796875, 1983.333984375
2016.7431640625, 2000.9595947265625, 1983.333984375
2020.0753173828125, 2009.2508544921875, 1983.333984375
2023.34228515625, 2017.6207275390625, 1610.0714111328125
2026.543701171875, 2025.9630126953125, 676.951904296875
2029.6343994140625, 2034.2320556640625, 139.9396209716797
2032.6610107421875, 2042.501220703125, -472.3750305175781
2035.6234130859375, 2050.770263671875, -1661.3336181640625
2038.521240234375, 2059.05126953125, -3373.2021484375
2041.395751953125, 2067.35888671875, -2828.705322265625
2044.1630859375, 2067.93896484375, -2061.05224609375
2046.865478515625, 2040.69091796875, -740.92578125
2049.541015625, 2011.2823486328125, 1983.333984375
2052.14892578125, 2005.434326171875, 1983.333984375
2054.653076171875, 2013.0845947265625, 1983.333984375
2057.091552734375, 2021.353759765625, 1983.333984375
2059.498291015625, 2029.6595458984375, 1983.333984375
2061.8037109375, 2037.93017578125, 1983.333984375
2064.107666015625, 2046.355224609375, 1983.333984375
2066.2783203125, 2054.624755859375, 1983.333984375
2068.382568359375, 2062.893798828125, 1593.7557373046875
2070.419921875, 2071.162353515625, 510.513671875
2072.390380859375, 2079.4462890625, -298.98553466796875
2074.2939453125, 2087.71533203125, -1276.7310791015625
2076.156982421875, 2096.00537109375, -2930.48095703125
2077.95068359375, 2104.3212890625, -2454.279052734375
2079.650390625, 2104.3388671875, -1809.2889404296875
2081.28271484375, 2075.149658203125, -505.9773864746094
2082.869873046875, 2045.8785400390625, 1983.333984375
2084.387451171875, 2016.7938232421875, 1983.333984375
2085.814453125, 2012.5430908203125, 1983.333984375
2087.212646484375, 2020.95654296875, 1983.333984375
2088.501953125, 2029.225830078125, 1983.333984375
2089.722900390625, 2037.50732421875, 1983.333984375
2090.875732421875, 2045.776611328125, 1983.333984375
2091.96044921875, 2054.046142578125, 1983.333984375
2092.9912109375, 2062.3447265625, 1983.333984375
2093.93798828125, 2070.615966796875, 1983.333984375
2094.82861328125, 2078.954833984375, 1983.333984375
2095.637451171875, 2087.23486328125, 1927.345458984375
2096.377685546875, 2095.50439453125, 1012.450439453125
2097.04931640625, 2103.7783203125, 226.21127319335938
2097.660400390625, 2112.105224609375, -893.1434326171875
2098.200927734375, 2119.82861328125, -2766.618896484375
2098.67041015625, 2119.44091796875, -1657.52734375
2099.06396484375, 2115.055419921875, -2883.19189453125
2099.388671875, 2108.41357421875, -3250.244140625
2099.644287109375, 2081.4951171875, -577.8184814453125
2099.837890625, 2076.929443359375, 1154.5430908203125
2099.952880859375, 2072.5439453125, 1983.333984375
2099.9990234375, 2069.8916015625, 1983.333984375
2099.97607421875, 2078.159912109375, 1983.333984375
2099.884521484375, 2086.427490234375, 1983.333984375
2099.723876953125, 2094.6953125, 1541.254150390625
2099.494384765625, 2102.962646484375, 1090.9532470703125
2099.196044921875, 2111.22900390625, -317.037109375
2098.828857421875, 2119.494873046875, -2110.88037109375
2098.3857421875, 2127.7861328125, -2022.3245849609375
2097.8798828125, 2136.0517578125, -2942.01123046875
2097.305419921875, 2144.317138671875, -4749.734375
2096.652099609375, 2152.6064453125, -7000.0
2095.927978515625, 2160.90234375, -7000.0
2095.1455078125, 2167.8779296875, -7000.0
2094.28125, 2162.985595703125, -7000.0
2093.3603515625, 2133.79443359375, -7000.0
2092.371337890625, 2104.603515625, -4702.052734375
2091.313720703125, 2075.412109375, -2152.26806640625
2090.1708984375, 2046.1334228515625, 1983.333984375
2088.975830078125, 2021.265869140625, 1983.333984375
2087.693359375, 2019.147705078125, 1983.333984375
2086.341064453125, 2027.5128173828125, 1983.333984375
2084.93994140625, 2035.77880859375, 1983.333984375
2083.470703125, 2044.045166015625, 1983.333984375
2081.864501953125, 2052.57958984375, 1983.333984375
2080.257080078125, 2060.845703125, 1983.333984375
2078.58203125, 2069.111572265625, 1983.333984375
2076.839599609375, 2077.376708984375, 904.16748046875
2075.02978515625, 2085.641845703125, -331.9776916503906
2073.15283203125, 2093.90673828125, -2169.164306640625
2071.208740234375, 2102.1708984375, -2256.5458984375
2069.19775390625, 2110.43798828125, -3447.724365234375
2067.089111328125, 2116.7685546875, -5613.232421875
2064.94384765625, 2109.668701171875, -6957.77587890625
2062.665771484375, 2079.834716796875, -5227.078125
2060.3857421875, 2050.64794921875, -3329.85205078125
2058.03955078125, 2021.4619140625, 1046.3280029296875
2055.627197265625, 1998.9168701171875, 1983.333984375
2053.149169921875, 1995.7099609375, 1983.333984375
2050.605224609375, 1997.9296875, 1983.333984375
2047.9959716796875, 2006.1927490234375, 1983.333984375
2045.3214111328125, 2014.4559326171875, 1983.333984375
2042.5408935546875, 2022.7938232421875, 1983.333984375
2039.7352294921875, 2031.057373046875, 1943.8516845703125
2036.8221435546875, 2039.4312744140625, 629.3547973632812
2033.88623046875, 2047.69482421875, -461.25115966796875
2030.885986328125, 2055.95849609375, -2745.1328125
2027.7760009765625, 2064.318359375, -3442.521240234375
2024.646728515625, 2072.58203125, -5408.873046875
2021.4537353515625, 2080.845703125, -7000.0
2018.197265625, 2089.10888671875, -7000.0
2014.8775634765625, 2094.828857421875, -7000.0
2011.444580078125, 2085.677001953125, -7000.0
