1229.8424072265625, 1211.0657958984375, 815.6644287109375
1238.31005859375, 1217.620361328125, 1875.6282958984375
1246.5262451171875, 1222.862060546875, 1983.333984375
1254.7322998046875, 1236.3140869140625, 1983.333984375
1262.927734375, 1258.0693359375, 931.4922485351562
1279.2841796875, 1268.832275390625, 861.9013061523438
1287.4442138671875, 1279.4814453125, 494.21417236328125
1295.830810546875, 1290.315673828125, 843.0132446289062
1303.9639892578125, 1300.7796630859375, 917.8983154296875
1312.0831298828125, 1311.158447265625, 741.2220458984375
1320.187744140625, 1321.45068359375, 334.2331848144531
1328.277099609375, 1331.6522216796875, -277.01141357421875
1336.4693603515625, 1341.833251953125, -371.2373046875
1344.5264892578125, 1351.890869140625, -687.4666137695312
1352.5667724609375, 1356.6173095703125, -606.3057250976562
1360.589599609375, 1354.44921875, -55.9832878112793
1368.594482421875, 1350.0689697265625, 939.9646606445312
1376.5809326171875, 1349.296875, 1983.333984375
1384.665283203125, 1350.5677490234375, 1983.333984375
1392.7294921875, 1357.4586181640625, 1983.333984375
1400.656494140625, 1367.36181640625, 1983.333984375
1408.6788330078125, 1377.224365234375, 1983.333984375
1416.795166015625, 1387.1363525390625, 1983.333984375
1424.6573486328125, 1396.776611328125, 1983.333984375
1432.4971923828125, 1405.6527099609375, 1983.333984375
1440.314208984375, 1413.9996337890625, 1983.333984375
1448.22216796875, 1422.3597412109375, 1983.333984375
1455.9913330078125, 1430.637939453125, 1983.333984375
1463.7359619140625, 1438.9014892578125, 1983.333984375
1471.45556640625, 1447.1761474609375, 1983.333984375
1479.1495361328125, 1455.440185546875, 1983.333984375
1486.8173828125, 1463.70458984375, 1983.333984375
1494.5706787109375, 1472.0732421875, 1983.333984375
1502.184326171875, 1480.3380126953125, 1983.333984375
1509.770263671875, 1488.6029052734375, 1983.333984375
1517.4388427734375, 1496.9052734375, 1983.333984375
1524.9674072265625, 1505.1705322265625, 1983.333984375
1532.57666015625, 1513.5618896484375, 1983.333984375
1540.045654296875, 1521.827392578125, 1983.333984375
1547.5933837890625, 1530.1492919921875, 1983.333984375
1555.000732421875, 1538.4146728515625, 1983.333984375
1562.3768310546875, 1546.68017578125, 1983.333984375
1569.720947265625, 1554.9453125, 1983.333984375
1577.03271484375, 1563.210693359375, 1983.333984375
1584.3116455078125, 1571.490966796875, 1983.333984375
1591.6634521484375, 1579.7916259765625, 1983.333984375
1598.98046875, 1588.1090087890625, 1983.333984375
1606.15673828125, 1596.3746337890625, 1983.333984375
1613.4029541015625, 1604.6651611328125, 1948.904541015625
1620.6126708984375, 1612.9727783203125, 1792.3936767578125
1627.7855224609375, 1621.2623291015625, 1517.7852783203125
1634.9208984375, 1629.564453125, 1116.43017578125
1642.120849609375, 1637.9952392578125, 612.4132080078125
1649.0772705078125, 1646.26171875, 925.7623291015625
1655.995849609375, 1654.528076171875, 1066.500244140625
1662.9769287109375, 1656.1829833984375, 870.4886474609375
1669.81787109375, 1656.1832275390625, 1467.2452392578125
1676.6195068359375, 1662.8433837890625, 1983.333984375
1683.4805908203125, 1671.1558837890625, 1983.333984375
1690.3001708984375, 1679.4530029296875, 1983.333984375
1697.0780029296875, 1687.769775390625, 1983.333984375
1703.716064453125, 1696.0462646484375, 1816.1650390625
1710.5059814453125, 1704.46875, 1496.2061767578125
1717.0592041015625, 1712.735595703125, 996.154052734375
1723.56982421875, 1721.00244140625, 315.5736083984375
1730.13232421875, 1729.3402099609375, 412.52362060546875
1736.5560302734375, 1737.6068115234375, 293.76800537109375
1742.9359130859375, 1745.873291015625, -34.951290130615234
1749.2713623046875, 1754.139892578125, -70.40738677978516
1755.5621337890625, 1755.3018798828125, -15.587017059326172
1761.8992919921875, 1751.5023193359375, 237.7681121826172
1768.189453125, 1750.9222412109375, 1225.2567138671875
1774.5223388671875, 1758.3870849609375, 1983.333984375
1780.6270751953125, 1766.653564453125, 1983.333984375
1786.6849365234375, 1774.9195556640625, 1983.333984375
1792.695556640625, 1783.185302734375, 1983.333984375
1798.6583251953125, 1791.45068359375, 1789.302001953125
1804.5731201171875, 1799.7156982421875, 1336.0238037109375
1810.439208984375, 1807.995361328125, 629.2389526367188
1816.2564697265625, 1816.2603759765625, 619.7666625976562
1822.0242919921875, 1824.525390625, 324.9996337890625
1827.742431640625, 1832.790283203125, -238.395263671875
1833.4932861328125, 1841.19140625, -587.1681518554688
1839.1099853515625, 1849.4561767578125, -1221.5244140625
1844.67578125, 1850.0408935546875, -1254.00927734375
1850.190185546875, 1845.966064453125, -194.70372009277344
1855.73291015625, 1841.5618896484375, 517.4955444335938
1861.142822265625, 1837.179443359375, 1983.333984375
1866.500244140625, 1844.6461181640625, 1983.333984375
1871.882568359375, 1852.936767578125, 1983.333984375
1877.2100830078125, 1861.2381591796875, 1983.333984375
1882.482421875, 1869.6187744140625, 1983.333984375
1887.6993408203125, 1878.027099609375, 1983.333984375
1892.785888671875, 1886.292236328125, 1707.9932861328125
1897.81787109375, 1894.55712890625, 1076.46435546875
1902.7947998046875, 1902.8214111328125, 1042.1092529296875
1907.7884521484375, 1911.1611328125, 626.8383178710938
1912.6536865234375, 1919.42578125, -156.68006896972656
1917.462890625, 1927.6904296875, -798.6460571289062
1922.2156982421875, 1935.955078125, -1810.4056396484375
1926.9119873046875, 1936.02001953125, -2226.662109375
1931.6190185546875, 1931.635498046875, -1596.6566162109375
1936.26708984375, 1927.1976318359375, -455.78558349609375
1940.7896728515625, 1922.815185546875, 674.9786987304688
1945.319580078125, 1918.50048828125, 1983.333984375
1949.7252197265625, 1918.6571044921875, 1983.333984375
1954.072265625, 1926.9212646484375, 1983.333984375
1958.423095703125, 1935.22119140625, 1983.333984375
1962.7130126953125, 1943.5108642578125, 1983.333984375
1966.8809814453125, 1951.7752685546875, 1983.333984375
1971.049072265625, 1960.068603515625, 1983.333984375
1975.1553955078125, 1968.380859375, 1728.9312744140625
1979.1995849609375, 1976.7283935546875, 1006.3428955078125
1983.124267578125, 1984.993408203125, 765.25732421875
1986.988037109375, 1993.2587890625, 32.50253677368164
1990.7906494140625, 2001.5303955078125, -659.7450561523438
1994.58642578125, 2009.839599609375, -1802.152099609375
1998.3724365234375, 2017.6190185546875, -3362.070556640625
2002.0401611328125, 2017.2515869140625, -1562.541748046875
2005.643798828125, 2012.8350830078125, -1786.2490234375
2009.1324462890625, 2006.145751953125, -839.1967163085938
2012.6082763671875, 1979.2608642578125, 1983.333984375
2015.970458984375, 1974.8778076171875, 1983.333984375
2019.317626953125, 1971.8289794921875, 1983.333984375
2022.5523681640625, 1980.1036376953125, 1983.333984375
2025.769775390625, 1988.3994140625, 1983.333984375
2028.9215087890625, 1996.6995849609375, 1983.333984375
2032.0072021484375, 2005.0313720703125, 1983.333984375
2034.983642578125, 2013.2979736328125, 1983.333984375
2037.8956298828125, 2021.5645751953125, 1983.333984375
2040.82568359375, 2029.992431640625, 1983.333984375
2043.6063232421875, 2038.25927734375, 1577.4100341796875
2046.3218994140625, 2046.533935546875, 555.6298217773438
2049.0107421875, 2054.830810546875, -114.79872131347656
2051.5947265625, 2063.112548828125, -905.9411010742188
2054.11328125, 2070.048583984375, -2136.98974609375
2056.6015625, 2069.295654296875, -2940.83203125
2059.02197265625, 2064.869140625, -2941.5712890625
2061.3408203125, 2060.485595703125, -2175.176513671875
2063.593505859375, 2056.095703125, -699.6705932617188
2065.811279296875, 2051.683837890625, 952.0339965820312
2067.960693359375, 2047.274658203125, 1983.333984375
2070.011474609375, 2043.769287109375, 1983.333984375
2072.0244140625, 2045.53564453125, 1983.333984375
2073.940673828125, 2053.80322265625, 1983.333984375
2075.78955078125, 2062.070556640625, 1983.333984375
2077.59716796875, 2070.419677734375, 1774.84814453125
2079.33544921875, 2078.784423828125, 830.6397705078125
2080.98046875, 2087.052001953125, 117.82099151611328
2082.557861328125, 2095.31982421875, -827.2288208007812
2084.067626953125, 2103.587890625, -2498.437744140625
2085.509521484375, 2111.85546875, -2040.98779296875
2086.883544921875, 2120.125, -2340.71923828125
2088.208251953125, 2128.47021484375, -3483.746337890625
2089.445068359375, 2136.738525390625, -5296.18798828125
2090.630615234375, 2142.887939453125, -7000.0
2091.74560546875, 2134.723388671875, -7000.0
2092.79052734375, 2105.427490234375, -4748.4072265625
2093.751220703125, 2076.2275390625, -1983.958984375
2094.6435546875, 2047.027587890625, 1983.333984375
2095.46728515625, 2024.950927734375, 1983.333984375
2096.23291015625, 2024.2628173828125, 1983.333984375
2096.927978515625, 2032.5751953125, 1983.333984375
2097.543701171875, 2040.8433837890625, 1983.333984375
2098.0908203125, 2049.117919921875, 1983.333984375
2098.569091796875, 2057.386474609375, 1983.333984375
2098.984130859375, 2065.757080078125, 1983.333984375
2099.32373046875, 2082.3134765625, 1920.548828125
2099.798828125, 2090.68505859375, 1949.0640869140625
2099.930908203125, 2107.222412109375, 504.5897216796875
2099.98828125, 2115.49072265625, -773.3544921875
2099.91357421875, 2129.208251953125, -1876.7105712890625
2099.55029296875, 2127.666015625, -1606.450439453125
2099.26220703125, 2123.260498046875, -885.2775268554688
2098.903076171875, 2080.51318359375, 208.24070739746094
2097.97265625, 2051.2255859375, 1983.333984375
2097.4013671875, 2032.9393310546875, 1983.333984375
2096.768798828125, 2036.088134765625, 1983.333984375
2096.046142578125, 2052.83935546875, 1983.333984375
2094.43408203125, 2061.108642578125, 1983.333984375
2093.525390625, 2069.377197265625, 1983.333984375
2092.548095703125, 2085.9140625, 1333.9725341796875
2090.388427734375, 2094.18212890625, 856.7062377929688
2089.2060546875, 2110.718017578125, -404.7974548339844
2086.63720703125, 2118.99169921875, -3512.5498046875
2085.22998046875, 2127.38671875, -4813.83740234375
2083.774658203125, 2130.146484375, -3890.2490234375
2080.66064453125, 2114.906982421875, -4210.7744140625
2078.9775390625, 2085.2919921875, -1375.1064453125
2077.250732421875, 2056.093017578125, 1138.7532958984375
2075.45654296875, 1997.6954345703125, 1983.333984375
2071.666748046875, 1981.829833984375, 1983.333984375
2069.67138671875, 1985.6263427734375, 1983.333984375
2067.578369140625, 1994.000732421875, 1983.333984375
2065.448486328125, 2010.538330078125, 1983.333984375
2060.989501953125, 2018.822021484375, 1983.333984375
2058.625732421875, 2027.142578125, 1983.333984375
2056.194091796875, 2035.4405517578125, 1983.333984375
2053.731201171875, 2052.071533203125, 1048.4766845703125
2048.56982421875, 2060.34033203125, -327.5765075683594
2045.909423828125, 2068.609130859375, -2350.48974609375
2043.143310546875, 2076.989990234375, -2759.013916015625
2040.351806640625, 2078.658447265625, -1476.7462158203125
2034.5745849609375, 2061.2861328125, -1068.3023681640625
2031.544921875, 2031.85791015625, -529.1893920898438
2028.4490966796875, 1986.6917724609375, 956.8353271484375
2022.1546630859375, 1982.30712890625, 1983.333984375
2018.9119873046875, 1984.78271484375, 1983.333984375
2015.556884765625, 2001.5394287109375, 1744.53076171875
2008.6522216796875, 2009.80810546875, 606.2080688476562
2005.1549072265625, 2026.3446044921875, -126.71117401123047
1997.9735107421875, 2034.6129150390625, -966.2246704101562
1994.289794921875, 2051.1484375, -835.3195190429688
1986.7379150390625, 2059.432861328125, -5645.505859375
1982.8128662109375, 2067.752685546875, -7000.0
1978.8251953125, 2076.0576171875, -7000.0
1974.775146484375, 2079.41845703125, -7000.0
1970.7230224609375, 2061.561279296875, -7000.0
1966.6109619140625, 2032.362548828125, -7000.0
1962.37744140625, 2002.974609375, -7000.0
1958.1453857421875, 1973.7757568359375, -5041.05224609375
1953.72705078125, 1943.9244384765625, -3146.15625
1949.3753662109375, 1914.7257080078125, 999.740478515625
1944.965087890625, 1901.5670166015625, 1983.333984375
1940.49658203125, 1900.020751953125, 1983.333984375
1935.9031982421875, 1905.498046875, 1983.333984375
1931.318359375, 1913.764892578125, 1983.333984375
1926.6761474609375, 1922.03125, 1496.8975830078125
1921.97705078125, 1930.297607421875, 492.7291564941406
1917.2213134765625, 1938.563232421875, -1453.6734619140625
1912.4093017578125, 1946.828857421875, -1973.175048828125
1907.541259765625, 1955.0938720703125, -3891.16015625
1902.5447998046875, 1963.45166015625, -7000.0
1897.5650634765625, 1971.7166748046875, -7000.0
1892.5302734375, 1979.9814453125, -7000.0
1887.4410400390625, 1988.2462158203125, -7000.0
1882.2213134765625, 1996.62841796875, -7000.0
1877.0230712890625, 1999.139404296875, -7000.0
1871.771240234375, 1978.8031005859375, -7000.0
1866.46630859375, 1949.61865234375, -7000.0
1861.1085205078125, 1920.4339599609375, -7000.0
1855.6182861328125, 1890.943115234375, -7000.0
1850.1551513671875, 1861.7574462890625, -4612.05712890625
1844.5589599609375, 1832.380126953125, -2487.63623046875
1838.9097900390625, 1803.0277099609375, 764.2968139648438
1833.2083740234375, 1791.7113037109375, 1983.333984375
1827.53857421875, 1796.6953125, 1983.333984375
1821.8187255859375, 1804.9603271484375, 1983.333984375
1816.049072265625, 1813.224853515625, 1288.05126953125
1810.2301025390625, 1821.4896240234375, -23.852746963500977
1804.2755126953125, 1829.830078125, -2427.01220703125
1798.3583984375, 1838.0948486328125, -3506.810791015625
1792.3931884765625, 1846.3594970703125, -6161.1572265625
1786.380126953125, 1854.632080078125, -7000.0
1780.3199462890625, 1862.9163818359375, -7000.0
1774.1226806640625, 1871.2049560546875, -7000.0
1767.78662109375, 1879.631591796875, -7000.0
1761.5849609375, 1887.896728515625, -7000.0
1755.3377685546875, 1889.6903076171875, -7000.0
1749.04541015625, 1866.754150390625, -7000.0
1742.708251953125, 1837.5675048828125, -7000.0
1736.326904296875, 1808.3807373046875, -7000.0
1729.806884765625, 1779.109619140625, -7000.0
1723.3375244140625, 1749.8785400390625, -6297.41259765625
1716.729248046875, 1720.55859375, -3068.451171875
1710.0772705078125, 1691.281005859375, -275.13006591796875
1703.3818359375, 1661.7825927734375, 1983.333984375
1696.74169921875, 1652.76904296875, 1983.333984375
1690.0604248046875, 1658.6805419921875, 1983.333984375
1683.2392578125, 1667.015380859375, 1983.333984375
1676.4765625, 1675.2806396484375, 1096.6080322265625
1669.473388671875, 1683.697998046875, -66.18781280517578
1662.6304931640625, 1691.9632568359375, -2900.178955078125
1655.7489013671875, 1700.228515625, -4499.71923828125
1648.8289794921875, 1708.49365234375, -7000.0
1641.8712158203125, 1716.7586669921875, -7000.0
1634.77294921875, 1725.0838623046875, -7000.0
1627.7406005859375, 1733.356201171875, -7000.0
1620.5675048828125, 1741.652099609375, -7000.0
1613.3575439453125, 1749.9478759765625, -7000.0
1606.2164306640625, 1751.0718994140625, -7000.0
1599.0404052734375, 1725.7784423828125, -7000.0
1591.7236328125, 1696.42626953125, -7000.0
1584.4788818359375, 1667.2371826171875, -7000.0
1576.9862060546875, 1637.4825439453125, -7000.0
1569.6741943359375, 1608.2926025390625, -7000.0
1562.2215576171875, 1578.7691650390625, -5198.0791015625
1554.844970703125, 1549.579345703125, -989.6258544921875
1547.4368896484375, 1520.3905029296875, 1234.9034423828125
1539.998046875, 1491.2017822265625, 1983.333984375
1532.5289306640625, 1496.0616455078125, 1983.333984375
1524.91943359375, 1504.412841796875, 1983.333984375
1517.3907470703125, 1512.67822265625, 1502.974609375
1509.8333740234375, 1520.9432373046875, 177.87728881835938
1502.2476806640625, 1529.2083740234375, -2352.78466796875
1494.5220947265625, 1537.5015869140625, -3737.370849609375
1486.7685546875, 1545.8603515625, -6870.22900390625
1478.987548828125, 1554.195556640625, -7000.0
1471.29296875, 1562.4609375, -7000.0
1463.5728759765625, 1570.726318359375, -7000.0
1455.8277587890625, 1578.99169921875, -7000.0
1447.943603515625, 1587.291015625, -7000.0
1440.149658203125, 1587.6641845703125, -7000.0
1432.3321533203125, 1559.7491455078125, -7000.0
1424.3763427734375, 1530.4088134765625, -7000.0
1416.5133056640625, 1501.18115234375, -7000.0
1408.512451171875, 1471.7706298828125, -7000.0
1400.60595703125, 1442.58056640625, -7000.0
1392.5621337890625, 1413.23828125, -5637.134765625
1384.49755859375, 1383.781005859375, -1929.4267578125
1376.4127197265625, 1354.3629150390625, 514.04248046875
1368.4259033203125, 1325.1710205078125, 1983.333984375
1360.420654296875, 1327.1083984375, 1983.333984375
1352.3973388671875, 1337.2623291015625, 1983.333984375
1344.2384033203125, 1347.359619140625, 406.2091979980469
1336.06201171875, 1357.3646240234375, -1498.267822265625
1327.8690185546875, 1367.291748046875, -2525.010009765625
1319.65966796875, 1377.149169921875, -5538.34423828125
1311.4349365234375, 1386.9097900390625, -7000.0
1303.195068359375, 1396.580810546875, -7000.0
1294.9407958984375, 1405.6173095703125, -7000.0
1286.5528564453125, 1414.0711669921875, -7000.0
1278.391357421875, 1422.3380126953125, -7000.0
1270.2177734375, 1430.6048583984375, -7000.0
1262.0323486328125, 1438.3662109375, -7000.0
1253.835693359375, 1436.557861328125, -7000.0
1245.6285400390625, 1407.365966796875, -7000.0
1237.411376953125, 1378.1732177734375, -7000.0
1229.0635986328125, 1348.8568115234375, -7000.0
1220.827880859375, 1319.66259765625, -7000.0
1212.5838623046875, 1290.40478515625, -7000.0
1204.210693359375, 1260.8623046875, -7000.0
1195.95166015625, 1231.66943359375, -7000.0
1187.6859130859375, 1202.4775390625, -4998.06103515625
1179.4141845703125, 1173.2164306640625, -3520.366943359375
1171.136962890625, 1143.9619140625, -662.3001098632812
1162.7330322265625, 1117.0205078125, 1983.333984375
1154.446533203125, 1113.134521484375, 1983.333984375
1146.15625, 1114.5572509765625, 1983.333984375
1137.8629150390625, 1126.5345458984375, 1838.731201171875
1129.5667724609375, 1138.4427490234375, 357.1487121582031
1121.146728515625, 1150.2781982421875, -2476.494873046875
1112.84716796875, 1161.9803466796875, -4631.32861328125
1104.5467529296875, 1173.576416015625, -7000.0
1096.1239013671875, 1185.1553955078125, -7000.0
1087.8233642578125, 1196.531005859375, -7000.0
1079.2796630859375, 1208.0068359375, -7000.0
1070.9814453125, 1219.1817626953125, -7000.0
1062.685302734375, 1230.2650146484375, -7000.0
1054.2696533203125, 1241.3455810546875, -7000.0
1045.979248046875, 1250.851806640625, -7000.0
1037.692626953125, 1248.0606689453125, -7000.0
1029.41015625, 1218.867919921875, -7000.0
1021.1326293945312, 1189.6751708984375, -7000.0
1012.8604736328125, 1160.410888671875, -7000.0
1004.472900390625, 1131.0267333984375, -7000.0
996.092041015625, 1101.646728515625, -7000.0
987.83984375, 1072.452880859375, -7000.0
979.5953979492188, 1043.2591552734375, -7000.0
971.2382202148438, 1013.9724731445312, -7000.0
962.89013671875, 984.5678100585938, -5786.54833984375
954.6725463867188, 955.3331298828125, -2228.45263671875
946.4650268554688, 926.1331787109375, -452.99755859375
938.027099609375, 896.3694458007812, 1983.333984375
929.8416137695312, 874.1679077148438, 1983.333984375
921.6678466796875, 878.5419921875, 1983.333984375
913.50634765625, 892.5457153320312, 1983.333984375
905.3577270507812, 906.4288940429688, 1146.4698486328125
897.2224731445312, 920.2083129882812, -1023.6327514648438
889.1012573242188, 933.853515625, -2676.15234375
880.8754272460938, 947.5750122070312, -6614.25439453125
872.5462646484375, 961.2432861328125, -7000.0
864.4710083007812, 974.535400390625, -7000.0
856.4119262695312, 987.71630859375, -7000.0
848.3696899414062, 1000.783935546875, -7000.0
840.3447265625, 1013.7340087890625, -7000.0
832.2200927734375, 1026.7452392578125, -7000.0
824.2317504882812, 1037.1234130859375, -7000.0
816.262451171875, 1031.9013671875, -7000.0
808.3126831054688, 1002.7111206054688, -7000.0
800.3829956054688, 973.52197265625, -7000.0
792.4739990234375, 944.3328857421875, -7000.0
784.5861206054688, 915.143798828125, -7000.0
776.7200317382812, 885.8790283203125, -7000.0
768.7610473632812, 856.5613403320312, -7000.0
760.8255004882812, 827.1603393554688, -7000.0
752.9140625, 797.6913452148438, -7000.0
745.141357421875, 768.501708984375, -5979.0830078125
737.3931274414062, 739.3121337890625, -2549.539794921875
729.4430541992188, 680.4129638671875, -461.7774658203125
714.0751342773438, 651.2239379882812, 1983.333984375
706.4307861328125, 633.1666259765625, 1983.333984375
698.8135986328125, 641.0250244140625, 1983.333984375
691.2239990234375, 657.07177734375, 1983.333984375
683.5516357421875, 673.1005859375, 1277.7464599609375
675.9087524414062, 688.9208984375, -1081.655029296875
668.2960205078125, 720.267578125, -3471.557861328125
653.2720947265625, 735.63134765625, -7000.0
645.8611450195312, 750.8643188476562, -7000.0
638.3731689453125, 766.1525268554688, -7000.0
630.9179077148438, 796.06787109375, -7000.0
616.3214721679688, 810.7776489257812, -7000.0
609.072998046875, 822.11767578125, -7000.0
601.8583374023438, 814.3628540039062, -7000.0
594.5726928710938, 755.7501220703125, -7000.0
580.3179931640625, 726.4904174804688, -7000.0
573.140380859375, 697.0338745117188, -7000.0
566.0001220703125, 667.667236328125, -7000.0
559.0004272460938, 609.281005859375, -6171.29736328125
545.0117797851562, 579.9984741210938, -6463.91015625
538.0249633789062, 550.3548583984375, -4206.388671875
531.1783447265625, 491.97247314453125, -1243.2957763671875
517.6032104492188, 462.7825622558594, 1983.333984375
510.8756408691406, 444.7783203125, 1983.333984375
504.090576171875, 468.1828918457031, 1914.8631591796875
490.6477966308594, 485.786865234375, 400.4836730957031
483.99102783203125, 503.27423095703125, -1307.103759765625
477.4734802246094, 520.4964599609375, -2749.160888671875
470.9039306640625, 554.9793090820312, -4018.2568359375
457.899169921875, 571.7577514648438, -7000.0
451.46490478515625, 604.9590454101562, -7000.0
438.9179992675781, 621.3109130859375, -7000.0
432.712646484375, 649.3944702148438, -7000.0
420.4403076171875, 638.0388793945312, -7000.0
414.2853088378906, 579.4340209960938, -7000.0
402.29656982421875, 550.2396240234375, -7000.0
396.2873840332031, 520.9092407226562, -7000.0
390.41412353515625, 462.3578796386719, -7000.0
378.64556884765625, 433.0777282714844, -7000.0
372.6702575683594, 402.91217041015625, -6763.61572265625
366.9986572265625, 373.71929931640625, -3846.443359375
361.3775634765625, 315.34295654296875, -508.63616943359375
350.2884216308594, 286.1592712402344, 1983.333984375
344.8211364746094, 271.4758605957031, 1983.333984375
339.4059143066406, 280.9081115722656, 1983.333984375
334.0430603027344, 318.9878845214844, 600.916748046875
323.3992004394531, 337.8836975097656, -564.34765625
318.1965637207031, 356.5178527832031, -1510.503173828125
312.9725036621094, 375.0484924316406, -5089.21875
307.8042907714844, 393.4190979003906, -7000.0
302.6922607421875, 411.8712158203125, -7000.0
297.70965576171875, 429.8743896484375, -7000.0
292.7102966308594, 447.829345703125, -7000.0
287.83941650390625, 483.0763854980469, -7000.0
278.2658386230469, 495.3406982421875, -7000.0
273.4951171875, 480.1358947753906, -7000.0
268.85089111328125, 450.93902587890625, -7000.0
264.2639465332031, 421.6810607910156, -7000.0
259.66839599609375, 392.39898681640625, -7000.0
255.1324462890625, 363.03997802734375, -7000.0
250.6564483642578, 333.7763671875, -7000.0
246.24070739746094, 304.3100280761719, -7000.0
241.88552856445312, 274.8849182128906, -7000.0
237.65304565429688, 245.70204162597656, -4217.7744140625
233.47996520996094, 216.5235137939453, -1536.920654296875
229.36659240722656, 187.34054565429688, 1103.88720703125
225.31321716308594, 174.9932098388672, 1983.333984375
221.26182556152344, 187.33047485351562, 1983.333984375
217.3301544189453, 207.2874298095703, 787.6329956054688
213.40281677246094, 227.10435485839844, -269.5755310058594
209.53839111328125, 246.8618927001953, -1174.8743896484375
205.79177856445312, 266.2818908691406, -4587.60302734375
202.05303955078125, 285.662109375, -7000.0
198.43080139160156, 304.7505187988281, -7000.0
194.81881713867188, 323.7171630859375, -7000.0
191.2200927734375, 342.8216857910156, -7000.0
187.7877197265625, 361.41888427734375, -7000.0
184.418212890625, 379.85565185546875, -7000.0
181.11178588867188, 398.1399230957031, -7000.0
177.86866760253906, 410.2109680175781, -7000.0
174.64280700683594, 390.9632263183594, -7000.0
171.52792358398438, 361.7701721191406, -7000.0
168.47702026367188, 332.53717041015625, -7000.0
165.49029541015625, 303.3459777832031, -7000.0
162.52548217773438, 273.7652587890625, -7000.0
159.66868591308594, 244.5792694091797, -7000.0
156.87669372558594, 215.34254455566406, -7000.0
154.14967346191406, 186.14151000976562, -6900.25244140625
151.4491729736328, 156.60916137695312, -3782.95458984375
148.85365295410156, 127.46044921875, -602.73974609375
146.32366943359375, 98.34529113769531, 1983.333984375
143.85939025878906, 88.76329040527344, 1983.333984375
141.4609832763672, 104.20365905761719, 1983.333984375
139.12863159179688, 124.8218765258789, 1200.6336669921875
136.8296661376953, 145.381591796875, -1163.67724609375
134.59901428222656, 165.78343200683594, -1313.8541259765625
132.4676971435547, 185.8876953125, -4004.106201171875
130.40306091308594, 205.86212158203125, -7000.0
128.3763427734375, 225.83074951171875, -7000.0
126.4464340209961, 245.43092346191406, -7000.0
124.58361053466797, 264.8619384765625, -7000.0
122.73619842529297, 284.5660400390625, -7000.0
121.00990295410156, 303.6644592285156, -7000.0
119.3510513305664, 322.6020812988281, -7000.0
117.75977325439453, 334.38079833984375, -7000.0
116.23617553710938, 310.991455078125, -7000.0
114.78036499023438, 281.8042907714844, -7000.0
113.3924331665039, 252.62088012695312, -7000.0
112.07247924804688, 223.43392944335938, -7000.0
110.80269622802734, 194.1389617919922, -7000.0
109.61997985839844, 164.90806579589844, -7000.0
108.4737548828125, 135.2252960205078, -6344.7041015625
107.42959594726562, 106.10018157958984, -2499.839599609375
106.4538345336914, 77.03269958496094, -436.9951171875
105.53369903564453, 47.78034591674805, 1983.333984375
104.6959228515625, 53.00383758544922, 1983.333984375
103.92672729492188, 72.7237319946289, 1983.333984375
103.22615814208984, 93.5350112915039, 677.1911010742188
102.59427642822266, 114.2099380493164, -121.90632629394531
102.02334594726562, 134.79782104492188, -3326.89306640625
101.52995300292969, 155.14828491210938, -5846.52978515625
101.0996322631836, 175.40457153320312, -7000.0
100.74018096923828, 195.54931640625, -7000.0
100.45529174804688, 215.4091796875, -7000.0
100.23927307128906, 235.1138153076172, -7000.0
100.09049224853516, 254.68309020996094, -7000.0
100.01264953613281, 274.3352355957031, -7000.0
100.00575256347656, 293.6150207519531, -7000.0
100.06836700439453, 304.829833984375, -7000.0
100.19986724853516, 277.4967956542969, -7000.0
100.4002685546875, 248.3119659423828, -7000.0
100.66954040527344, 219.13003540039062, -7000.0
101.01315307617188, 189.83433532714844, -7000.0
101.4276351928711, 160.585693359375, -7000.0
101.9129638671875, 131.36708068847656, -6604.86279296875
102.46910095214844, 102.09294128417969, -2855.8984375
103.09600830078125, 72.722412109375, -617.5357055664062
103.78302764892578, 43.864463806152344, 1983.333984375
104.53868103027344, 50.7968635559082, 1983.333984375
105.37555694580078, 71.70803833007812, 1983.333984375
106.26934814453125, 92.52263641357422, 1117.1947021484375
107.24626922607422, 113.420166015625, -1007.7894897460938
108.2779312133789, 133.94143676757812, -3354.46728515625
109.3779296875, 154.30502319335938, -4966.30126953125
110.54618835449219, 174.49755859375, -7000.0
111.78262329101562, 194.54910278320312, -7000.0
113.1068344116211, 214.59461975097656, -7000.0
114.48035430908203, 234.28729248046875, -7000.0
115.92178344726562, 253.8118896484375, -7000.0
117.43101501464844, 273.2066650390625, -7000.0
119.03164672851562, 292.1537780761719, -7000.0
120.70186614990234, 301.3163757324219, -7000.0
122.44156646728516, 271.927978515625, -7000.0
124.22390747070312, 242.74168395996094, -7000.0
126.12889099121094, 213.03846740722656, -7000.0
128.04754638671875, 183.86224365234375, -7000.0
130.0628662109375, 154.33848571777344, -6065.16357421875
132.1162872314453, 125.19050598144531, -1599.8524169921875
134.23641967773438, 96.0790023803711, 533.1281127929688
136.42308044433594, 67.04652404785156, 1983.333984375
138.6761474609375, 42.73320388793945, 1983.333984375
140.9954376220703, 63.61909484863281, 1983.333984375
143.3808135986328, 84.4764633178711, 1983.333984375
145.86865234375, 105.31885528564453, 1983.333984375
148.3866424560547, 125.90541076660156, 1983.333984375
151.00869750976562, 146.4396209716797, 1060.3341064453125
153.6980743408203, 166.90072631835938, -1804.2667236328125
156.45457458496094, 187.1261444091797, -1866.6627197265625
159.23663330078125, 207.04725646972656, -3889.60107421875
162.08351135253906, 226.80072021484375, -7000.0
164.99501037597656, 246.3863525390625, -7000.0
167.97093200683594, 265.8049011230469, -7000.0
171.0110626220703, 284.0091857910156, -7000.0
174.11521911621094, 289.5963439941406, -7000.0
177.33023071289062, 260.12152099609375, -7000.0
180.56268310546875, 230.9401092529297, -7000.0
183.85848999023438, 201.7637176513672, -5342.5234375
187.21742248535156, 172.5444793701172, -2887.051513671875
190.69004821777344, 143.22532653808594, 407.2273864746094
194.17544555664062, 117.96138763427734, 1983.333984375
197.82855224609375, 117.8772201538086, 1983.333984375
201.44036865234375, 138.3682861328125, 1983.333984375
205.1140899658203, 158.6930694580078, 1983.333984375
208.84947204589844, 178.8473358154297, 1983.333984375
212.64625549316406, 198.85116577148438, 1226.3917236328125
216.5041961669922, 218.71688842773438, -361.8390197753906
220.4810791015625, 238.46685791015625, -1875.2640380859375
224.46136474609375, 257.9616394042969, -2208.51513671875
228.56185913085938, 277.3343811035156, -4248.64501953125
232.72418212890625, 296.5593566894531, -7000.0
236.94802856445312, 315.6040344238281, -7000.0
241.295654296875, 334.787109375, -7000.0
245.5791015625, 351.61798095703125, -7000.0
249.92141723632812, 353.00726318359375, -7000.0
254.3223114013672, 323.81402587890625, -7000.0
258.7814636230469, 294.6214294433594, -7000.0
263.3654479980469, 265.3554382324219, -3525.802490234375
267.9410705566406, 236.10592651367188, -1020.007080078125
272.642578125, 206.56915283203125, 1983.333984375
277.40277099609375, 185.3567352294922, 1983.333984375
282.1510925292969, 192.37252807617188, 1983.333984375
287.0268249511719, 212.46180725097656, 1983.333984375
291.8883361816406, 232.1737060546875, 1983.333984375
296.8055419921875, 251.71812438964844, 1983.333984375
301.778076171875, 271.13629150390625, 1983.333984375
306.87994384765625, 290.4424133300781, 1584.578369140625
312.0380859375, 309.810302734375, 567.3540649414062
317.1761474609375, 328.6951599121094, -256.8622131347656
322.3681640625, 347.4134521484375, -2588.489990234375
327.61376953125, 365.97064208984375, -3501.263916015625
332.9125671386719, 384.370361328125, -5868.2119140625
338.2642517089844, 402.61712646484375, -7000.0
343.66839599609375, 418.1800231933594, -7000.0
349.1246643066406, 386.54229736328125, -5439.3984375
360.2742004394531, 357.3482360839844, -1484.3062744140625
365.8852844238281, 328.1554870605469, 727.6069946289062
371.6305847167969, 298.7384033203125, 1983.333984375
377.42755126953125, 304.8872985839844, 1983.333984375
389.0890197753906, 323.812255859375, 1983.333984375
395.0378112792969, 342.6371765136719, 1983.333984375
400.9493103027344, 361.2356872558594, 1983.333984375
406.90899658203125, 397.95721435546875, 333.95281982421875
418.97119140625, 416.11578369140625, -448.0058288574219
425.0728759765625, 434.0916442871094, -923.1715087890625
431.31182861328125, 469.7076110839844, -2549.110107421875
443.8395080566406, 487.2833251953125, -4048.229248046875
450.1259765625, 501.5404357910156, -6217.18017578125
456.6441345214844, 466.0874328613281, -3107.331787109375
469.53656005859375, 436.8875427246094, -287.1522216796875
476.0014343261719, 393.55047607421875, 1983.333984375
489.0597229003906, 400.926513671875, 1983.333984375
495.6522216796875, 430.82037353515625, 1983.333984375
509.0601806640625, 448.66351318359375, 1983.333984375
515.8759155273438, 466.4847412109375, 1983.333984375
522.7330932617188, 501.53717041015625, 1135.0250244140625
536.3681030273438, 518.7789916992188, 1156.044677734375
543.2440795898438, 535.900146484375, 949.6603393554688
550.2604370117188, 553.12646484375, -385.7478942871094
557.2131958007812, 586.5771484375, -1538.2645263671875
571.2305297851562, 603.0891723632812, -1763.0672607421875
578.2940673828125, 615.6373291015625, -2604.34228515625
585.3936157226562, 576.7446899414062, -1474.21533203125
599.80419921875, 547.5450439453125, 1983.333984375
607.0090942382812, 530.3330078125, 1983.333984375
614.2479248046875, 553.2788696289062, 1983.333984375
628.9332275390625, 570.1610717773438, 1983.333984375
636.379638671875, 586.922119140625, 1983.333984375
643.8589477539062, 603.6000366210938, 1983.333984375
651.261474609375, 636.1920166015625, 915.50927734375
666.1588745117188, 652.278564453125, 652.563232421875
673.6526489257812, 668.2282104492188, 383.34075927734375
681.28662109375, 699.810302734375, -187.584228515625
696.4198608398438, 715.3731689453125, -1798.5264892578125
704.1405029296875, 726.46484375, -882.836669921875
711.8892211914062, 723.02783203125, -967.7725830078125
727.2422485351562, 705.0616455078125, 807.119140625
734.95751953125, 689.4646606445312, 1983.333984375
742.8119506835938, 691.71533203125, 1983.333984375
750.577392578125, 719.2935180664062, 1924.46826171875
766.179931640625, 734.6672973632812, 1983.333984375
774.0159301757812, 765.2598266601562, 676.429443359375
789.8709106445312, 780.2415161132812, 1005.6873779296875
797.7730102539062, 809.820068359375, -453.4549255371094
813.63916015625, 824.4462890625, -1132.494873046875
821.7192993164062, 839.0343627929688, -2540.0576171875
829.7017211914062, 853.3834228515625, -1779.649169921875
837.7026977539062, 867.6213989257812, -1721.720947265625
845.8399047851562, 876.8187866210938, -1837.307373046875
853.8767700195312, 860.74462890625, -2013.837890625
861.9305419921875, 831.5062255859375, 880.1034545898438
870.0007934570312, 817.9171142578125, 1983.333984375
878.0868530273438, 813.5317993164062, 1983.333984375
886.188232421875, 821.1389770507812, 1983.333984375
894.4237670898438, 835.7294311523438, 1983.333984375
902.6739501953125, 864.4303588867188, 1983.333984375
918.9755249023438, 878.5604248046875, 1983.333984375
927.2655639648438, 892.6639404296875, 1983.333984375
935.4473876953125, 906.552734375, 1983.333984375
943.640625, 920.3262939453125, 1983.333984375
951.96533203125, 934.1538696289062, 1983.333984375
960.1796264648438, 947.6874389648438, 1796.3575439453125
968.4036254882812, 961.1034545898438, 1037.64892578125
976.6366577148438, 974.4058837890625, 691.7872314453125
984.878173828125, 987.5912475585938, -189.6923065185547
993.1276245117188, 995.0809936523438, -929.7901000976562
1001.5059204101562, 998.7965698242188, -60.32522964477539
1009.8912353515625, 999.8545532226562, 550.234619140625
1018.2828979492188, 996.82470703125, 1473.45654296875
1026.680419921875, 998.8845825195312, 1983.333984375
1035.0831298828125, 1009.5239868164062, 1983.333984375
1043.4903564453125, 1022.4719848632812, 1983.333984375
1051.901611328125, 1035.4566650390625, 1983.333984375
1060.31640625, 1048.1717529296875, 1795.3770751953125
1068.9779052734375, 1061.168212890625, 1192.9190673828125
1077.275634765625, 1073.610107421875, 1100.551513671875
1085.574951171875, 1085.9483642578125, 562.6416015625
1093.8753662109375, 1098.1768798828125, -385.9695739746094
1102.176025390625, 1110.3018798828125, -778.9711303710938
1110.4766845703125, 1122.3177490234375, -1577.5035400390625
1118.7764892578125, 1134.2305908203125, -2749.56884765625
1127.0750732421875, 1146.042724609375, -1438.882568359375
1135.371826171875, 1151.3165283203125, -2673.914794921875
1143.6661376953125, 1129.1104736328125, -380.93792724609375
1152.0792236328125, 1119.408447265625, 1983.333984375
1160.3668212890625, 1115.025146484375, 1983.333984375
1168.650390625, 1123.6793212890625, 1983.333984375
1177.1724853515625, 1135.788330078125, 1983.333984375
1185.44580078125, 1147.585205078125, 1983.333984375
1193.713134765625, 1159.2818603515625, 1983.333984375
1201.97412109375, 1170.878173828125, 1983.333984375
1210.22802734375, 1182.3736572265625, 1983.333984375
1218.4742431640625, 1193.7685546875, 1983.333984375
1226.71240234375, 1205.06298828125, 1983.333984375
1234.94189453125, 1216.2655029296875, 1983.333984375
1243.1619873046875, 1227.392333984375, 1983.333984375
1251.3721923828125, 1238.4044189453125, 1983.333984375
1259.6925048828125, 1249.3509521484375, 1828.0797119140625
1268.0015869140625, 1260.2291259765625, 1414.6519775390625
1276.178466796875, 1270.97802734375, 720.5101928710938
1284.5831298828125, 1281.80810546875, 753.7440185546875
1292.73486328125, 1292.3480224609375, 522.336181640625
1300.873291015625, 1295.787109375, 843.7957153320312
1308.9979248046875, 1298.0113525390625, 866.076416015625
1317.2271728515625, 1300.23046875, 1595.814453125
1325.3221435546875, 1309.5035400390625, 1983.333984375
1333.401611328125, 1319.8121337890625, 1983.333984375
1341.58349609375, 1330.0960693359375, 1983.333984375
1349.7481689453125, 1340.2867431640625, 1817.9281005859375
1357.8951416015625, 1350.4757080078125, 1453.03857421875
1365.90625, 1360.4306640625, 893.6808471679688
1373.89892578125, 1370.296875, 1099.6363525390625
1381.8726806640625, 1380.081787109375, 1094.3466796875
1389.9439697265625, 1389.9267578125, 898.6135864257812
1398.111083984375, 1399.72119140625, 536.6549072265625
1406.0240478515625, 1408.263916015625, 244.169677734375
1413.916015625, 1416.54248046875, -47.95351791381836
1421.7862548828125, 1417.0872802734375, 513.0022583007812
1429.6343994140625, 1417.0875244140625, 1002.0516967773438
1437.4598388671875, 1417.087646484375, 1983.333984375
1445.261962890625, 1424.843994140625, 1983.333984375
1453.040283203125, 1433.108154296875, 1983.333984375
1460.7943115234375, 1441.372314453125, 1983.333984375
1468.5234375, 1449.654052734375, 1983.333984375
1476.227294921875, 1457.9183349609375, 1983.333984375
1484.017822265625, 1466.2401123046875, 1983.333984375
1491.7811279296875, 1474.6488037109375, 1983.333984375
1499.40478515625, 1482.913330078125, 1983.333984375
1507.0008544921875, 1491.1776123046875, 1983.333984375
1514.56884765625, 1499.4639892578125, 1983.333984375
1522.1083984375, 1507.728271484375, 1983.333984375
1529.6187744140625, 1515.995849609375, 1983.333984375
1537.099609375, 1524.2713623046875, 1983.333984375
1544.65966796875, 1532.58642578125, 1983.333984375
1552.0792236328125, 1540.8582763671875, 1983.333984375
1559.5760498046875, 1549.15576171875, 1983.333984375
1567.0404052734375, 1557.4486083984375, 1983.333984375
1574.4715576171875, 1565.7567138671875, 1945.916748046875
1581.8690185546875, 1574.0506591796875, 1796.4022216796875
1589.3387451171875, 1582.462646484375, 1572.6829833984375
1596.560791015625, 1590.7281494140625, 1240.77099609375
1603.748779296875, 1598.9931640625, 802.2201538085938
1610.9019775390625, 1607.2581787109375, 258.36669921875
1618.0198974609375, 1615.5391845703125, 546.322998046875
1625.2061767578125, 1623.830322265625, 695.2937622070312
1632.3551025390625, 1631.845947265625, 740.2312622070312
1639.3634033203125, 1631.84619140625, 630.20703125
1646.4368896484375, 1631.846435546875, 1323.53271484375
1653.4715576171875, 1632.2454833984375, 1983.333984375
1660.4669189453125, 1640.5394287109375, 1983.333984375
1667.422607421875, 1648.8363037109375, 1983.333984375
1674.3380126953125, 1657.1273193359375, 1983.333984375
1681.212646484375, 1665.5247802734375, 1983.333984375
1687.947265625, 1673.790771484375, 1983.333984375
1694.6414794921875, 1682.0570068359375, 1983.333984375
1701.294677734375, 1690.344970703125, 1983.333984375
1707.9063720703125, 1698.6317138671875, 1983.333984375
1714.5726318359375, 1706.9512939453125, 1836.0196533203125
1721.0994873046875, 1715.2274169921875, 1485.873291015625
1727.6785888671875, 1723.5203857421875, 959.9437866210938
