1790.0142822265625, 1778.5740966796875, 361.2061767578125
1796.086181640625, 1784.7132568359375, 696.7933349609375
1802.108642578125, 1790.8687744140625, 1019.4701538085938
1807.9951171875, 1799.103515625, 1053.9915771484375
1813.832763671875, 1807.343017578125, 798.514892578125
1819.7060546875, 1815.6964111328125, 280.8739013671875
1825.4442138671875, 1823.9591064453125, 440.9037170410156
1831.1324462890625, 1832.2164306640625, 298.0827941894531
1836.770263671875, 1839.4925537109375, -25.20810890197754
1842.357421875, 1839.486572265625, 303.4993896484375
1847.974365234375, 1839.479736328125, 323.3576354980469
1853.4580078125, 1839.47216796875, 972.4223022460938
1858.8896484375, 1840.5845947265625, 1983.333984375
1864.26904296875, 1848.8470458984375, 1983.333984375
1869.5958251953125, 1857.109130859375, 1983.333984375
1874.94677734375, 1865.51318359375, 1983.333984375
1880.166259765625, 1873.77490234375, 1691.5218505859375
1885.3321533203125, 1882.0361328125, 1061.8363037109375
1890.4437255859375, 1890.296630859375, 1047.0238037109375
1895.5009765625, 1898.556396484375, 672.443603515625
1900.5765380859375, 1906.904052734375, -61.52415466308594
1905.5230712890625, 1915.16259765625, -623.7943115234375
1910.4854736328125, 1923.497314453125, -1559.15966796875
1915.3197021484375, 1931.7550048828125, -2839.29638671875
1920.097900390625, 1938.5830078125, -1433.335693359375
1924.888427734375, 1937.7520751953125, -2311.1240234375
1929.5523681640625, 1928.681884765625, -1575.0250244140625
1934.2264404296875, 1904.1180419921875, 1031.838623046875
1938.77490234375, 1899.73486328125, 1983.333984375
1943.3311767578125, 1898.091064453125, 1983.333984375
1947.7628173828125, 1906.348388671875, 1983.333984375
1952.1361083984375, 1914.6063232421875, 1983.333984375
1956.45068359375, 1922.868408203125, 1983.333984375
1960.768310546875, 1931.1568603515625, 1983.333984375
1964.9637451171875, 1939.4154052734375, 1983.333984375
1969.159912109375, 1947.8232421875, 1983.333984375
1973.23486328125, 1956.0821533203125, 1983.333984375
1977.249755859375, 1964.34130859375, 1983.333984375
1981.2041015625, 1972.6005859375, 1949.712158203125
1985.0977783203125, 1980.860107421875, 1410.8065185546875
1988.986328125, 1989.22900390625, 393.5151062011719
1992.8118896484375, 1997.5242919921875, -142.415771484375
1996.52001953125, 2005.80517578125, -647.3042602539062
2000.272705078125, 2011.879638671875, -1422.369140625
2003.855224609375, 2010.6246337890625, -1604.95654296875
2007.3753662109375, 2006.244384765625, -874.2241821289062
2010.8331298828125, 2001.8641357421875, 219.19515991210938
2014.22802734375, 1997.48388671875, 1205.702392578125
2017.5599365234375, 1994.359375, 1983.333984375
2020.876220703125, 1996.784912109375, 1983.333984375
2024.127197265625, 2005.16552734375, 1983.333984375
2027.2669677734375, 2013.4256591796875, 1983.333984375
2030.3427734375, 2021.685791015625, 1941.3458251953125
2033.3983154296875, 2029.98046875, 1310.5572509765625
2036.3876953125, 2038.28173828125, 1054.285888671875
2039.310546875, 2046.5869140625, 203.7918701171875
2042.1668701171875, 2054.8857421875, -740.9881591796875
2044.916259765625, 2063.151123046875, -2239.840576171875
2047.6396484375, 2071.475341796875, -1508.36474609375
2050.2578125, 2088.2802734375, -3052.026611328125
2055.405517578125, 2093.47802734375, -3909.19140625
2057.82373046875, 2091.85400390625, -4260.81982421875
2060.176025390625, 2078.21435546875, -2764.6640625
2062.462158203125, 2019.657958984375, -182.85760498046875
2066.866455078125, 1990.4873046875, 1983.333984375
2068.9521484375, 1972.4195556640625, 1983.333984375
2070.97119140625, 1983.8519287109375, 1983.333984375
2074.83544921875, 1992.1756591796875, 1983.333984375
2076.65234375, 2000.435791015625, 1983.333984375
2078.40185546875, 2017.0350341796875, 1983.333984375
2081.7451171875, 2025.341064453125, 1983.333984375
2083.2900390625, 2033.6011962890625, 1983.333984375
2084.767333984375, 2050.12158203125, 1983.333984375
2087.537353515625, 2058.447021484375, 1983.333984375
2088.8095703125, 2066.732421875, 1983.333984375
2090.031005859375, 2083.307373046875, 1339.0020751953125
2092.23291015625, 2091.567626953125, 429.5506286621094
2093.231201171875, 2099.8349609375, -293.2543640136719
2094.20068359375, 2108.390380859375, -1381.2623291015625
2095.05908203125, 2110.7138671875, -1685.108642578125
2096.59033203125, 2106.333984375, -2194.51953125
2097.240966796875, 2097.57373046875, -1593.741455078125
2098.335693359375, 2093.19384765625, -404.1470031738281
2098.780029296875, 2084.43359375, 449.294189453125
2099.462158203125, 2080.041748046875, 1698.397216796875
2099.702880859375, 2077.798828125, 1983.333984375
2099.872802734375, 2081.925537109375, 1983.333984375
2099.970703125, 2098.64501953125, 1028.9053955078125
2099.957763671875, 2106.9052734375, 217.06085205078125
2099.8447265625, 2123.457763671875, -634.9474487304688
2099.41455078125, 2131.718505859375, -952.6046142578125
2099.09619140625, 2139.978515625, -2236.147705078125
2098.708984375, 2156.58251953125, -2028.4517822265625
2097.703369140625, 2165.06787109375, -6288.8701171875
2097.106689453125, 2176.91748046875, -7000.0
2095.707275390625, 2160.421875, -7000.0
2094.90478515625, 2102.080810546875, -3724.279296875
2093.093994140625, 2072.909912109375, -740.563232421875
2092.070556640625, 2043.6279296875, 1983.333984375
2090.9931640625, 2024.18994140625, 1983.333984375
2088.615234375, 2027.113037109375, 1983.333984375
2087.332275390625, 2035.3731689453125, 1983.333984375
2085.981201171875, 2043.6331787109375, 1983.333984375
2084.540771484375, 2051.9560546875, 1983.333984375
2083.030517578125, 2060.255615234375, 1983.333984375
2081.450439453125, 2068.543701171875, 1983.333984375
2079.801025390625, 2076.87353515625, 1290.2720947265625
2078.056396484375, 2085.38232421875, 410.7423400878906
2076.29345703125, 2093.642822265625, -1045.685302734375
2074.435546875, 2101.975830078125, -3534.596435546875
2072.480224609375, 2110.414306640625, -4351.73388671875
2070.512939453125, 2118.674560546875, -6298.498046875
2068.478515625, 2121.427978515625, -7000.0
2066.37744140625, 2101.9306640625, -7000.0
2064.11279296875, 2071.80224609375, -4182.5146484375
2061.875732421875, 2042.631591796875, -1249.7667236328125
2059.572509765625, 2013.4610595703125, 1983.333984375
2057.203125, 2001.6773681640625, 1983.333984375
2054.767822265625, 2006.162841796875, 1983.333984375
2052.2666015625, 2014.4228515625, 1983.333984375
2049.62353515625, 2022.95263671875, 1983.333984375
2046.9893798828125, 2031.2127685546875, 1983.333984375
2044.2900390625, 2039.4727783203125, 1516.6099853515625
2041.525634765625, 2047.73291015625, 753.608154296875
2038.6962890625, 2055.9931640625, -742.5736694335938
2035.8023681640625, 2064.25341796875, -3440.452880859375
2032.8438720703125, 2072.513671875, -4461.11376953125
2029.8211669921875, 2080.773681640625, -6721.986328125
2026.734375, 2089.033935546875, -7000.0
2023.583740234375, 2097.294189453125, -7000.0
2020.32177734375, 2099.48828125, -7000.0
2017.0430908203125, 2077.7529296875, -7000.0
2013.7012939453125, 2048.582275390625, -7000.0
2010.2459716796875, 2018.964599609375, -4300.48193359375
2006.777587890625, 1989.7940673828125, -1620.752685546875
2003.2467041015625, 1960.6234130859375, 1983.333984375
1999.653564453125, 1950.308349609375, 1983.333984375
1995.9443359375, 1955.5714111328125, 1983.333984375
1992.2265625, 1963.8375244140625, 1983.333984375
1988.447265625, 1972.11328125, 1983.333984375
1984.4930419921875, 1980.5299072265625, 1418.620361328125
1980.58984375, 1988.7901611328125, 432.16876220703125
1976.6259765625, 1997.0533447265625, -1406.482421875
1972.6016845703125, 2005.3135986328125, -1732.8250732421875
1968.517333984375, 2013.57373046875, -3455.612548828125
1964.373046875, 2021.8338623046875, -6511.8818359375
1960.1693115234375, 2030.0941162109375, -7000.0
1955.90625, 2038.354248046875, -7000.0
1951.5201416015625, 2046.66943359375, -7000.0
1947.138671875, 2048.37841796875, -7000.0
1942.5672607421875, 2024.492919921875, -7000.0
1938.0675048828125, 1995.3223876953125, -7000.0
1933.510009765625, 1966.15185546875, -7000.0
1928.8951416015625, 1936.981201171875, -4215.3291015625
1924.154052734375, 1907.302001953125, -1583.535888671875
1919.3544921875, 1877.978759765625, 1983.333984375
1914.5675048828125, 1869.665283203125, 1983.333984375
1909.7244873046875, 1875.9493408203125, 1983.333984375
1904.7532958984375, 1884.2452392578125, 1983.333984375
1899.7982177734375, 1892.524658203125, 1773.0079345703125
1894.6397705078125, 1901.045654296875, 973.8413696289062
1889.5732421875, 1909.3056640625, -812.7361450195312
1884.4522705078125, 1917.5657958984375, -1215.1204833984375
1879.2772216796875, 1925.825927734375, -3134.974853515625
1874.0484619140625, 1934.0860595703125, -6502.57275390625
1868.7664794921875, 1942.3463134765625, -7000.0
1863.431396484375, 1950.6065673828125, -7000.0
1858.0438232421875, 1958.874755859375, -7000.0
1852.60400390625, 1967.14013671875, -7000.0
1847.1123046875, 1968.099365234375, -7000.0
1841.4871826171875, 1941.874267578125, -7000.0
1835.89208984375, 1912.7037353515625, -7000.0
1830.246337890625, 1883.5330810546875, -7000.0
1824.4661865234375, 1854.2586669921875, -6616.20703125
1818.5496826171875, 1824.2440185546875, -3581.421142578125
1812.6663818359375, 1794.959716796875, -855.6934814453125
1806.81884765625, 1765.7113037109375, 1983.333984375
1800.9227294921875, 1759.8018798828125, 1983.333984375
1794.9781494140625, 1767.282470703125, 1983.333984375
1788.98583984375, 1775.54248046875, 1983.333984375
1782.8568115234375, 1783.8760986328125, 847.85205078125
1776.7691650390625, 1792.13623046875, -433.2846374511719
1770.6348876953125, 1800.3963623046875, -3248.67822265625
1764.36328125, 1808.691162109375, -4813.162109375
1758.1363525390625, 1816.9586181640625, -7000.0
1751.864013671875, 1825.218994140625, -7000.0
1745.546875, 1833.4891357421875, -7000.0
1739.0914306640625, 1841.778076171875, -7000.0
1732.5904541015625, 1850.0887451171875, -7000.0
1725.9495849609375, 1858.587158203125, -7000.0
1719.3587646484375, 1858.55419921875, -7000.0
1712.820556640625, 1829.3836669921875, -7000.0
1706.239990234375, 1800.213134765625, -7000.0
1699.52001953125, 1770.933349609375, -7000.0
1692.8558349609375, 1741.7293701171875, -7000.0
1686.0518798828125, 1712.414794921875, -6321.0625
1679.305908203125, 1683.244384765625, -3103.55810546875
1672.419921875, 1653.870361328125, -366.83660888671875
1665.392578125, 1624.0538330078125, 1983.333984375
1658.5264892578125, 1595.9376220703125, 1983.333984375
1651.6219482421875, 1592.0955810546875, 1983.333984375
1644.6793212890625, 1600.35546875, 1983.333984375
1637.6993408203125, 1608.6153564453125, 1983.333984375
1630.5787353515625, 1616.93212890625, 1983.333984375
1623.5244140625, 1625.1922607421875, 775.4343872070312
1616.32958984375, 1633.5408935546875, -713.5543823242188
1609.2032470703125, 1641.801025390625, -1062.9896240234375
1602.041748046875, 1650.0611572265625, -3159.885986328125
1594.8455810546875, 1658.3214111328125, -6713.8671875
1587.4022216796875, 1666.74462890625, -7000.0
1580.137451171875, 1675.0047607421875, -7000.0
1572.839599609375, 1683.264892578125, -7000.0
1565.401123046875, 1690.862060546875, -7000.0
1558.0382080078125, 1688.2076416015625, -7000.0
1550.53466796875, 1658.7406005859375, -7000.0
1543.108642578125, 1629.5703125, -7000.0
1535.542236328125, 1600.0654296875, -7000.0
1527.94482421875, 1570.6849365234375, -7000.0
1520.427978515625, 1541.5145263671875, -5717.85400390625
1512.882080078125, 1512.343994140625, -2026.2386474609375
1505.196044921875, 1482.992919921875, 637.5586547851562
1497.5933837890625, 1453.822509765625, 1983.333984375
1489.9632568359375, 1428.3365478515625, 1983.333984375
1482.1934814453125, 1429.4976806640625, 1983.333984375
1474.5098876953125, 1437.7587890625, 1983.333984375
1466.5732421875, 1446.1895751953125, 1983.333984375
1458.8377685546875, 1454.449462890625, 1465.435791015625
1451.0775146484375, 1462.7095947265625, 82.044189453125
1443.2930908203125, 1470.9833984375, -2572.180908203125
1435.4849853515625, 1479.2435302734375, -3964.101318359375
1427.4232177734375, 1487.7164306640625, -7000.0
1419.5687255859375, 1495.9765625, -7000.0
1411.6922607421875, 1504.2366943359375, -7000.0
1403.79443359375, 1512.4967041015625, -7000.0
1395.8756103515625, 1520.7568359375, -7000.0
1387.936279296875, 1527.454345703125, -7000.0
1379.977294921875, 1521.933837890625, -7000.0
1371.9989013671875, 1492.763671875, -7000.0
1364.0018310546875, 1463.59326171875, -7000.0
1355.986572265625, 1434.4229736328125, -7000.0
1347.8353271484375, 1405.1400146484375, -7000.0
1339.7850341796875, 1375.9697265625, -7000.0
1331.5994873046875, 1346.3912353515625, -4997.88037109375
1323.5166015625, 1317.2210693359375, -3508.822998046875
1315.418212890625, 1288.021484375, -485.3997802734375
1307.185546875, 1263.9864501953125, 1983.333984375
1299.057861328125, 1260.5628662109375, 1983.333984375
1290.9163818359375, 1262.9195556640625, 1983.333984375
1282.641845703125, 1273.6746826171875, 1697.2689208984375
1274.354248046875, 1284.3411865234375, 240.19703674316406
1266.0543212890625, 1294.9078369140625, -2555.606201171875
1257.8631591796875, 1305.349365234375, -4439.333984375
1249.5404052734375, 1315.7169189453125, -7000.0
1241.327880859375, 1325.9678955078125, -7000.0
1232.8636474609375, 1336.3203125, -7000.0
1224.5108642578125, 1346.481201171875, -7000.0
1216.2705078125, 1356.4600830078125, -7000.0
1208.0220947265625, 1366.3560791015625, -7000.0
1199.7662353515625, 1376.1649169921875, -7000.0
1191.5035400390625, 1383.7095947265625, -7000.0
1183.234619140625, 1376.990478515625, -7000.0
1174.71630859375, 1346.9134521484375, -7000.0
1166.436279296875, 1317.7139892578125, -7000.0
1158.02978515625, 1288.338134765625, -7000.0
1149.619140625, 1259.04345703125, -7000.0
1141.205078125, 1229.74560546875, -7000.0
1132.7879638671875, 1171.134765625, -5509.58056640625
1116.191650390625, 1141.964599609375, -4839.306640625
1107.8914794921875, 1112.751220703125, -1801.367431640625
1099.4686279296875, 1083.25, -297.4922790527344
1091.16796875, 1054.080078125, 1983.333984375
1082.867919921875, 1035.28955078125, 1983.333984375
1074.569091796875, 1040.6029052734375, 1983.333984375
1066.27197265625, 1053.2054443359375, 1965.8255615234375
1057.9771728515625, 1065.6981201171875, 524.3902587890625
1049.6851806640625, 1078.11669921875, -2237.885009765625
1041.3968505859375, 1102.7130126953125, -2249.442138671875
1024.589111328125, 1114.966064453125, -7000.0
1016.1930541992188, 1138.9869384765625, -7000.0
999.6622314453125, 1150.748779296875, -7000.0
991.4068603515625, 1162.4151611328125, -7000.0
983.1589965820312, 1182.348876953125, -7000.0
966.5670166015625, 1172.5694580078125, -7000.0
958.3451538085938, 1143.399658203125, -7000.0
949.77099609375, 1113.2481689453125, -7000.0
941.5697021484375, 1054.908203125, -7000.0
925.2003784179688, 1025.73828125, -7000.0
917.0335083007812, 996.5684814453125, -7000.0
908.8792724609375, 938.2289428710938, -4982.73974609375
892.4913940429688, 908.93798828125, -3271.762451171875
884.3785400390625, 850.5989990234375, -666.800048828125
868.1979370117188, 821.4295654296875, 1983.333984375
860.0128173828125, 803.1334838867188, 1983.333984375
851.8447265625, 822.00439453125, 1929.7442626953125
835.6796875, 836.6873779296875, 1035.8087158203125
827.5658569335938, 865.3604736328125, -654.839111328125
811.513671875, 879.6138916015625, -5072.1279296875
803.5758056640625, 893.5949096679688, -7000.0
795.6583862304688, 921.246337890625, -7000.0
779.65576171875, 934.9791259765625, -7000.0
771.688232421875, 948.5931396484375, -7000.0
763.8589477539062, 961.9871215820312, -7000.0
756.0528564453125, 958.4492797851562, -7000.0
740.3983764648438, 929.27978515625, -7000.0
732.6653442382812, 900.1102905273438, -7000.0
724.9576416015625, 841.7714233398438, -7000.0
709.3955078125, 812.0327758789062, -7000.0
701.7677001953125, 782.8635864257812, -7000.0
694.0557250976562, 724.0569458007812, -5032.14599609375
678.9402465820312, 694.8881225585938, -3261.3837890625
671.42578125, 665.7195434570312, -1927.048583984375
663.9407958984375, 621.1126708984375, -283.2678527832031
649.0615234375, 616.7227172851562, 1538.26171875
641.5597534179688, 617.9453735351562, 1983.333984375
634.1985473632812, 645.7388916015625, 349.02960205078125
619.4658203125, 661.7504272460938, -1093.683349609375
612.0963134765625, 677.6890258789062, -5201.7666015625
604.867431640625, 693.4375, -7000.0
597.461669921875, 724.7406616210938, -7000.0
583.0740966796875, 740.1480712890625, -7000.0
575.9862670898438, 755.3290405273438, -7000.0
568.9345092773438, 770.3833618164062, -7000.0
561.8165283203125, 785.3639526367188, -7000.0
554.7366943359375, 800.2250366210938, -7000.0
547.7973022460938, 809.880859375, -7000.0
540.8959350585938, 794.3587646484375, -7000.0
533.9324951171875, 765.017822265625, -7000.0
527.0092163085938, 735.5621337890625, -7000.0
520.2260131835938, 706.3933715820312, -7000.0
513.3839111328125, 677.0700073242188, -7000.0
506.58343505859375, 647.4913940429688, -7000.0
499.9226989746094, 589.154052734375, -7000.0
486.7257080078125, 559.9528198242188, -7000.0
480.0945739746094, 530.4522094726562, -7000.0
473.60260009765625, 501.2852783203125, -6426.9873046875
467.0592346191406, 472.0009460449219, -3325.246337890625
460.6546630859375, 442.775634765625, -622.6182861328125
454.200927734375, 413.5033874511719, 1983.333984375
447.8855285644531, 401.0484924316406, 1983.333984375
441.6150817871094, 411.9285583496094, 1983.333984375
435.29876708984375, 430.0124816894531, 459.4942932128906
429.0296325683594, 447.9197998046875, -1174.6356201171875
422.80810546875, 465.6874694824219, -2606.80126953125
416.6346130371094, 483.42864990234375, -6775.40380859375
410.5980224609375, 500.8077697753906, -7000.0
404.6089172363281, 518.0546264648438, -7000.0
398.58074951171875, 535.2007446289062, -7000.0
392.6023254394531, 552.2235107421875, -7000.0
386.674072265625, 569.2498168945312, -7000.0
380.8812561035156, 585.8890380859375, -7000.0
374.9698181152344, 602.745849609375, -7000.0
369.2779846191406, 612.9373168945312, -7000.0
363.636474609375, 592.9995727539062, -7000.0
358.04571533203125, 563.7553100585938, -7000.0
352.5060729980469, 534.588134765625, -7000.0
347.0179443359375, 505.42132568359375, -7000.0
341.422607421875, 475.5785827636719, -7000.0
336.0401611328125, 446.4126892089844, -7000.0
330.6323547363281, 416.8211669921875, -7000.0
325.3563232421875, 387.6568298339844, -7000.0
320.1336669921875, 358.4935607910156, -7000.0
314.9647521972656, 329.3316955566406, -4945.2529296875
309.8499450683594, 300.1714782714844, -3066.501708984375
304.78955078125, 271.0136413574219, -276.6286926269531
299.7839660644531, 261.5151062011719, 1937.0926513671875
294.8335266113281, 267.4703369140625, 1983.333984375
289.93853759765625, 284.53033447265625, 335.0702819824219
285.02862548828125, 303.67388916015625, -1261.653564453125
280.1765441894531, 322.68170166015625, -2576.027099609375
275.3135681152344, 341.81317138671875, -6709.8583984375
270.647216796875, 360.3981018066406, -7000.0
266.0379638671875, 378.830322265625, -7000.0
261.4862060546875, 397.1068115234375, -7000.0
256.9265441894531, 415.37530517578125, -7000.0
252.4915008544922, 433.3374938964844, -7000.0
248.11485290527344, 451.15545654296875, -7000.0
243.73382568359375, 468.8800048828125, -7000.0
239.41355895996094, 486.45355224609375, -7000.0
235.21563720703125, 496.9302978515625, -7000.0
231.01687622070312, 473.5313720703125, -7000.0
226.9392852783203, 444.3582763671875, -7000.0
222.8632354736328, 414.8676452636719, -7000.0
218.84939575195312, 385.2578125, -7000.0
214.95489501953125, 356.09466552734375, -7000.0
211.12136840820312, 326.9328918457031, -7000.0
207.29408264160156, 297.36505126953125, -7000.0
203.53012084960938, 268.0484619140625, -7000.0
199.8297576904297, 238.62806701660156, -7000.0
196.24549865722656, 209.4783935546875, -4808.88623046875
192.72352600097656, 180.33558654785156, -2618.289306640625
189.26405334472656, 151.20364379882812, 533.887939453125
185.86734008789062, 144.51788330078125, 1983.333984375
182.48504638671875, 155.17762756347656, 1983.333984375
179.21546936035156, 174.66744995117188, 1081.0753173828125
175.962646484375, 194.75296020507812, -532.6495361328125
172.72967529296875, 214.9843292236328, -1987.3916015625
169.65391540527344, 234.65090942382812, -5973.8427734375
166.64224243164062, 254.1497802734375, -7000.0
163.69488525390625, 273.4814147949219, -7000.0
160.7701416015625, 292.71923828125, -7000.0
157.91201782226562, 311.92572021484375, -7000.0
155.16070556640625, 330.7685852050781, -7000.0
152.43548583984375, 349.537353515625, -7000.0
149.77748107910156, 368.2771301269531, -7000.0
147.2239532470703, 386.6378173828125, -7000.0
144.736083984375, 396.8899841308594, -7000.0
142.27890014648438, 368.64691162109375, -7000.0
139.88966369628906, 339.29339599609375, -7000.0
137.5685272216797, 309.7530822753906, -7000.0
135.3478546142578, 280.5946960449219, -7000.0
133.19363403320312, 251.43881225585938, -7000.0
131.1060333251953, 222.2869110107422, -7000.0
129.08518981933594, 193.1396484375, -7000.0
127.1030044555664, 163.57859802246094, -7000.0
125.21707916259766, 134.45602416992188, -4341.08544921875
123.39832305908203, 105.36014556884766, -1511.149658203125
121.64685821533203, 76.24199676513672, 1437.482421875
119.96279907226562, 47.73773956298828, 1983.333984375
118.34626770019531, 43.953853607177734, 1983.333984375
116.79737854003906, 64.89358520507812, 1983.333984375
115.29495239257812, 85.82638549804688, 1983.333984375
113.8421401977539, 106.92623901367188, 365.77435302734375
112.49978637695312, 127.4837417602539, -826.6514282226562
111.22547149658203, 147.87718200683594, -1617.4881591796875
110.019287109375, 168.1102752685547, -4729.78173828125
108.8650894165039, 188.24627685546875, -7000.0
107.78120422363281, 208.20889282226562, -7000.0
106.76771545410156, 228.01734924316406, -7000.0
105.8246841430664, 247.90371704101562, -7000.0
104.9643325805664, 267.2908935546875, -7000.0
104.17253875732422, 285.8815002441406, -7000.0
103.44935607910156, 293.6911315917969, -7000.0
102.78572845458984, 264.42755126953125, -7000.0
102.1928482055664, 235.09579467773438, -7000.0
101.6707534790039, 205.5146026611328, -7000.0
101.22551727294922, 176.37338256835938, -7000.0
100.84910583496094, 147.24337768554688, -7000.0
100.54153442382812, 118.1335678100586, -5236.7412109375
100.2968521118164, 88.3333740234375, -3049.78564453125
100.1290512084961, 59.365726470947266, 316.87890625
100.02920532226562, 33.802406311035156, 1983.333984375
100.00021362304688, 31.77851104736328, 1983.333984375
100.04013061523438, 45.55432891845703, 1983.333984375
100.14894104003906, 66.4298324584961, 1983.333984375
100.32664489746094, 87.2537841796875, 1037.3515625
100.5773696899414, 108.1045913696289, -1243.1654052734375
100.89382934570312, 128.68243408203125, -905.0730590820312
101.29150390625, 149.49453735351562, -3014.2919921875
101.74764251708984, 169.70953369140625, -7000.0
102.2725601196289, 189.75906372070312, -7000.0
102.86622619628906, 209.63458251953125, -7000.0
103.52860260009766, 229.35414123535156, -7000.0
104.2708969116211, 249.04580688476562, -7000.0
105.08383178710938, 268.54010009765625, -7000.0
105.95404052734375, 286.3157958984375, -7000.0
106.89273834228516, 290.1739501953125, -7000.0
107.91519165039062, 260.8003845214844, -7000.0
108.99168395996094, 231.56536865234375, -7000.0
110.15380859375, 202.2217254638672, -7000.0
111.38614654541016, 172.97125244140625, -7000.0
112.68862915039062, 143.49085998535156, -6811.06201171875
114.04076385498047, 114.38469696044922, -3138.344482421875
115.46083068847656, 85.3227767944336, -961.3445434570312
116.97112274169922, 56.152130126953125, 1983.333984375
118.5511474609375, 34.705570220947266, 1983.333984375
120.17640686035156, 42.72934341430664, 1983.333984375
121.89456939697266, 63.802860260009766, 1983.333984375
123.65572357177734, 84.63731384277344, 1983.333984375
125.48414611816406, 105.34969329833984, 1877.5965576171875
127.37971496582031, 125.9133071899414, 596.4671020507812
129.34230041503906, 146.32064819335938, -812.319091796875
131.40211486816406, 166.6398468017578, -1445.033447265625
133.4993133544922, 186.7550811767578, -3937.619140625
135.7277374267578, 207.18594360351562, -7000.0
137.9599151611328, 226.9150848388672, -7000.0
140.25839233398438, 246.4794464111328, -7000.0
142.6582489013672, 266.0339050292969, -7000.0
145.08978271484375, 282.9875183105469, -7000.0
147.5871124267578, 282.50439453125, -7000.0
150.18824768066406, 253.0926513671875, -7000.0
152.81759643554688, 223.9409942626953, -7000.0
155.55233764648438, 194.59909057617188, -7000.0
158.3540802001953, 165.10049438476562, -4050.9619140625
161.22262573242188, 135.59994506835938, -376.29833984375
164.11474609375, 85.46773529052734, 1760.2200927734375
170.1371612548828, 81.11065673828125, 1983.333984375
173.26893615722656, 85.17108154296875, 1983.333984375
176.41964721679688, 105.88396453857422, 1983.333984375
179.6339874267578, 126.44696807861328, 1983.333984375
182.9117431640625, 146.84683227539062, 1983.333984375
186.252685546875, 167.08041381835938, 1781.467529296875
189.70712280273438, 207.3909149169922, -614.88134765625
196.757080078125, 227.12660217285156, -3532.71875
200.35028076171875, 246.69476318359375, -5231.65283203125
204.05966186523438, 266.1878662109375, -7000.0
207.83261108398438, 285.4967041015625, -7000.0
211.61280822753906, 304.61578369140625, -7000.0
215.56813049316406, 320.8289794921875, -7000.0
219.47227478027344, 286.6792907714844, -7000.0
227.46231079101562, 257.5232238769531, -6738.56982421875
231.54763793945312, 228.3706817626953, -2684.27734375
235.69281005859375, 199.2233428955078, 268.539794921875
239.95980834960938, 140.75735473632812, 1983.333984375
248.61251831054688, 128.2274169921875, 1983.333984375
253.06076049804688, 144.00437927246094, 1983.333984375
257.5033264160156, 164.26161193847656, 1983.333984375
262.0039367675781, 204.46615600585938, 1983.333984375
271.383056640625, 224.6138153076172, 1983.333984375
276.0584411621094, 263.6141052246094, 404.6065368652344
285.5792541503906, 282.8695983886719, -524.29296875
290.4239807128906, 320.88995361328125, -1718.29248046875
300.353759765625, 339.889892578125, -2743.99853515625
305.43975830078125, 373.2628479003906, -3151.814208984375
315.6289978027344, 364.9093933105469, -5286.86669921875
320.80487060546875, 335.6751708984375, -3351.7724609375
326.1117248535156, 277.1166687011719, -1677.8289794921875
336.96868896484375, 247.391357421875, 1983.333984375
342.3602294921875, 242.9375457763672, 1983.333984375
353.3807067871094, 262.48602294921875, 1983.333984375
358.9284973144531, 300.8509826660156, 1983.333984375
370.2602844238281, 319.8620300292969, 1983.333984375
376.0450134277344, 338.7911682128906, 1983.333984375
381.796142578125, 376.3544616699219, 1049.4344482421875
393.6192932128906, 394.6484680175781, -232.4213409423828
399.6062316894531, 431.05706787109375, -1511.3333740234375
411.55169677734375, 448.9278259277344, -2367.74462890625
417.59576416015625, 461.95855712890625, -3981.172607421875
423.6868896484375, 420.3370361328125, -3082.46142578125
436.0997314453125, 390.99652099609375, 1117.4803466796875
442.3300476074219, 376.0314025878906, 1983.333984375
448.7909240722656, 395.09228515625, 1983.333984375
461.4789733886719, 413.22314453125, 1983.333984375
468.07843017578125, 431.615478515625, 1983.333984375
474.5334777832031, 449.4339294433594, 1983.333984375
481.0316467285156, 467.0988464355469, 1493.2657470703125
487.5724792480469, 484.6141357421875, 730.6697998046875
494.1554870605469, 501.9797668457031, -1211.0577392578125
500.7802429199219, 519.1954956054688, -2739.564697265625
507.4462890625, 553.1935424804688, -1885.67529296875
520.900390625, 569.9758911132812, -4063.609619140625
527.6875610351562, 598.0701293945312, -4524.025390625
541.4808959960938, 582.7442626953125, -5675.8623046875
548.385498046875, 553.5770263671875, -2641.504638671875
555.328125, 495.181640625, -118.96186828613281
569.4288940429688, 465.9136962890625, 1983.333984375
576.483154296875, 460.71624755859375, 1983.333984375
583.6780395507812, 475.0561218261719, 1983.333984375
590.9095458984375, 492.802490234375, 1983.333984375
598.0715942382812, 510.10052490234375, 1983.333984375
605.2682495117188, 527.2857055664062, 1983.333984375
612.6055297851562, 544.4468994140625, 1983.333984375
619.8703002929688, 561.3007202148438, 1983.333984375
627.168212890625, 578.0079345703125, 1983.333984375
634.606689453125, 594.6548461914062, 1983.333984375
642.0782470703125, 611.1506958007812, 1983.333984375
649.4732666015625, 627.4674072265625, 1983.333984375
657.0087890625, 643.7140502929688, 1569.04345703125
664.57568359375, 659.832763671875, 1168.694091796875
672.1735229492188, 675.7665405273438, -136.33363342285156
679.8016967773438, 685.75732421875, -274.602294921875
687.5708618164062, 692.5569458007812, -313.86260986328125
695.1469116210938, 690.9410400390625, -642.87548828125
702.7508544921875, 686.5614013671875, 411.80987548828125
710.3821411132812, 686.7269897460938, 1326.2939453125
718.0403442382812, 692.69189453125, 1983.333984375
725.7247924804688, 706.1500854492188, 1983.333984375
733.43505859375, 721.6227416992188, 1497.6923828125
741.1705932617188, 736.958251953125, 1116.245849609375
749.045166015625, 752.27734375, -75.9612045288086
756.8299560546875, 767.3494873046875, -741.6170654296875
764.7533569335938, 782.5097045898438, -2219.429931640625
772.5852661132812, 797.3277587890625, -1596.6669921875
780.439697265625, 812.018310546875, -1735.3197021484375
788.43212890625, 826.812255859375, -2697.5703125
796.3303833007812, 841.2484741210938, -4359.9658203125
804.2495727539062, 855.556884765625, -6670.47705078125
812.1890869140625, 869.7431640625, -7000.0
820.1484985351562, 877.4293823242188, -7000.0
828.24462890625, 855.797119140625, -6414.2412109375
836.3600463867188, 826.388671875, -1625.4517822265625
844.494140625, 796.9781494140625, 1983.333984375
852.5281372070312, 767.80908203125, 1983.333984375
860.5791015625, 774.0776977539062, 1983.333984375
868.765380859375, 789.0926513671875, 1983.333984375
876.84912109375, 803.8673706054688, 1983.333984375
885.0673828125, 818.5698852539062, 1983.333984375
893.3009033203125, 833.29296875, 1983.333984375
901.429443359375, 847.6726684570312, 1983.333984375
909.5716552734375, 861.9324340820312, 1983.333984375
917.72705078125, 876.0640258789062, 1983.333984375
925.8949584960938, 890.0738525390625, 1983.333984375
934.1952514648438, 904.095458984375, 1983.333984375
942.38671875, 917.8641357421875, 1983.333984375
950.7097778320312, 931.60791015625, 1983.333984375
958.922607421875, 945.1538696289062, 1939.743896484375
967.1451416015625, 958.608642578125, 1298.253173828125
975.4979248046875, 971.98681640625, 1083.2994384765625
983.7383422851562, 985.214111328125, 323.4713439941406
992.1080932617188, 991.2794189453125, -132.42874145507812
1000.4854736328125, 996.18115234375, -161.24612426757812
1008.7484130859375, 999.9720458984375, 326.94268798828125
1017.0176391601562, 1003.3755493164062, 385.9530334472656
1025.414306640625, 1007.9769287109375, 846.2402954101562
1033.93798828125, 1020.21240234375, 905.1073608398438
1042.3447265625, 1033.0538330078125, 473.3632507324219
1050.7554931640625, 1045.848876953125, 531.664306640625
1059.0478515625, 1058.4071044921875, 111.09143829345703
1067.3428955078125, 1070.8555908203125, -751.6103515625
1075.6402587890625, 1083.203125, -1062.162841796875
1083.9393310546875, 1095.4415283203125, -1808.0185546875
1092.239501953125, 1107.5792236328125, -2955.73291015625
1100.540283203125, 1119.607666015625, -1615.0491943359375
1108.9630126953125, 1131.6622314453125, -3614.642822265625
1117.2630615234375, 1143.4891357421875, -3091.6171875
1125.5618896484375, 1155.2064208984375, -2937.05029296875
1133.98095703125, 1159.2003173828125, -2332.577392578125
1142.275634765625, 1131.855712890625, -505.75286865234375
1150.5675048828125, 1102.635009765625, 1983.333984375
1158.9776611328125, 1096.8948974609375, 1983.333984375
1167.3836669921875, 1108.2349853515625, 1983.333984375
1175.784912109375, 1120.32666015625, 1983.333984375
1184.1807861328125, 1132.3651123046875, 1983.333984375
1192.570556640625, 1144.232421875, 1983.333984375
1200.953857421875, 1156.0614013671875, 1983.333984375
1209.208740234375, 1167.6732177734375, 1983.333984375
1217.5771484375, 1179.2779541015625, 1983.333984375
1225.8162841796875, 1190.6888427734375, 1983.333984375
1234.046630859375, 1202.009521484375, 1983.333984375
1242.267822265625, 1213.2320556640625, 1983.333984375
1250.599853515625, 1224.40283203125, 1983.333984375
1258.921142578125, 1235.5673828125, 1983.333984375
1267.1109619140625, 1246.496826171875, 1983.333984375
1275.2890625, 1257.3468017578125, 1983.333984375
1283.5751953125, 1268.14013671875, 1983.333984375
1291.848388671875, 1278.829345703125, 1983.333984375
1299.98828125, 1289.409423828125, 1894.1378173828125
1308.2337646484375, 1299.9671630859375, 1572.9425048828125
1316.3453369140625, 1310.37744140625, 1004.7462768554688
1324.5609130859375, 1320.822265625, 1172.3408203125
1332.641845703125, 1331.028076171875, 1098.3558349609375
1340.706787109375, 1340.7548828125, 847.4067993164062
1348.755126953125, 1342.5943603515625, 368.8989562988281
1356.904296875, 1344.4249267578125, 649.8230590820312
1364.91748046875, 1346.702880859375, 1575.3345947265625
1372.9124755859375, 1356.6988525390625, 1983.333984375
1381.005859375, 1366.6339111328125, 1983.333984375
1389.0792236328125, 1376.484619140625, 1983.333984375
1397.132080078125, 1386.2681884765625, 1983.333984375
1405.0477294921875, 1395.9039306640625, 1836.6541748046875
1413.05810546875, 1405.0572509765625, 1633.6748046875
1421.1619873046875, 1413.5047607421875, 1506.9727783203125
1429.011962890625, 1421.764892578125, 1339.6927490234375
1436.839111328125, 1430.0250244140625, 1131.2509765625
1444.6431884765625, 1438.2852783203125, 881.0511474609375
1452.42333984375, 1446.54541015625, 588.456787109375
1460.1793212890625, 1454.8055419921875, 243.6197967529297
1468.0240478515625, 1463.1165771484375, 813.984375
1475.7294921875, 1471.382080078125, 342.1638488769531
1483.521728515625, 1478.6849365234375, 891.255615234375
1491.286865234375, 1479.7283935546875, 1229.00537109375
1499.024169921875, 1488.09033203125, 1497.8428955078125
1506.62158203125, 1496.350341796875, 1677.4058837890625
1514.191162109375, 1504.6103515625, 1768.9871826171875
1521.7320556640625, 1512.875, 1743.649169921875
1529.46435546875, 1521.3031005859375, 1669.5101318359375
1536.94580078125, 1529.563232421875, 1509.9879150390625
1544.3970947265625, 1537.8232421875, 1265.9005126953125
1551.81787109375, 1546.0836181640625, 928.1790771484375
1559.3157958984375, 1554.3896484375, 516.226318359375
1566.78125, 1562.686279296875, 980.3215942382812
1574.1060791015625, 1570.96533203125, 364.4305114746094
1581.5052490234375, 1577.8035888671875, 784.7510375976562
1588.8702392578125, 1579.3212890625, 917.66796875
1596.094482421875, 1587.599365234375, 908.9443969726562
1603.39013671875, 1595.896484375, 800.4290161132812
1610.5450439453125, 1604.16796875, 558.6905517578125
1617.769287109375, 1612.474365234375, 1140.2760009765625
1625.0606689453125, 1620.89453125, 639.4395141601562
1632.10693359375, 1629.1650390625, 965.659423828125
1639.1165771484375, 1637.4251708984375, 1129.3779296875
1646.19140625, 1645.717041015625, 1148.769287109375
1653.125732421875, 1653.9771728515625, 1015.4844360351562
1660.02197265625, 1662.24462890625, 731.960205078125
1666.879638671875, 1670.5313720703125, 304.85711669921875
1673.7982177734375, 1676.9222412109375, -46.21073913574219
1680.57666015625, 1676.9224853515625, 389.7403869628906
1687.4139404296875, 1676.922607421875, 633.0037231445312
1694.20947265625, 1676.9227294921875, 1630.5748291015625
1700.962890625, 1678.971435546875, 1983.333984375
1707.5767822265625, 1687.2381591796875, 1983.333984375
1714.3414306640625, 1695.7408447265625, 1983.333984375
1720.8697509765625, 1704.0008544921875, 1983.333984375
1727.35546875, 1712.260986328125, 1983.333984375
1733.7978515625, 1720.5211181640625, 1983.333984375
1740.196533203125, 1728.78125, 1983.333984375
1746.83056640625, 1737.40283203125, 1983.333984375
1753.138671875, 1745.6629638671875, 1819.6322021484375
1759.4017333984375, 1753.923095703125, 1435.58447265625
1765.619384765625, 1762.1832275390625, 837.0113525390625
1771.7911376953125, 1778.70361328125, 411.1302795410156
1783.9954833984375, 1786.9637451171875, 72.99433898925781
1790.027099609375, 1792.5609130859375, -194.56260681152344
1796.098876953125, 1792.56103515625, 242.31625366210938
1802.034423828125, 1792.561279296875, 394.60137939453125
1807.9215087890625, 1792.561279296875, 1213.0458984375
1813.759765625, 1795.265869140625, 1983.333984375
1819.5489501953125, 1803.5260009765625, 1983.333984375
1825.2884521484375, 1811.7978515625, 1983.333984375
1831.0614013671875, 1820.1307373046875, 1983.333984375
1836.7823486328125, 1836.772216796875, 954.3148803710938
1847.9051513671875, 1845.0323486328125, 315.68017578125
1853.389404296875, 1853.3048095703125, 331.5353088378906
1858.9012451171875, 1861.628173828125, 25.306331634521484
1864.280517578125, 1878.2127685546875, -252.28506469726562
1875.03515625, 1886.5926513671875, -1042.0576171875
1880.2537841796875, 1889.9971923828125, -1026.1094970703125
1890.753662109375, 1885.4713134765625, -347.58050537109375
1895.8076171875, 1878.5404052734375, 669.7084350585938
1905.75048828125, 1878.5404052734375, 1983.333984375
1910.638916015625, 1878.5404052734375, 1983.333984375
1915.471435546875, 1890.250732421875, 1983.333984375
1924.967529296875, 1898.5107421875, 1983.333984375
1929.6304931640625, 1906.7708740234375, 1983.333984375
1934.3035888671875, 1915.0592041015625, 1983.333984375
1938.98388671875, 1931.784912109375, 1365.87451171875
1947.9017333984375, 1940.0450439453125, 1277.43017578125
1952.273193359375, 1948.3052978515625, 748.4029541015625
1956.5858154296875, 1956.5654296875, 736.1577758789062
1960.839599609375, 1973.1190185546875, 18.633602142333984
1969.2894287109375, 1977.6593017578125, -419.42376708984375
1973.362548828125, 1975.6240234375, -16.339141845703125
1981.4432373046875, 1971.2010498046875, 237.66188049316406
1985.333251953125, 1966.82080078125, 1425.4561767578125
1989.162109375, 1976.876953125, 1116.744873046875
1996.744140625, 1985.136962890625, 1470.2548828125
2000.38671875, 1993.3970947265625, 1277.623779296875
2003.9671630859375, 2009.9384765625, 884.0506591796875
2010.941162109375, 2018.2110595703125, 42.687957763671875
2014.383544921875, 2026.5101318359375, -806.5573120117188
2017.7611083984375, 2034.841064453125, -2171.995361328125
2021.073486328125, 2051.418212890625, -3289.92919921875
2027.41064453125, 2059.7060546875, -3420.979248046875
