2012.8223876953125, 2010.767333984375, 244.14999389648438
2016.2294921875, 2019.1417236328125, -92.25897979736328
2019.523681640625, 2017.888427734375, 112.09146881103516
2022.75439453125, 2026.1265869140625, -270.09033203125
2025.921630859375, 2034.37744140625, -719.6409912109375
2029.0250244140625, 2042.632080078125, -1693.5633544921875
2032.15283203125, 2051.056884765625, -3239.374267578125
2035.1693115234375, 2059.343017578125, -2516.556396484375
2038.0772705078125, 2062.287109375, -1833.6234130859375
2040.9205322265625, 2043.4874267578125, -1533.2215576171875
2043.698974609375, 2014.2994384765625, 923.505859375
2046.4517822265625, 2001.0589599609375, 1983.333984375
2049.098876953125, 2005.0091552734375, 1983.333984375
2051.680908203125, 2013.2763671875, 1983.333984375
2054.197021484375, 2021.5430908203125, 1983.333984375
2056.6474609375, 2029.8134765625, 1983.333984375
2059.066650390625, 2038.213134765625, 1983.333984375
2061.38427734375, 2046.478515625, 1983.333984375
2063.635498046875, 2054.7431640625, 1982.80859375
2065.820556640625, 2063.011962890625, 1282.2490234375
2067.969482421875, 2071.379150390625, 858.1416625976562
2070.0498046875, 2079.7177734375, -265.83746337890625
2072.03271484375, 2087.979736328125, -1554.1573486328125
2073.94873046875, 2096.241455078125, -3504.084716796875
2075.79736328125, 2098.67578125, -2597.212646484375
2077.578857421875, 2095.579833984375, -1148.25634765625
2079.31787109375, 2073.285400390625, -374.87884521484375
2080.963623046875, 2044.093505859375, 1983.333984375
2082.541748046875, 2035.942138671875, 1983.333984375
2084.05224609375, 2041.9140625, 1983.333984375
2085.494873046875, 2050.176025390625, 1983.333984375
2086.88916015625, 2058.52880859375, 1983.333984375
2088.19482421875, 2066.791748046875, 1983.333984375
2089.4501953125, 2075.1806640625, 1983.333984375
2090.61865234375, 2083.4443359375, 1787.024658203125
2091.718994140625, 2091.719482421875, 779.064453125
2092.765380859375, 2100.04443359375, -69.09319305419922
2093.727783203125, 2108.308837890625, -1213.014892578125
2094.621826171875, 2116.5732421875, -3143.228759765625
2095.447265625, 2124.859130859375, -2956.025146484375
2096.21484375, 2133.250244140625, -3637.972900390625
2096.91162109375, 2135.039794921875, -4471.93212890625
2097.529052734375, 2111.988037109375, -2555.3515625
2098.077880859375, 2082.796630859375, -157.2796173095703
2098.557861328125, 2053.55615234375, 1983.333984375
2098.974609375, 2044.0361328125, 1983.333984375
2099.3251953125, 2049.897705078125, 1983.333984375
2099.595458984375, 2058.16357421875, 1983.333984375
2099.797119140625, 2066.428955078125, 1983.333984375
2099.929931640625, 2074.6943359375, 1983.333984375
2099.99365234375, 2082.960205078125, 1983.333984375
2099.988037109375, 2091.31591796875, 1958.024658203125
2099.9130859375, 2099.58154296875, 979.4824829101562
2099.769287109375, 2107.84716796875, 42.61634826660156
2099.552734375, 2116.13720703125, -1336.2042236328125
2099.27001953125, 2124.40966796875, -3543.585205078125
2098.9072265625, 2132.87158203125, -3905.838134765625
2098.48486328125, 2141.137451171875, -5244.32080078125
2097.99365234375, 2142.267578125, -6628.27587890625
2097.425048828125, 2116.555908203125, -5138.5888671875
2096.79541015625, 2087.3681640625, -3281.3564453125
2096.096923828125, 2058.180419921875, 303.5305480957031
2095.330078125, 2050.889892578125, 1983.333984375
2094.494384765625, 2057.678955078125, 1983.333984375
2093.59033203125, 2065.943115234375, 1983.333984375
2092.617919921875, 2074.207275390625, 1983.333984375
2091.576904296875, 2082.47119140625, 1983.333984375
2090.450927734375, 2090.759521484375, 930.236572265625
2089.2724609375, 2099.04345703125, -211.06640625
2088.025634765625, 2107.307861328125, -1854.3253173828125
2086.691162109375, 2115.64599609375, -1680.1019287109375
2085.28662109375, 2124.046630859375, -2684.43359375
2083.833984375, 2132.31103515625, -4750.57861328125
2082.3134765625, 2140.58984375, -7000.0
2080.725341796875, 2148.85400390625, -7000.0
2079.044921875, 2149.497802734375, -7000.0
2077.32080078125, 2122.11083984375, -7000.0
2075.529296875, 2092.922607421875, -5292.95263671875
2073.670654296875, 2063.737060546875, -3370.1357421875
2071.744873046875, 2034.5511474609375, 1078.4564208984375
2069.752197265625, 2028.6968994140625, 1983.333984375
2067.631103515625, 2028.4390869140625, 1983.333984375
2065.5029296875, 2036.371826171875, 1983.333984375
2063.30810546875, 2044.6358642578125, 1983.333984375
2061.047119140625, 2052.91845703125, 1895.6600341796875
2058.7197265625, 2061.1826171875, 604.0144653320312
2056.290771484375, 2069.57177734375, -424.99945068359375
2053.83056640625, 2077.8359375, -2629.934814453125
2051.3046875, 2086.100341796875, -3133.233642578125
2048.713134765625, 2094.3642578125, -4853.7158203125
2046.0562744140625, 2102.64404296875, -7000.0
2043.293701171875, 2111.0068359375, -7000.0
2040.5057373046875, 2119.27099609375, -7000.0
2037.6529541015625, 2127.53515625, -7000.0
2034.692138671875, 2127.536376953125, -7000.0
2031.6650390625, 2098.19580078125, -7000.0
2028.5718994140625, 2068.86962890625, -7000.0
2025.458984375, 2039.6588134765625, -4904.4638671875
2022.2352294921875, 2010.2620849609375, -2788.07080078125
2018.946044921875, 1980.5772705078125, 823.57763671875
2015.6407470703125, 1952.366943359375, 1983.333984375
2012.2723388671875, 1948.5064697265625, 1983.333984375
2008.841064453125, 1956.794189453125, 1983.333984375
2005.34716796875, 1965.0750732421875, 1983.333984375
2001.791015625, 1973.34033203125, 1983.333984375
1998.172607421875, 1981.612548828125, 1983.333984375
1994.437744140625, 1989.9716796875, 1476.2071533203125
1990.69482421875, 1998.237060546875, 562.2335815429688
1986.890625, 2006.50244140625, -1189.541259765625
1983.025390625, 2014.784423828125, -1365.2923583984375
1979.041015625, 2023.076416015625, -2846.219970703125
1974.935302734375, 2031.515380859375, -5738.58056640625
1970.8255615234375, 2039.8319091796875, -7000.0
1966.715087890625, 2047.2784423828125, -7000.0
1962.5447998046875, 2044.3668212890625, -7000.0
1958.3150634765625, 2015.1778564453125, -7000.0
1954.0262451171875, 1985.989990234375, -6908.275390625
1949.6141357421875, 1956.464599609375, -3999.789306640625
1945.20703125, 1927.275390625, -1256.9390869140625
1940.6756591796875, 1897.904541015625, 1983.333984375
1936.1514892578125, 1871.718017578125, 1983.333984375
1931.501953125, 1869.00244140625, 1983.333984375
1926.8621826171875, 1877.26806640625, 1983.333984375
1922.165283203125, 1885.5452880859375, 1983.333984375
1917.341552734375, 1893.9105224609375, 1983.333984375
1912.459716796875, 1902.3095703125, 1983.333984375
1907.59228515625, 1910.575927734375, 623.246826171875
1902.669189453125, 1918.8424072265625, -738.41845703125
1897.6907958984375, 1927.1092529296875, -3547.85107421875
1892.657470703125, 1935.3748779296875, -4912.54638671875
1887.5694580078125, 1943.645263671875, -7000.0
1882.3511962890625, 1951.9742431640625, -7000.0
1877.154296875, 1960.2401123046875, -7000.0
1871.90380859375, 1966.999267578125, -7000.0
1866.521728515625, 1961.45263671875, -7000.0
1861.16455078125, 1932.2313232421875, -7000.0
1855.7547607421875, 1903.0174560546875, -7000.0
1850.2122802734375, 1873.741943359375, -5957.4638671875
1844.6165771484375, 1844.0723876953125, -2250.71142578125
1839.05029296875, 1814.8802490234375, 650.4653930664062
1833.43310546875, 1785.68896484375, 1983.333984375
1827.681640625, 1762.811767578125, 1983.333984375
1821.9630126953125, 1764.663818359375, 1983.333984375
1816.194580078125, 1772.9296875, 1983.333984375
1810.291015625, 1781.23583984375, 1983.333984375
1804.3369140625, 1789.5628662109375, 1983.333984375
1798.4202880859375, 1797.8291015625, 1030.6539306640625
1792.367431640625, 1806.1422119140625, -77.34857940673828
1786.354248046875, 1814.40869140625, -2717.95068359375
1780.204345703125, 1822.716552734375, -4101.1171875
1774.0963134765625, 1831.0015869140625, -6876.87646484375
1767.7601318359375, 1839.4976806640625, -7000.0
1761.5582275390625, 1847.7642822265625, -7000.0
1755.3109130859375, 1856.030517578125, -7000.0
1749.018310546875, 1861.93017578125, -7000.0
1742.6810302734375, 1853.4881591796875, -7000.0
1736.2994384765625, 1824.2982177734375, -7000.0
1729.8740234375, 1795.108154296875, -7000.0
1723.4051513671875, 1765.888916015625, -7000.0
1716.79736328125, 1736.40673828125, -5548.0556640625
1710.242431640625, 1677.5863037109375, -2906.31787109375
1696.908935546875, 1648.395263671875, 1871.206787109375
1690.228759765625, 1627.1666259765625, 1983.333984375
1683.4085693359375, 1626.925537109375, 1983.333984375
1676.6468505859375, 1635.19140625, 1983.333984375
1669.845458984375, 1643.4571533203125, 1983.333984375
1662.90380859375, 1651.813720703125, 1983.333984375
1656.023681640625, 1668.3463134765625, 248.24826049804688
1642.1490478515625, 1676.625732421875, -3133.538818359375
1635.0523681640625, 1684.966796875, -5343.64697265625
1628.0213623046875, 1693.2330322265625, -7000.0
1620.953857421875, 1709.77197265625, -7000.0
1606.606689453125, 1718.0828857421875, -7000.0
1599.3267822265625, 1723.311767578125, -7000.0
1591.9052734375, 1711.9354248046875, -7000.0
1584.6612548828125, 1653.5501708984375, -7000.0
1570.07373046875, 1624.358154296875, -7000.0
1562.731201171875, 1595.1671142578125, -6963.05908203125
1555.248046875, 1536.698486328125, -2218.1103515625
1540.404541015625, 1507.49658203125, 683.5507202148438
1532.826904296875, 1478.1541748046875, 1983.333984375
1525.2186279296875, 1472.4896240234375, 1983.333984375
1510.1348876953125, 1480.7554931640625, 1983.333984375
1502.55029296875, 1489.035888671875, 1983.333984375
1494.713623046875, 1497.4715576171875, 647.7093505859375
1487.0733642578125, 1514.0050048828125, -405.81512451171875
1471.5999755859375, 1522.32177734375, -2845.339599609375
1463.880859375, 1538.936767578125, -3600.829345703125
1448.13916015625, 1547.227783203125, -7000.0
1440.345703125, 1559.904052734375, -7000.0
1424.6890869140625, 1546.1864013671875, -7000.0
1416.826904296875, 1487.724609375, -7000.0
1401.0377197265625, 1458.530517578125, -7000.0
1392.9949951171875, 1428.840576171875, -7000.0
1385.0484619140625, 1370.4500732421875, -2485.76171875
1368.9794921875, 1341.052490234375, 644.8828735351562
1360.9754638671875, 1282.6622314453125, 1983.333984375
1344.795654296875, 1269.4593505859375, 1983.333984375
1336.6204833984375, 1286.8421630859375, 1983.333984375
1320.3394775390625, 1297.3441162109375, 1983.333984375
1312.235107421875, 1307.7559814453125, 1232.101318359375
1304.1162109375, 1328.3857421875, -400.8134765625
1287.4771728515625, 1338.761962890625, -2905.41162109375
1279.317138671875, 1358.789306640625, -3973.03271484375
1262.960693359375, 1368.6732177734375, -7000.0
1254.765380859375, 1388.190185546875, -7000.0
1238.34326171875, 1393.181884765625, -7000.0
1229.99658203125, 1347.828857421875, -7000.0
1213.518798828125, 1318.6065673828125, -7000.0
1205.146484375, 1289.2470703125, -7000.0
1196.88818359375, 1230.7864990234375, -5227.08544921875
1180.1087646484375, 1200.992919921875, -4011.28857421875
1171.83203125, 1142.601806640625, -1629.593994140625
1155.26416015625, 1113.3992919921875, 1888.2750244140625
1146.9742431640625, 1105.17138671875, 1983.333984375
1130.38525390625, 1117.255126953125, 1971.2850341796875
1121.7213134765625, 1129.6573486328125, 567.36083984375
1113.4217529296875, 1141.505615234375, -2157.135009765625
1105.1214599609375, 1153.249267578125, -4213.12646484375
1096.8206787109375, 1164.89208984375, -7000.0
1088.3980712890625, 1176.5802001953125, -7000.0
1080.098388671875, 1188.0277099609375, -7000.0
1071.7999267578125, 1199.38818359375, -7000.0
1063.5035400390625, 1210.6378173828125, -7000.0
1055.209716796875, 1221.786865234375, -7000.0
1046.9188232421875, 1232.842041015625, -7000.0
1038.6317138671875, 1238.25, -7000.0
1030.3487548828125, 1219.3468017578125, -7000.0
1022.0706176757812, 1190.1627197265625, -7000.0
1013.7978515625, 1160.8963623046875, -7000.0
1005.5310668945312, 1131.6861572265625, -7000.0
997.1493530273438, 1102.3819580078125, -7000.0
988.8961791992188, 1073.178466796875, -7000.0
980.529541015625, 1043.793212890625, -7000.0
972.2924194335938, 1014.593017578125, -7000.0
963.9431762695312, 985.307373046875, -5681.58984375
955.4827880859375, 955.2598266601562, -2027.8673095703125
947.2742309570312, 926.0739135742188, -96.30485534667969
939.076171875, 896.8902587890625, 1983.333984375
930.8892211914062, 892.6297607421875, 1983.333984375
922.7139282226562, 904.0828857421875, 1983.333984375
914.55078125, 917.899658203125, 896.8004760742188
906.4005126953125, 931.5559692382812, -1509.34814453125
898.2635498046875, 945.1000366210938, -3450.29052734375
890.1404418945312, 958.5486450195312, -7000.0
881.9127197265625, 971.919189453125, -7000.0
873.700439453125, 985.2244262695312, -7000.0
865.6228637695312, 998.3179321289062, -7000.0
857.4430541992188, 1011.4312744140625, -7000.0
849.3986206054688, 1024.292724609375, -7000.0
841.3713989257812, 1037.0439453125, -7000.0
833.362060546875, 1049.6846923828125, -7000.0
825.37109375, 1055.9276123046875, -7000.0
817.2819213867188, 1034.2593994140625, -7000.0
809.32958984375, 1005.0323486328125, -7000.0
801.2808227539062, 975.5661010742188, -7000.0
793.2532348632812, 946.2730712890625, -7000.0
785.36328125, 917.088134765625, -7000.0
777.3795166015625, 887.7876586914062, -7000.0
769.5337524414062, 858.5986328125, -7000.0
761.7108154296875, 829.3848266601562, -7000.0
753.68212890625, 799.560791015625, -7000.0
745.9070434570312, 770.2942504882812, -6096.87646484375
738.1563720703125, 741.1089477539062, -2785.729736328125
730.4306030273438, 711.9238891601562, -41.33682632446289
722.6172485351562, 682.5376586914062, 1983.333984375
714.943359375, 674.07373046875, 1983.333984375
707.1837158203125, 686.585205078125, 1983.333984375
699.5637817382812, 702.234130859375, 763.865478515625
691.9714965820312, 717.7826538085938, -1668.0179443359375
684.2962036132812, 733.2611083984375, -3844.534423828125
676.7611083984375, 748.5501098632812, -7000.0
669.2550659179688, 763.69384765625, -7000.0
661.7787475585938, 778.7225341796875, -7000.0
654.3326416015625, 793.5906982421875, -7000.0
646.6996459960938, 808.5875854492188, -7000.0
639.3163452148438, 823.22705078125, -7000.0
631.96484375, 837.7047729492188, -7000.0
624.6455688476562, 852.0765380859375, -7000.0
617.2521362304688, 859.1016235351562, -7000.0
609.9993896484375, 833.48779296875, -7000.0
602.7803344726562, 804.2979736328125, -7000.0
595.4901733398438, 775.0153198242188, -7000.0
588.23583984375, 745.742431640625, -7000.0
581.0177612304688, 716.4654541015625, -7000.0
573.8365478515625, 687.1353759765625, -7000.0
566.5894165039062, 657.40625, -7000.0
559.5866088867188, 628.2152099609375, -7000.0
552.5188598632812, 598.8479614257812, -7000.0
545.591552734375, 569.6574096679688, -6059.2958984375
538.7024536132812, 540.46728515625, -2613.1025390625
531.85205078125, 511.27752685546875, -1127.8460693359375
525.0407104492188, 482.08929443359375, 1802.4412841796875
518.1697998046875, 480.7377014160156, 1983.333984375
511.4388122558594, 497.42803955078125, 1508.560791015625
504.6502990722656, 514.8232421875, -727.8865966796875
498.00146484375, 531.9490966796875, -1231.7000732421875
491.3941345214844, 548.9512329101562, -4317.3583984375
484.7325134277344, 565.8320922851562, -7000.0
478.114501953125, 582.5693969726562, -7000.0
471.6355895996094, 599.11474609375, -7000.0
465.0113525390625, 616.0039672851562, -7000.0
458.62078857421875, 632.2553100585938, -7000.0
452.2743835449219, 648.3660278320312, -7000.0
445.9726257324219, 664.3452758789062, -7000.0
439.7159423828125, 680.0738525390625, -7000.0
433.5047302246094, 687.0609130859375, -7000.0
427.3394775390625, 657.8721313476562, -7000.0
421.2205505371094, 628.6845092773438, -7000.0
415.0594177246094, 599.4127197265625, -7000.0
408.9469299316406, 570.0795288085938, -7000.0
402.7959289550781, 540.32666015625, -7000.0
396.8694152832031, 511.13897705078125, -7000.0
390.9913330078125, 481.95294189453125, -7000.0
385.0767517089844, 452.54022216796875, -7000.0
379.2975158691406, 423.3553466796875, -7000.0
373.5679626464844, 394.1724548339844, -5660.8515625
367.888427734375, 364.9905090332031, -1698.193603515625
362.25933837890625, 335.8109436035156, 245.50587463378906
356.68109130859375, 306.5876159667969, 1983.333984375
351.07318115234375, 279.867431640625, 1983.333984375
345.5184020996094, 291.45037841796875, 1983.333984375
340.0964660644531, 310.5042724609375, 1983.333984375
334.6483154296875, 329.4668884277344, 351.5424499511719
329.2544860839844, 348.28802490234375, -1291.3607177734375
323.91534423828125, 366.9163513183594, -2729.648193359375
318.6312255859375, 385.39581298828125, -6776.728515625
313.4025573730469, 403.82568359375, -7000.0
308.30426025390625, 421.8983459472656, -7000.0
303.2605285644531, 439.8116149902344, -7000.0
298.27166748046875, 457.5748596191406, -7000.0
293.26593017578125, 475.40338134765625, -7000.0
288.38873291015625, 492.8648681640625, -7000.0
283.56744384765625, 509.148193359375, -7000.0
278.80242919921875, 513.2549438476562, -7000.0
274.0939636230469, 484.0682373046875, -7000.0
269.37445068359375, 454.6849670410156, -7000.0
264.781005859375, 425.498046875, -7000.0
260.2450866699219, 396.2665710449219, -7000.0
255.70159912109375, 366.90606689453125, -7000.0
251.218017578125, 337.23956298828125, -7000.0
246.85833740234375, 308.05615234375, -7000.0
242.55743408203125, 278.8749084472656, -7000.0
238.3155975341797, 249.69757080078125, -4600.0361328125
234.13314819335938, 220.47999572753906, -2302.147705078125
229.95018005371094, 191.1634521484375, 950.8946533203125
225.88821411132812, 166.33880615234375, 1983.333984375
221.886474609375, 164.8467559814453, 1983.333984375
217.8877410888672, 178.3480224609375, 1983.333984375
213.9515838623047, 198.4167938232422, 1398.6861572265625
210.0782928466797, 218.2995147705078, -876.513916015625
206.26812744140625, 238.10084533691406, -1123.0335693359375
202.57522583007812, 257.5978698730469, -3921.71826171875
198.89120483398438, 277.1787414550781, -7000.0
195.32313537597656, 296.3749084472656, -7000.0
191.81739807128906, 315.36920166015625, -7000.0
188.32406616210938, 334.321044921875, -7000.0
184.94464111328125, 352.9853515625, -7000.0
181.6282501220703, 371.4922790527344, -7000.0
178.32778930664062, 389.93157958984375, -7000.0
175.13912963867188, 406.2114562988281, -7000.0
171.96871948242188, 406.51641845703125, -7000.0
168.90866088867188, 377.270751953125, -7000.0
165.8691864013672, 347.99468994140625, -7000.0
162.89598083496094, 318.6961669921875, -7000.0
160.03091430664062, 289.51104736328125, -7000.0
157.14923095703125, 259.80364990234375, -7000.0
154.41580200195312, 230.62339782714844, -7000.0
151.7475128173828, 201.4494171142578, -7000.0
149.1445770263672, 172.28424072265625, -5938.5908203125
146.60714721679688, 143.13157653808594, -1879.44140625
144.13540649414062, 114.00202941894531, 300.956787109375
141.7295379638672, 84.86237335205078, 1983.333984375
139.3896942138672, 67.80392456054688, 1983.333984375
137.08309936523438, 82.88751983642578, 1983.333984375
134.8448028564453, 103.74568176269531, 1983.333984375
132.67498779296875, 124.49809265136719, 507.9533386230469
130.5738067626953, 145.03656005859375, -635.6432495117188
128.5703582763672, 185.67608642578125, -3333.100830078125
124.73739624023438, 205.6110382080078, -7000.0
122.91014862060547, 245.07962036132812, -7000.0
119.5116958618164, 264.5098571777344, -7000.0
117.91374206542969, 283.7746887207031, -7000.0
116.38346862792969, 302.91436767578125, -7000.0
114.89995574951172, 315.8092346191406, -7000.0
112.1427001953125, 286.4646301269531, -7000.0
110.8871078491211, 257.266357421875, -7000.0
109.69966888427734, 228.08682250976562, -7000.0
108.56450653076172, 169.19482421875, -6751.787109375
106.5191879272461, 140.03956604003906, -6885.533203125
105.60713958740234, 110.90901947021484, -3775.38720703125
104.76361083984375, 81.8283920288086, -440.8985595703125
103.97776794433594, 24.400901794433594, 1787.942138671875
102.63581085205078, 8.915712356567383, 1983.333984375
102.06005096435547, 30.0367488861084, 1983.333984375
101.12674713134766, 51.142147064208984, 1983.333984375
100.76722717285156, 92.86022186279297, 933.698974609375
100.2547607421875, 113.54138946533203, -67.84265899658203
100.10011291503906, 154.64817810058594, -2669.0146484375
100.00300598144531, 174.8386688232422, -7000.0
100.05912017822266, 195.06097412109375, -7000.0
100.183837890625, 234.61355590820312, -7000.0
100.6399154663086, 250.4587860107422, -7000.0
100.97663879394531, 243.41477966308594, -7000.0
101.38423156738281, 213.99893188476562, -7000.0
101.85523223876953, 155.61807250976562, -6383.03857421875
103.00353240966797, 126.45283508300781, -5341.32373046875
103.69120788574219, 97.13865661621094, -958.04345703125
104.44957733154297, 67.77433013916016, 962.2722778320312
105.26605224609375, 18.748565673828125, 1983.333984375
107.11908721923828, 22.36217498779297, 1983.333984375
108.14199829101562, 42.89310073852539, 1983.333984375
109.2332534790039, 84.65467071533203, 929.3045654296875
111.6390380859375, 105.5252685546875, 202.76040649414062
112.95542907714844, 126.16959381103516, -778.8312377929688
114.32125091552734, 166.87940979003906, -3209.685546875
117.27912139892578, 187.02516174316406, -7000.0
118.87297821044922, 207.02549743652344, -7000.0
120.53644561767578, 227.05882263183594, -7000.0
122.26939392089844, 261.6692199707031, -7000.0
125.88803100585938, 250.7751007080078, -7000.0
127.798095703125, 221.591552734375, -7000.0
129.775146484375, 163.1958465576172, -5219.58935546875
133.92965698242188, 134.0197296142578, -1603.194580078125
136.13934326171875, 104.74859619140625, 648.523193359375
138.41741943359375, 46.2825813293457, 1983.333984375
143.142578125, 41.6890869140625, 1983.333984375
145.58737182617188, 59.18572998046875, 1983.333984375
148.09791564941406, 80.08624267578125, 1983.333984375
150.71243286132812, 121.8219223022461, 1215.6531982421875
156.0626983642578, 142.2847442626953, 446.9283752441406
158.83547973632812, 162.58447265625, -1330.8026123046875
161.67311096191406, 182.75299072265625, -3111.19482421875
164.61856079101562, 202.78611755371094, -3905.662353515625
167.63035583496094, 222.77325439453125, -6667.74267578125
170.66323852539062, 242.39797973632812, -7000.0
173.7601318359375, 261.8535461425781, -7000.0
176.9678192138672, 295.1588134765625, -7000.0
183.5305633544922, 280.534912109375, -7000.0
186.93304443359375, 251.19796752929688, -7000.0
190.4003143310547, 221.68203735351562, -6875.85498046875
193.88047790527344, 192.50070190429688, -3017.155029296875
197.42306518554688, 163.3291473388672, -346.3907165527344
201.08131408691406, 134.10302734375, 1983.333984375
204.74893188476562, 130.37635803222656, 1983.333984375
208.47825622558594, 146.98971557617188, 1983.333984375
212.2689971923828, 167.26666259765625, 1983.333984375
216.17800903320312, 187.4287567138672, 1983.333984375
220.14971923828125, 207.53604125976562, 1098.2442626953125
224.12493896484375, 227.289306640625, -588.5943603515625
228.16050720214844, 246.87493896484375, -2175.177490234375
232.2561492919922, 266.33160400390625, -2559.277587890625
236.47312927246094, 285.67681884765625, -4552.4482421875
240.8138427734375, 305.23876953125, -7000.0
245.09059143066406, 324.16094970703125, -7000.0
249.42625427246094, 342.9234924316406, -7000.0
253.8205108642578, 361.52496337890625, -7000.0
258.2731018066406, 374.01873779296875, -7000.0
262.7836608886719, 355.5889587402344, -7000.0
267.3518981933594, 326.340087890625, -7000.0
271.9775390625, 297.1479797363281, -6180.79833984375
276.66021728515625, 267.8954772949219, -1517.3564453125
281.3996276855469, 238.70774841308594, 1172.2489013671875
286.2663879394531, 209.14285278320312, 1983.333984375
291.11907958984375, 216.741455078125, 1983.333984375
296.02752685546875, 236.42327880859375, 1983.333984375
301.0647888183594, 256.1895446777344, 1983.333984375
306.08447265625, 275.5315856933594, 1983.333984375
311.15887451171875, 294.7047119140625, 1617.6268310546875
316.2876281738281, 313.7164611816406, 641.2601928710938
321.47039794921875, 332.5680847167969, -138.86843872070312
326.706787109375, 351.2635192871094, -2380.6162109375
332.07464599609375, 369.92669677734375, -3184.062744140625
337.49700927734375, 388.5262451171875, -5518.31591796875
342.8936767578125, 406.7362365722656, -7000.0
348.342529296875, 424.79425048828125, -7000.0
353.9244689941406, 436.1712951660156, -7000.0
359.4772644042969, 414.6527099609375, -7000.0
365.16387939453125, 385.1556396484375, -5558.04345703125
370.90264892578125, 355.7081298828125, -3019.529052734375
376.60882568359375, 326.51202392578125, 745.47119140625
382.3648681640625, 317.8129577636719, 1983.333984375
388.17034912109375, 332.6290283203125, 1983.333984375
394.111328125, 351.45538330078125, 1983.333984375
400.0152282714844, 369.9783935546875, 1983.333984375
405.9673156738281, 388.3501281738281, 1839.4730224609375
411.9672546386719, 406.58251953125, 310.87890625
418.1038818359375, 424.7203063964844, -1546.064453125
424.19891357421875, 442.62152099609375, -3027.463134765625
430.43115234375, 460.4541015625, -2966.685791015625
436.61956787109375, 478.0459289550781, -4145.84912109375
442.9456787109375, 495.58685302734375, -6531.158203125
449.31842041015625, 513.1536865234375, -7000.0
455.64398193359375, 530.3003540039062, -7000.0
462.013916015625, 540.069091796875, -7000.0
468.4278259277344, 515.315185546875, -7000.0
474.88525390625, 486.1142272949219, -4589.708984375
481.3857421875, 456.9125671386719, -1080.6376953125
488.025390625, 427.57952880859375, 1983.333984375
494.6112976074219, 420.5242614746094, 1983.333984375
501.2389221191406, 436.1114501953125, 1983.333984375
508.0061950683594, 454.04669189453125, 1983.333984375
514.7164306640625, 471.6997375488281, 1983.333984375
521.6661987304688, 489.5774841308594, 1983.333984375
528.4578247070312, 506.92791748046875, 1983.333984375
535.3895874023438, 524.2034912109375, 1234.0653076171875
542.2600708007812, 541.2529907226562, 315.8927307128906
549.1690063476562, 558.1522827148438, -209.84933471679688
556.1158447265625, 574.9100952148438, -1832.2530517578125
563.1002197265625, 591.5276489257812, -1649.8944091796875
570.1215209960938, 607.9949340820312, -2495.274169921875
577.283447265625, 624.44775390625, -4424.33349609375
584.3778686523438, 632.8397216796875, -6325.2373046875
591.6129150390625, 605.0181274414062, -4198.84130859375
598.7783813476562, 575.813720703125, -842.345458984375
605.9783935546875, 546.6095581054688, 1983.333984375
613.3190307617188, 541.4471435546875, 1983.333984375
620.587158203125, 557.8173217773438, 1983.333984375
627.995849609375, 574.7384033203125, 1983.333984375
635.3299560546875, 591.350341796875, 1983.333984375
642.6961059570312, 607.8214111328125, 1983.333984375
650.2027587890625, 624.1910400390625, 1983.333984375
657.6318359375, 640.3819580078125, 1983.333984375
665.2013549804688, 656.5387573242188, 1073.7100830078125
672.6913452148438, 672.4580078125, 202.4399871826172
680.2107543945312, 688.2376708984375, -195.81898498535156
687.8703002929688, 703.9212036132812, -1479.225830078125
695.5591430664062, 719.5130004882812, -3589.865234375
703.276611328125, 734.7872924804688, -3673.07470703125
710.9097900390625, 741.53857421875, -3651.08837890625
718.5697631835938, 736.4603271484375, -2142.857177734375
726.3692626953125, 706.787353515625, -605.2286987304688
734.0816650390625, 677.5787353515625, 1983.333984375
741.8192749023438, 649.8660888671875, 1983.333984375
749.5816040039062, 652.6212158203125, 1983.333984375
757.3680419921875, 668.573974609375, 1983.333984375
765.2930908203125, 684.4453735351562, 1983.333984375
773.241943359375, 700.2107543945312, 1983.333984375
781.2139282226562, 715.806640625, 1983.333984375
789.092529296875, 731.216796875, 1983.333984375
796.9925537109375, 746.487548828125, 1983.333984375
805.0300903320312, 761.7096557617188, 1983.333984375
813.0885620117188, 776.847412109375, 1983.333984375
821.1673583984375, 791.7938232421875, 1983.333984375
829.2659301757812, 806.7169189453125, 1983.333984375
837.2659301757812, 821.3444213867188, 1983.333984375
845.2840576171875, 835.8499145507812, 1336.849853515625
853.3197631835938, 850.2261962890625, 947.7552490234375
861.490966796875, 864.5613403320312, -107.92327880859375
869.560302734375, 877.7276000976562, -520.0171508789062
877.6455078125, 883.4308471679688, -638.800537109375
885.74609375, 887.1708984375, -252.531494140625
893.8613891601562, 882.7852783203125, 388.8498840332031
901.9909057617188, 878.3942260742188, 1445.34814453125
910.25390625, 875.3289794921875, 1983.333984375
918.4103393554688, 882.2578735351562, 1983.333984375
926.699462890625, 896.321533203125, 1983.333984375
935.121337890625, 910.4486083984375, 1983.333984375
943.3140869140625, 924.2097778320312, 1983.333984375
951.5176391601562, 937.828369140625, 1923.5048828125
959.7314453125, 951.3278198242188, 1274.9248046875
967.9548950195312, 964.71533203125, 1022.9339599609375
976.1874389648438, 977.9838256835938, 220.17901611328125
984.4285278320312, 991.1420288085938, -41.895381927490234
992.6776123046875, 1004.1881713867188, -821.0379638671875
1001.0554809570312, 1017.1443481445312, -2103.99951171875
1009.31884765625, 1029.9613037109375, -1017.68701171875
1017.5885009765625, 1041.21044921875, -3076.1962890625
1026.107177734375, 1038.9881591796875, -1052.870361328125
1034.3878173828125, 1014.774169921875, 701.8407592773438
1042.794677734375, 1005.0862426757812, 1983.333984375
1051.083740234375, 983.1567993164062, 1983.333984375
1059.4981689453125, 989.89599609375, 1983.333984375
1067.79345703125, 1002.9486083984375, 1983.333984375
1076.0909423828125, 1015.8910522460938, 1983.333984375
1084.3900146484375, 1028.72705078125, 1983.333984375
1092.6903076171875, 1041.4490966796875, 1983.333984375
1101.113037109375, 1054.1146240234375, 1983.333984375
1109.4136962890625, 1066.6314697265625, 1983.333984375
1117.835693359375, 1079.0684814453125, 1983.333984375
1126.134521484375, 1091.364990234375, 1983.333984375
1134.431396484375, 1103.5631103515625, 1983.333984375
1142.8480224609375, 1115.7392578125, 1983.333984375
1151.261474609375, 1127.8984375, 1983.333984375
1159.5494384765625, 1139.7681884765625, 1983.333984375
1167.8333740234375, 1151.5372314453125, 1983.333984375
1176.1126708984375, 1163.2061767578125, 1983.333984375
1184.3865966796875, 1174.7745361328125, 1672.5611572265625
1192.7763671875, 1186.3876953125, 1036.0250244140625
1201.0379638671875, 1197.7542724609375, 1017.8863525390625
1209.535400390625, 1209.275146484375, 677.1942749023438
1217.7823486328125, 1217.8651123046875, 322.72845458984375
1226.021240234375, 1220.759765625, 600.5298461914062
1234.2513427734375, 1223.627197265625, 538.9568481445312
1242.4722900390625, 1226.474365234375, 1098.29931640625
1250.6834716796875, 1231.923095703125, 1951.1531982421875
1258.8841552734375, 1242.896240234375, 1983.333984375
1267.1942138671875, 1253.8541259765625, 1983.333984375
1275.4925537109375, 1275.390380859375, 683.5684814453125
1291.8115234375, 1285.9918212890625, 1071.0257568359375
1299.951416015625, 1296.5030517578125, 235.93247985839844
1308.07763671875, 1306.924072265625, 132.25497436523438
1316.189453125, 1317.2613525390625, -209.3086395263672
1324.4053955078125, 1327.5809326171875, -44.244693756103516
1332.486572265625, 1337.734130859375, -116.13245391845703
1340.6702880859375, 1347.855224609375, -414.5493469238281
1348.71875, 1354.8863525390625, -571.623291015625
1356.8680419921875, 1354.3563232421875, -432.91650390625
1364.88134765625, 1349.971435546875, 1088.5360107421875
1372.9937744140625, 1347.951904296875, 1331.7498779296875
1388.9263916015625, 1349.7301025390625, 1983.333984375
1396.8631591796875, 1354.6595458984375, 1983.333984375
1404.8956298828125, 1364.6104736328125, 1983.333984375
1412.9066162109375, 1384.2860107421875, 1983.333984375
1428.745849609375, 1393.954833984375, 1983.333984375
1436.6888427734375, 1403.2886962890625, 1983.333984375
1444.4932861328125, 1411.7261962890625, 1983.333984375
1452.2740478515625, 1428.264404296875, 1983.333984375
1467.7620849609375, 1436.533447265625, 1983.333984375
1475.58154296875, 1444.9183349609375, 1983.333984375
1483.2615966796875, 1461.4566650390625, 1983.333984375
1498.5419921875, 1469.72705078125, 1983.333984375
1506.1412353515625, 1477.99609375, 1983.333984375
1513.8236083984375, 1494.6292724609375, 1983.333984375
1528.8792724609375, 1502.8978271484375, 1983.333984375
1536.3629150390625, 1511.1666259765625, 1983.333984375
1543.926025390625, 1527.819580078125, 1867.862060546875
1558.8487548828125, 1536.088623046875, 1983.333984375
1566.2081298828125, 1544.357666015625, 1983.333984375
1573.64306640625, 1552.7431640625, 1983.333984375
1580.937255859375, 1569.2811279296875, 1620.0693359375
1595.42578125, 1577.550048828125, 1983.333984375
1602.619140625, 1585.81884765625, 1983.333984375
1609.77783203125, 1594.0875244140625, 1983.333984375
1616.9013671875, 1610.73095703125, 1303.5830078125
1631.1446533203125, 1619.0111083984375, 1706.1619873046875
1638.1593017578125, 1627.285888671875, 1944.4217529296875
1645.136962890625, 1643.8770751953125, 987.1405639648438
1659.1815185546875, 1652.16943359375, 807.6194458007812
1666.14453125, 1660.5623779296875, 485.3908386230469
1672.96728515625, 1677.1011962890625, 235.7547607421875
1686.4940185546875, 1685.37060546875, 373.9971618652344
1693.197021484375, 1689.072265625, 841.7523803710938
1699.956787109375, 1689.0723876953125, 1106.5006103515625
1706.6739501953125, 1689.0726318359375, 1120.1761474609375
1719.8829345703125, 1693.76513671875, 1983.333984375
1726.47021484375, 1702.0736083984375, 1983.333984375
1733.0130615234375, 1710.3673095703125, 1983.333984375
1739.417236328125, 1727.0489501953125, 1645.62353515625
1752.370361328125, 1735.3729248046875, 1983.333984375
1758.6390380859375, 1751.91259765625, 1338.3245849609375
1771.0396728515625, 1760.1822509765625, 1593.6629638671875
1777.1708984375, 1776.757080078125, 606.7133178710938
1789.3812255859375, 1785.0267333984375, 1089.06103515625
1795.458251953125, 1796.450927734375, 989.2454833984375
1807.2911376953125, 1796.451171875, 1242.0206298828125
1813.2203369140625, 1796.451171875, 1983.333984375
1819.098876953125, 1801.793212890625, 1983.333984375
1824.84228515625, 1810.063232421875, 1983.333984375
1830.619140625, 1818.40185546875, 1983.333984375
1836.2615966796875, 1826.671875, 1983.333984375
1841.853271484375, 1834.9417724609375, 1743.3603515625
1847.474853515625, 1843.23486328125, 1221.45068359375
1852.9632568359375, 1851.50537109375, 407.2606506347656
1858.399658203125, 1859.780517578125, 252.97515869140625
1863.8626708984375, 1868.1280517578125, -225.66256713867188
1869.193359375, 1876.39794921875, -507.2823791503906
1874.54833984375, 1884.786376953125, -1133.5902099609375
1879.77197265625, 1893.0562744140625, -2077.1767578125
1884.94189453125, 1895.5699462890625, -2669.542236328125
1890.0577392578125, 1892.512451171875, -2296.832763671875
1895.1190185546875, 1888.118408203125, -884.1011352539062
1900.2720947265625, 1883.6480712890625, 1085.0693359375
1905.221923828125, 1879.2628173828125, 1983.333984375
1910.1162109375, 1878.0504150390625, 1983.333984375
1914.954833984375, 1884.0428466796875, 1983.333984375
1919.7371826171875, 1892.3116455078125, 1983.333984375
1924.4630126953125, 1900.580322265625, 1983.333984375
1929.132080078125, 1908.849365234375, 1983.333984375
1933.744140625, 1917.1180419921875, 1983.333984375
1938.3651123046875, 1925.4144287109375, 1983.333984375
1942.861083984375, 1933.68310546875, 1983.333984375
1947.3636474609375, 1942.035888671875, 1574.30859375
1951.7423095703125, 1950.3050537109375, 737.8233032226562
1956.125244140625, 1958.6201171875, 441.77490234375
1960.447509765625, 1966.967529296875, -303.9344177246094
1964.6473388671875, 1975.236572265625, -980.2119750976562
1968.7877197265625, 1977.169189453125, -1369.94775390625
1972.8681640625, 1973.80029296875, -886.3829345703125
1976.9471435546875, 1969.40478515625, 43.86710739135742
1980.9061279296875, 1965.015380859375, 914.3104248046875
1984.8612060546875, 1964.02978515625, 1983.333984375
1988.865478515625, 1970.8172607421875, 1983.333984375
1992.6380615234375, 1979.08642578125, 1983.333984375
1996.3489990234375, 1987.3548583984375, 1983.333984375
1999.9981689453125, 1995.6226806640625, 1465.5755615234375
2003.58544921875, 2003.89013671875, 438.08673095703125
2007.1103515625, 2012.15771484375, -138.70144653320312
2010.5728759765625, 2020.4329833984375, -739.5986328125
2013.9725341796875, 2028.7000732421875, -1867.486328125
2017.3092041015625, 2036.967041015625, -3503.2099609375
2020.582763671875, 2045.2340087890625, -2802.336181640625
2023.7928466796875, 2053.50048828125, -2666.22607421875
2026.985107421875, 2061.846923828125, -3175.729248046875
2030.0667724609375, 2063.1484375, -3455.9404296875
2033.0843505859375, 2038.5211181640625, -3375.85791015625
2036.08056640625, 2009.207763671875, -153.53099060058594
2039.0103759765625, 2001.0240478515625, 1983.333984375
2041.83251953125, 2000.4293212890625, 1983.333984375
2044.5897216796875, 2007.5816650390625, 1983.333984375
2047.281982421875, 2015.84814453125, 1983.333984375
2049.947021484375, 2024.21484375, 1983.333984375
2052.507568359375, 2032.481689453125, 1983.333984375
2055.00244140625, 2040.748291015625, 1983.333984375
2057.431396484375, 2049.014892578125, 1914.291748046875
2059.828857421875, 2057.309326171875, 1188.12158203125
2062.124755859375, 2065.576171875, 767.6883544921875
2064.4189453125, 2074.103759765625, -355.7078552246094
2066.580322265625, 2082.37060546875, -1623.88720703125
2068.675048828125, 2090.636962890625, -3534.9267578125
2070.702880859375, 2098.903076171875, -3238.0888671875
2072.6640625, 2099.54833984375, -2805.434326171875
2074.55810546875, 2072.617431640625, -1921.78759765625
2076.385009765625, 2043.4285888671875, 972.3681030273438
2078.169921875, 2037.111083984375, 1983.333984375
2079.861328125, 2044.561767578125, 1983.333984375
2081.48486328125, 2052.82666015625, 1983.333984375
2083.041015625, 2061.091796875, 1983.333984375
2084.529296875, 2069.356689453125, 1983.333984375
2085.949951171875, 2077.635009765625, 1902.9466552734375
2087.322021484375, 2085.948486328125, 1043.7236328125
2088.623779296875, 2094.253173828125, 379.72369384765625
2089.855712890625, 2102.54931640625, -570.70947265625
2091.0009765625, 2110.820068359375, -2256.53857421875
2092.09326171875, 2119.124755859375, -1845.2738037109375
2093.114990234375, 2127.43603515625, -2276.694091796875
2094.06640625, 2135.729248046875, -3382.846923828125
2094.971923828125, 2135.69287109375, -4526.35302734375
2095.76904296875, 2106.500732421875, -2180.5576171875
2096.497314453125, 2077.310546875, 147.86578369140625
2097.1572265625, 2048.12255859375, 1983.333984375
2097.748291015625, 2019.269287109375, 1983.333984375
2098.270751953125, 2019.3677978515625, 1983.333984375
2098.72412109375, 2027.6314697265625, 1983.333984375
2099.10888671875, 2035.8951416015625, 1983.333984375
2099.428955078125, 2044.19091796875, 1983.333984375
2099.675048828125, 2052.454833984375, 1983.333984375
