1976.7030029296875, 1969.808837890625, 803.1830444335938
1980.6656494140625, 1973.899169921875, 609.5659790039062
1984.5677490234375, 1977.9207763671875, 412.0364074707031
1988.4088134765625, 1986.1561279296875, 659.935302734375
1992.1885986328125, 1994.396728515625, 382.1039733886719
1995.906982421875, 2001.4217529296875, -262.3387145996094
1999.5635986328125, 2001.4107666015625, -456.2239990234375
2003.1583251953125, 2001.3983154296875, -228.42234802246094
2006.6907958984375, 2001.3857421875, 393.6391906738281
2010.1607666015625, 2001.380615234375, 440.8992614746094
2013.5679931640625, 2001.37451171875, 877.6295166015625
2016.9122314453125, 2002.5958251953125, 1537.329833984375
2020.193359375, 2010.8590087890625, 1595.875244140625
2023.4111328125, 2019.12158203125, 1076.631591796875
2026.565185546875, 2027.383544921875, 943.2235107421875
2029.6553955078125, 2035.6451416015625, 226.9130401611328
2032.681640625, 2043.9066162109375, -552.577392578125
2035.6435546875, 2052.16748046875, -1897.7265625
2038.541015625, 2060.427734375, -961.3916625976562
2041.373779296875, 2068.68701171875, -3517.942626953125
2044.1417236328125, 2076.94580078125, -3747.709228515625
2046.8446044921875, 2085.203857421875, -4601.1748046875
2049.482177734375, 2093.461181640625, -6054.73974609375
2052.054443359375, 2100.488525390625, -7000.0
2054.56103515625, 2096.142333984375, -7000.0
2057.001953125, 2066.96826171875, -4440.94287109375
2059.376953125, 2037.7938232421875, -1225.5435791015625
2061.685546875, 2008.61962890625, 1983.333984375
2063.92822265625, 1983.14013671875, 1983.333984375
2066.104248046875, 1980.640869140625, 1983.333984375
2068.2138671875, 1988.8978271484375, 1983.333984375
2070.2568359375, 1997.1552734375, 1983.333984375
2072.232666015625, 2005.4132080078125, 1983.333984375
2074.1416015625, 2013.6715087890625, 1983.333984375
2075.983642578125, 2021.9300537109375, 1983.333984375
2077.75830078125, 2030.188720703125, 1983.333984375
2079.465576171875, 2038.4476318359375, 1983.333984375
2081.105224609375, 2046.7066650390625, 1983.333984375
2082.677490234375, 2054.9658203125, 1983.333984375
2084.181884765625, 2063.22509765625, 1983.333984375
2085.61865234375, 2071.484619140625, 1983.333984375
2086.9873046875, 2079.744140625, 1794.4849853515625
2088.2880859375, 2088.00390625, 818.6712036132812
2089.520751953125, 2096.263671875, 29.528799057006836
2090.68505859375, 2104.523681640625, -1034.3829345703125
2091.78125, 2111.54833984375, -2723.56640625
2092.80908203125, 2110.89306640625, -1309.3309326171875
2093.7685546875, 2106.512939453125, -2180.95556640625
2094.65966796875, 2098.423095703125, -1981.1549072265625
2095.48193359375, 2072.962890625, 718.66748046875
2096.23583984375, 2068.582763671875, 1983.333984375
2096.921142578125, 2064.8583984375, 1983.333984375
2097.53759765625, 2066.095458984375, 1983.333984375
2098.08544921875, 2074.35546875, 1983.333984375
2098.564453125, 2082.615478515625, 1983.333984375
2098.974609375, 2090.875732421875, 1892.44677734375
2099.31591796875, 2099.1357421875, 899.8319702148438
2099.588623046875, 2107.39599609375, -15.164050102233887
2099.792236328125, 2115.65625, -1308.6131591796875
2099.927001953125, 2123.916748046875, -3467.327880859375
2099.992919921875, 2132.1767578125, -3629.646484375
2099.98974609375, 2140.43701171875, -4729.5185546875
2099.91796875, 2148.697265625, -6727.9453125
2099.777099609375, 2156.95751953125, -7000.0
2099.5673828125, 2163.9775390625, -7000.0
2099.288818359375, 2159.59716796875, -7000.0
2098.941162109375, 2130.4267578125, -6905.6611328125
2098.52490234375, 2101.256103515625, -3525.267578125
2098.039794921875, 2072.08544921875, -355.0791931152344
2097.486083984375, 2042.914794921875, 1983.333984375
2096.863525390625, 2018.1292724609375, 1983.333984375
2096.172119140625, 2019.3712158203125, 1983.333984375
2095.412353515625, 2027.631103515625, 1983.333984375
2094.583740234375, 2035.8912353515625, 1983.333984375
2093.686767578125, 2044.1513671875, 1983.333984375
2092.721435546875, 2052.41162109375, 1983.333984375
2091.6875, 2060.67138671875, 1983.333984375
2090.585205078125, 2068.931640625, 1983.333984375
2089.414794921875, 2077.19189453125, 1983.333984375
2088.176025390625, 2085.4521484375, 1277.2381591796875
2086.869384765625, 2093.712158203125, 453.6836242675781
2085.49462890625, 2101.972412109375, -933.5637817382812
2084.052001953125, 2110.23291015625, -3361.886962890625
2082.54150390625, 2117.248046875, -3818.250244140625
2080.96337890625, 2116.587890625, -4356.7705078125
2079.317626953125, 2108.4697265625, -4127.615234375
2077.6044921875, 2079.29931640625, -3593.84765625
2075.823974609375, 2050.128662109375, -449.9875793457031
2073.97607421875, 2024.6983642578125, 1983.333984375
2072.061279296875, 2020.979248046875, 1983.333984375
2070.079345703125, 2022.22607421875, 1983.333984375
2068.03076171875, 2030.4859619140625, 1983.333984375
2065.915283203125, 2038.74609375, 1983.333984375
2063.733154296875, 2047.0062255859375, 1983.333984375
2061.48486328125, 2055.266357421875, 1677.0482177734375
2059.170166015625, 2063.5263671875, 1117.9442138671875
2056.78955078125, 2071.78662109375, -133.16477966308594
2054.3427734375, 2080.046875, -2547.07861328125
2051.830322265625, 2088.30712890625, -3246.8955078125
2049.25244140625, 2096.567138671875, -5152.08544921875
2046.6090087890625, 2104.827392578125, -7000.0
2043.900390625, 2113.087646484375, -7000.0
2041.1268310546875, 2120.097900390625, -7000.0
2038.288330078125, 2115.68310546875, -7000.0
2035.3851318359375, 2086.512939453125, -7000.0
2032.41748046875, 2057.342529296875, -6155.07763671875
2029.3857421875, 2028.1717529296875, -2360.9912109375
2026.289794921875, 1999.0010986328125, 903.4024658203125
2023.130126953125, 1969.83056640625, 1983.333984375
2019.90673828125, 1945.0799560546875, 1983.333984375
2016.6201171875, 1946.3319091796875, 1983.333984375
2013.270263671875, 1954.591796875, 1983.333984375
2009.857421875, 1962.851806640625, 1983.333984375
2006.3819580078125, 1971.1119384765625, 1983.333984375
2002.843994140625, 1979.3720703125, 1983.333984375
1999.243896484375, 1987.6322021484375, 1983.333984375
1995.581787109375, 1995.8924560546875, 929.552001953125
1991.8580322265625, 2004.152587890625, -3.149890184402466
1988.07275390625, 2012.412841796875, -2267.75048828125
1984.226318359375, 2020.6728515625, -2978.39013671875
1980.3189697265625, 2028.9329833984375, -5046.0029296875
1976.3509521484375, 2037.193359375, -7000.0
1972.322509765625, 2044.198486328125, -7000.0
1968.2340087890625, 2039.7659912109375, -7000.0
1964.085693359375, 2010.595703125, -7000.0
1959.8778076171875, 1981.425048828125, -5768.84716796875
1955.610595703125, 1952.25439453125, -1749.238037109375
1951.2845458984375, 1923.083740234375, 646.537353515625
1946.8997802734375, 1893.9132080078125, 1983.333984375
1942.456787109375, 1870.4373779296875, 1983.333984375
1937.95556640625, 1878.697265625, 1983.333984375
1933.396728515625, 1886.9578857421875, 1983.333984375
1928.7803955078125, 1895.2181396484375, 1983.333984375
1924.1070556640625, 1903.478271484375, 1983.333984375
1919.3768310546875, 1911.7384033203125, 1838.9256591796875
1914.5902099609375, 1919.9986572265625, 1150.70068359375
1909.7474365234375, 1928.2587890625, -504.87396240234375
1904.848876953125, 1936.5189208984375, -3583.61572265625
1899.8948974609375, 1944.779052734375, -5194.458984375
1894.8857421875, 1953.039306640625, -7000.0
1889.82177734375, 1961.2994384765625, -7000.0
1884.7034912109375, 1968.2991943359375, -7000.0
1879.5311279296875, 1963.847412109375, -7000.0
1874.3050537109375, 1934.6771240234375, -7000.0
1869.0255126953125, 1905.5064697265625, -7000.0
1863.693115234375, 1876.3358154296875, -4750.181640625
1858.30810546875, 1847.165283203125, -2717.032958984375
1852.8707275390625, 1817.9935302734375, 490.7781982421875
1847.381591796875, 1792.6121826171875, 1983.333984375
1841.8409423828125, 1790.1644287109375, 1983.333984375
1836.2491455078125, 1798.4241943359375, 1983.333984375
1830.6065673828125, 1806.6842041015625, 1983.333984375
1824.9136962890625, 1814.9443359375, 1983.333984375
1819.1708984375, 1823.2044677734375, 502.7506103515625
1813.3785400390625, 1831.4644775390625, -1072.1722412109375
1807.5369873046875, 1839.7247314453125, -1355.953369140625
1801.646728515625, 1847.98486328125, -3244.988525390625
1795.7081298828125, 1856.2451171875, -6664.546875
1789.7215576171875, 1864.5052490234375, -7000.0
1783.6875, 1872.7655029296875, -7000.0
1777.6063232421875, 1881.0260009765625, -7000.0
1771.4783935546875, 1888.02001953125, -7000.0
1765.30419921875, 1883.5482177734375, -7000.0
1759.084228515625, 1854.3775634765625, -7000.0
1752.81884765625, 1825.20703125, -7000.0
1746.508544921875, 1796.03662109375, -7000.0
1740.153564453125, 1766.865966796875, -6360.85107421875
1733.7545166015625, 1737.6954345703125, -3147.65576171875
1727.3118896484375, 1708.5250244140625, -320.0882873535156
1720.825927734375, 1679.3543701171875, 1983.333984375
1714.2972412109375, 1653.99072265625, 1983.333984375
1707.7261962890625, 1651.552001953125, 1983.333984375
1701.11328125, 1659.811767578125, 1983.333984375
1694.458984375, 1668.0716552734375, 1983.333984375
1687.763671875, 1676.331787109375, 1983.333984375
1681.0279541015625, 1684.5919189453125, 556.1881103515625
1674.2520751953125, 1692.85205078125, -1080.51611328125
1667.436767578125, 1701.1123046875, -1534.726318359375
1660.582275390625, 1709.3724365234375, -3696.022216796875
1653.689208984375, 1717.632568359375, -7000.0
1646.7579345703125, 1725.8927001953125, -7000.0
1639.7889404296875, 1734.15283203125, -7000.0
1632.7828369140625, 1742.4130859375, -7000.0
1625.7401123046875, 1749.4014892578125, -7000.0
1618.6610107421875, 1744.909912109375, -7000.0
1611.5462646484375, 1715.7393798828125, -7000.0
1604.3961181640625, 1686.5689697265625, -7000.0
1597.21142578125, 1657.3984375, -7000.0
1589.9923095703125, 1628.2279052734375, -7000.0
1582.739501953125, 1599.057373046875, -5171.88330078125
1575.4534912109375, 1569.886962890625, -930.66552734375
1568.1346435546875, 1540.7164306640625, 1333.344482421875
1560.7835693359375, 1511.5460205078125, 1983.333984375
1553.400634765625, 1488.14990234375, 1983.333984375
1545.986572265625, 1496.40966796875, 1983.333984375
1538.5418701171875, 1504.669677734375, 1983.333984375
1531.0667724609375, 1512.9296875, 1983.333984375
1523.56201171875, 1521.1898193359375, 1234.93505859375
1516.0281982421875, 1529.449951171875, -341.5028381347656
1508.465576171875, 1537.7099609375, -3152.144775390625
1500.8748779296875, 1545.97021484375, -4810.3232421875
1493.2564697265625, 1554.230224609375, -7000.0
1485.611083984375, 1562.4903564453125, -7000.0
1477.9390869140625, 1570.75048828125, -7000.0
1470.240966796875, 1579.0107421875, -7000.0
1462.5174560546875, 1585.9935302734375, -7000.0
1454.7689208984375, 1581.4820556640625, -7000.0
1446.9959716796875, 1552.311767578125, -7000.0
1439.1990966796875, 1523.1414794921875, -7000.0
1431.3787841796875, 1493.9710693359375, -7000.0
1423.53564453125, 1464.800537109375, -7000.0
1415.6702880859375, 1435.630126953125, -5589.283203125
1407.783203125, 1406.4598388671875, -1813.3857421875
1399.8748779296875, 1377.28955078125, 707.8345947265625
1391.94580078125, 1348.119140625, 1983.333984375
1383.9967041015625, 1323.7769775390625, 1983.333984375
1376.0279541015625, 1327.0330810546875, 1983.333984375
1368.040283203125, 1337.178955078125, 1983.333984375
1360.0340576171875, 1347.236572265625, 1983.333984375
1352.010009765625, 1357.2125244140625, 1114.614013671875
1343.968505859375, 1367.1002197265625, -1069.87109375
1335.9102783203125, 1376.9063720703125, -2363.6171875
1327.8358154296875, 1386.6240234375, -5628.88916015625
1319.7454833984375, 1396.2044677734375, -7000.0
1311.64013671875, 1405.258544921875, -7000.0
1303.520263671875, 1413.5186767578125, -7000.0
1295.38623046875, 1421.77880859375, -7000.0
1287.23876953125, 1430.038818359375, -7000.0
1279.0784912109375, 1437.015869140625, -7000.0
1270.90576171875, 1432.4837646484375, -7000.0
1262.7213134765625, 1403.3133544921875, -7000.0
1254.5257568359375, 1374.143310546875, -7000.0
1246.3193359375, 1344.9730224609375, -7000.0
1238.10302734375, 1315.8026123046875, -7000.0
1229.8770751953125, 1286.6324462890625, -7000.0
1221.6422119140625, 1257.462158203125, -7000.0
1213.3990478515625, 1228.2918701171875, -5009.783203125
1205.14794921875, 1199.121826171875, -3551.299072265625
1196.8896484375, 1169.9515380859375, -648.2005004882812
1188.6246337890625, 1144.6409912109375, 1983.333984375
1180.3536376953125, 1140.95556640625, 1983.333984375
1172.0770263671875, 1142.8514404296875, 1983.333984375
1163.79541015625, 1154.57568359375, 1624.6514892578125
1155.5093994140625, 1166.1998291015625, -41.355323791503906
1147.2196044921875, 1177.7242431640625, -3012.368408203125
1138.9266357421875, 1189.150146484375, -5265.34814453125
1130.630859375, 1200.4844970703125, -7000.0
1122.3330078125, 1211.7191162109375, -7000.0
1114.0335693359375, 1222.8551025390625, -7000.0
1105.7332763671875, 1233.8994140625, -7000.0
1097.4324951171875, 1244.8455810546875, -7000.0
1089.1319580078125, 1255.7000732421875, -7000.0
1080.8321533203125, 1266.4561767578125, -7000.0
1072.53369140625, 1275.8436279296875, -7000.0
1064.237060546875, 1273.314208984375, -7000.0
1055.94287109375, 1244.1441650390625, -7000.0
1047.6517333984375, 1214.9742431640625, -7000.0
1039.3642578125, 1185.8040771484375, -7000.0
1031.0809326171875, 1156.634033203125, -7000.0
1022.8023681640625, 1127.4637451171875, -7000.0
1014.5291137695312, 1098.2938232421875, -7000.0
1006.2617797851562, 1069.1239013671875, -7000.0
998.0008544921875, 1039.953857421875, -7000.0
989.7469482421875, 1010.7839965820312, -5713.42626953125
981.5006713867188, 981.6141357421875, -2096.572998046875
973.2625732421875, 952.4443359375, -179.51480102539062
965.033203125, 923.2747192382812, 1983.333984375
956.8131103515625, 899.2821044921875, 1983.333984375
948.6029052734375, 904.7305297851562, 1983.333984375
940.403076171875, 918.501220703125, 1983.333984375
932.2142944335938, 932.1519165039062, 359.0306396484375
924.0370483398438, 945.682861328125, -1618.56103515625
915.8719482421875, 959.095458984375, -3140.534423828125
907.7195434570312, 972.3980712890625, -7000.0
899.5803833007812, 985.5891723632812, -7000.0
891.4550170898438, 998.6618041992188, -7000.0
883.343994140625, 1011.62451171875, -7000.0
875.2479248046875, 1024.477294921875, -7000.0
867.1673583984375, 1037.219970703125, -7000.0
859.1028442382812, 1049.852783203125, -7000.0
851.0548706054688, 1061.0902099609375, -7000.0
843.0241088867188, 1060.08447265625, -7000.0
835.0110473632812, 1030.914794921875, -7000.0
827.0162353515625, 1001.7450561523438, -7000.0
819.0402221679688, 972.5753784179688, -7000.0
811.0835571289062, 943.4056396484375, -7000.0
803.1467895507812, 914.2359619140625, -7000.0
795.2305297851562, 885.06640625, -7000.0
787.335205078125, 855.8969116210938, -7000.0
779.4614868164062, 826.7274780273438, -7000.0
771.6098022460938, 797.5581665039062, -6275.5810546875
763.78076171875, 768.3890380859375, -3145.031005859375
755.9749145507812, 739.219970703125, -552.2518310546875
748.1927490234375, 710.0511474609375, 1983.333984375
740.434814453125, 684.78466796875, 1983.333984375
732.70166015625, 683.5631103515625, 1983.333984375
724.9938354492188, 699.2213745117188, 1983.333984375
717.3118286132812, 714.7499389648438, 432.7841491699219
709.6561889648438, 730.148681640625, -1416.4105224609375
702.0274658203125, 745.4159545898438, -2967.3310546875
694.4261474609375, 760.544921875, -7000.0
686.852783203125, 775.5455322265625, -7000.0
679.307861328125, 790.4246826171875, -7000.0
671.7919921875, 805.173828125, -7000.0
664.3055419921875, 819.7944946289062, -7000.0
656.8491821289062, 834.2937622070312, -7000.0
649.4232788085938, 848.66455078125, -7000.0
642.0285034179688, 861.6212768554688, -7000.0
634.6652221679688, 862.0279541015625, -7000.0
627.3340454101562, 832.8588256835938, -7000.0
620.035400390625, 803.6896362304688, -7000.0
612.7698364257812, 774.5205078125, -7000.0
605.537841796875, 745.3515625, -7000.0
598.3399658203125, 716.1826782226562, -7000.0
591.1766357421875, 687.013916015625, -7000.0
584.04833984375, 657.8453369140625, -7000.0
576.95556640625, 628.677001953125, -7000.0
569.8988647460938, 599.5089721679688, -6694.0146484375
562.8787231445312, 570.3411865234375, -3868.39990234375
555.8955078125, 541.1736450195312, -1471.154541015625
548.9498901367188, 512.006591796875, 889.1299438476562
542.0421752929688, 486.76263427734375, 1983.333984375
535.1729125976562, 485.826904296875, 1983.333984375
528.342529296875, 503.1802978515625, 1983.333984375
521.5515747070312, 520.3858642578125, 1026.1966552734375
514.8004760742188, 537.4501953125, -1098.6138916015625
508.0897216796875, 554.3648071289062, -2994.955322265625
501.41973876953125, 571.131103515625, -7000.0
494.7909851074219, 587.7576293945312, -7000.0
488.20391845703125, 604.2442626953125, -7000.0
481.6590270996094, 620.5911254882812, -7000.0
475.15673828125, 636.7979736328125, -7000.0
468.697509765625, 652.8648681640625, -7000.0
462.2817687988281, 668.7918701171875, -7000.0
455.90997314453125, 683.2796630859375, -7000.0
449.5825500488281, 684.9443359375, -7000.0
443.2999572753906, 655.776123046875, -7000.0
437.0625915527344, 626.6080932617188, -7000.0
430.87091064453125, 597.4401245117188, -7000.0
424.725341796875, 568.2724609375, -7000.0
418.6263122558594, 539.10498046875, -7000.0
412.57421875, 509.93798828125, -7000.0
406.5694885253906, 480.77142333984375, -7000.0
400.612548828125, 451.60540771484375, -7000.0
394.7037658691406, 422.4400939941406, -6477.62060546875
388.8436279296875, 393.2755432128906, -3313.669189453125
383.0324401855469, 364.112060546875, -460.8722229003906
377.27069091796875, 334.9498596191406, 1983.333984375
371.5587158203125, 309.7317199707031, 1983.333984375
365.8969421386719, 309.0560302734375, 1983.333984375
360.2857666015625, 327.9231262207031, 1983.333984375
354.72552490234375, 346.63165283203125, 710.1813354492188
349.2166748046875, 365.1811218261719, -631.0922241210938
343.759521484375, 383.5712585449219, -1808.779541015625
338.3544921875, 401.8020324707031, -5633.03515625
333.001953125, 419.8749084472656, -7000.0
327.7022399902344, 437.7965393066406, -7000.0
322.45574951171875, 455.55999755859375, -7000.0
317.2628173828125, 473.17376708984375, -7000.0
312.12384033203125, 490.6377258300781, -7000.0
307.03912353515625, 507.9518737792969, -7000.0
302.0090637207031, 523.8101806640625, -7000.0
297.03399658203125, 526.5957641601562, -7000.0
292.1142578125, 497.4293518066406, -7000.0
287.2501525878906, 468.2633056640625, -7000.0
282.44207763671875, 439.09771728515625, -7000.0
277.6903076171875, 409.9328918457031, -7000.0
272.9952392578125, 380.7687683105469, -7000.0
268.35711669921875, 351.6058349609375, -7000.0
263.77630615234375, 322.44427490234375, -7000.0
259.25311279296875, 293.2845764160156, -7000.0
254.78785705566406, 264.1274108886719, -4367.11669921875
250.38082885742188, 234.97360229492188, -1858.1378173828125
246.0323486328125, 205.8246612548828, 606.1099853515625
241.74270629882812, 180.64222717285156, 1983.333984375
237.51219177246094, 180.16285705566406, 1983.333984375
233.3411102294922, 200.12416076660156, 1983.333984375
229.22975158691406, 219.92030334472656, 731.4016723632812
225.17837524414062, 239.54974365234375, -423.4564208984375
221.18728637695312, 259.01165771484375, -1379.666259765625
217.2567596435547, 278.3052673339844, -4947.1416015625
213.3870391845703, 297.43206787109375, -7000.0
209.5784149169922, 316.3999328613281, -7000.0
205.83114624023438, 335.2085876464844, -7000.0
202.14549255371094, 353.85797119140625, -7000.0
198.52169799804688, 372.3479919433594, -7000.0
194.9600067138672, 390.6784362792969, -7000.0
191.460693359375, 407.53692626953125, -7000.0
188.0239715576172, 411.1314697265625, -7000.0
184.65008544921875, 381.96783447265625, -7000.0
181.3392791748047, 352.8052062988281, -7000.0
178.0917510986328, 323.6438293457031, -7000.0
174.9077606201172, 294.4842834472656, -7000.0
171.78750610351562, 265.32696533203125, -7000.0
168.73121643066406, 236.17300415039062, -7000.0
165.7390899658203, 207.02381896972656, -7000.0
162.8113250732422, 177.88174438476562, -5015.81982421875
159.94815063476562, 148.75100708007812, -2946.41796875
157.1497344970703, 119.63980102539062, 135.38079833984375
154.41629028320312, 94.53300476074219, 1983.333984375
151.7480010986328, 92.88037109375, 1983.333984375
149.14505004882812, 106.679443359375, 1983.333984375
146.60760498046875, 127.23280334472656, 1805.96435546875
144.1358642578125, 147.62535095214844, -21.8225154876709
141.72998046875, 167.85691833496094, -2477.543212890625
139.39012145996094, 187.91709899902344, -4550.5009765625
137.11643981933594, 207.8119659423828, -7000.0
134.90911865234375, 227.5404510498047, -7000.0
132.76829528808594, 247.10137939453125, -7000.0
130.69410705566406, 266.4957580566406, -7000.0
128.6867218017578, 285.7300720214844, -7000.0
126.74624633789062, 304.7971496582031, -7000.0
124.87284088134766, 323.7035827636719, -7000.0
123.06661987304688, 341.12359619140625, -7000.0
121.32771301269531, 345.1647033691406, -7000.0
119.65623474121094, 316.0041809082031, -7000.0
118.05230712890625, 286.8453674316406, -7000.0
116.51604461669922, 257.68914794921875, -7000.0
115.04753875732422, 228.53656005859375, -7000.0
113.64690399169922, 199.38893127441406, -7000.0
112.31422424316406, 170.2493133544922, -7000.0
111.04960632324219, 141.1226348876953, -6727.021484375
109.8531265258789, 112.01896667480469, -3266.15283203125
108.72486877441406, 82.9625244140625, -1533.5364990234375
107.6649169921875, 54.02959060668945, 1983.333984375
106.67333221435547, 30.172216415405273, 1983.333984375
105.75019836425781, 33.73064041137695, 1983.333984375
104.89556884765625, 54.54035949707031, 1983.333984375
104.10950469970703, 75.41390991210938, 1983.333984375
103.39205169677734, 96.19087982177734, 392.0925598144531
102.74327850341797, 116.82615661621094, -695.7826538085938
102.16321563720703, 137.3033905029297, -1318.1134033203125
101.65190124511719, 157.62237548828125, -4296.994140625
101.20938110351562, 177.77076721191406, -7000.0
100.83567810058594, 197.75376892089844, -7000.0
100.53082275390625, 217.57052612304688, -7000.0
100.29483032226562, 237.2201385498047, -7000.0
100.12772369384766, 256.7018737792969, -7000.0
100.02950286865234, 274.68988037109375, -7000.0
100.00019073486328, 279.1745910644531, -7000.0
100.03977966308594, 250.01962280273438, -7000.0
100.14826965332031, 220.86849975585938, -7000.0
100.32564544677734, 191.7230224609375, -7000.0
100.57190704345703, 162.58653259277344, -7000.0
100.88703155517578, 133.464599609375, -7000.0
101.27099609375, 104.37001037597656, -3629.690673828125
101.7237777709961, 75.3344497680664, -1809.654296875
102.2453384399414, 46.4687614440918, 1983.333984375
102.83564758300781, 22.936813354492188, 1983.333984375
103.49466705322266, 26.426254272460938, 1983.333984375
104.22235107421875, 47.09304428100586, 1983.333984375
105.01863861083984, 67.97239685058594, 1983.333984375
105.88349151611328, 88.78785705566406, 1520.7266845703125
106.81683349609375, 109.47409057617188, -225.82955932617188
107.81861114501953, 130.0135955810547, -2214.751708984375
108.88875579833984, 150.38803100585938, -3491.4169921875
110.02719116210938, 170.59312438964844, -6889.56884765625
111.23383331298828, 190.63429260253906, -7000.0
112.50860595703125, 210.5097198486328, -7000.0
113.8514175415039, 230.21829223632812, -7000.0
115.2621841430664, 249.7592315673828, -7000.0
116.74079895019531, 267.8007507324219, -7000.0
118.28715515136719, 272.3070983886719, -7000.0
119.90116119384766, 243.1529998779297, -7000.0
121.58269500732422, 214.0030517578125, -7000.0
123.33164978027344, 184.85935974121094, -7000.0
125.14789581298828, 155.72572326660156, -6787.6005859375
127.03131103515625, 126.60870361328125, -3031.7900390625
128.9817657470703, 97.52391815185547, -652.3356323242188
130.99913024902344, 68.51235961914062, 1983.333984375
133.083251953125, 45.51469039916992, 1983.333984375
135.2340087890625, 54.70587921142578, 1983.333984375
137.45123291015625, 75.57601928710938, 1983.333984375
139.7347869873047, 96.35154724121094, 1983.333984375
142.08450317382812, 116.98587799072266, 1983.333984375
144.50021362304688, 137.46116638183594, 401.2659912109375
146.9817657470703, 157.7703399658203, -318.9228210449219
149.5289764404297, 177.9178009033203, -3020.313720703125
152.14169311523438, 197.90057373046875, -4750.53173828125
154.8197021484375, 217.7155303955078, -7000.0
157.56285095214844, 237.35658264160156, -7000.0
160.3709259033203, 256.8381042480469, -7000.0
163.24375915527344, 276.1512756347656, -7000.0
166.18112182617188, 293.96051025390625, -7000.0
169.18283081054688, 298.255859375, -7000.0
172.24867248535156, 269.098876953125, -7000.0
175.37844848632812, 239.9449462890625, -7000.0
178.57192993164062, 210.7953338623047, -6982.6875
181.82888793945312, 181.65249633789062, -3255.11181640625
185.1491241455078, 152.5199432373047, -691.8402709960938
188.5323944091797, 123.40547943115234, 1983.333984375
191.97845458984375, 100.08780670166016, 1983.333984375
195.48709106445312, 108.60958862304688, 1983.333984375
199.0580596923828, 129.14593505859375, 1983.333984375
202.6910858154297, 149.52749633789062, 1983.333984375
206.38595581054688, 169.7408905029297, 1983.333984375
210.1423797607422, 189.78944396972656, 1968.3284912109375
213.9601287841797, 209.66416931152344, 1075.952392578125
217.83892822265625, 229.37242126464844, -1565.722412109375
221.7785186767578, 248.91470336914062, -1241.2867431640625
225.7786102294922, 268.2971496582031, -2694.61376953125
229.83892822265625, 287.5127258300781, -5810.66015625
233.95921325683594, 306.5678405761719, -7000.0
238.13917541503906, 325.4554443359375, -7000.0
242.37852478027344, 342.84149169921875, -7000.0
246.6769561767578, 346.7601318359375, -7000.0
251.0341796875, 317.5994873046875, -7000.0
255.44992065429688, 288.44061279296875, -7000.0
259.923828125, 259.2841796875, -3225.0439453125
264.45562744140625, 230.13134765625, -402.1798095703125
269.0450134277344, 200.98341369628906, 1983.333984375
273.691650390625, 177.97039794921875, 1983.333984375
278.39520263671875, 188.07894897460938, 1983.333984375
283.1553649902344, 207.9712371826172, 1983.333984375
287.9718322753906, 227.6978759765625, 1983.333984375
292.84423828125, 247.2575225830078, 1983.333984375
297.7722473144531, 266.6494140625, 1983.333984375
302.75555419921875, 285.8744812011719, 1658.217041015625
307.7937927246094, 304.9410705566406, 703.7913208007812
312.8865966796875, 323.846923828125, -63.59323501586914
318.0336608886719, 342.5851745605469, -2348.663330078125
323.2345886230469, 361.1641540527344, -3224.818603515625
328.489013671875, 379.58526611328125, -5564.50146484375
333.796630859375, 397.855224609375, -7000.0
339.15704345703125, 414.61798095703125, -7000.0
344.5698547363281, 417.9945373535156, -7000.0
350.03472900390625, 388.8306884765625, -7000.0
355.5513000488281, 359.6677551269531, -3773.351318359375
361.119140625, 330.5059509277344, -1254.6822509765625
366.7378845214844, 301.345947265625, 1983.333984375
372.40716552734375, 277.0335998535156, 1983.333984375
378.1265869140625, 280.39678955078125, 1983.333984375
383.895751953125, 299.509765625, 1983.333984375
389.7142333984375, 318.45611572265625, 1983.333984375
395.5816650390625, 337.24359130859375, 1983.333984375
401.4976501464844, 355.87200927734375, 1983.333984375
407.46173095703125, 374.3410949707031, 1983.333984375
413.47357177734375, 392.6508483886719, 1983.333984375
419.5326843261719, 410.8027038574219, 843.681640625
425.6387023925781, 428.8031921386719, -640.9212646484375
431.7911682128906, 446.64569091796875, -1789.5401611328125
437.98968505859375, 464.3384704589844, -1370.2139892578125
444.2337951660156, 481.8814697265625, -2265.205810546875
450.5231018066406, 497.922119140625, -4231.6181640625
456.857177734375, 500.6832580566406, -5690.68896484375
463.2355651855469, 471.5173034667969, -3008.413818359375
469.6578063964844, 442.351806640625, -799.797119140625
476.12347412109375, 413.1869201660156, 1983.333984375
482.63214111328125, 389.2860107421875, 1983.333984375
489.183349609375, 394.5179138183594, 1983.333984375
495.77667236328125, 412.656982421875, 1983.333984375
502.4115905761719, 430.6385192871094, 1983.333984375
509.0876770019531, 448.4689636230469, 1983.333984375
515.8045043945312, 466.14154052734375, 1983.333984375
522.5615844726562, 483.6643371582031, 1983.333984375
529.3584594726562, 501.0375061035156, 1983.333984375
536.1946411132812, 518.2608032226562, 1983.333984375
543.0696411132812, 535.3359985351562, 849.71630859375
549.9830322265625, 552.2696533203125, -415.52532958984375
556.934326171875, 569.0551147460938, -1263.852294921875
563.9230346679688, 585.7006225585938, -3175.06689453125
570.9486694335938, 600.8474731445312, -3093.996826171875
578.0108032226562, 606.9540405273438, -2907.52099609375
585.10888671875, 598.46484375, -946.3317260742188
592.242431640625, 569.2973022460938, 782.7194213867188
599.4109497070312, 540.1300048828125, 1983.333984375
606.6139526367188, 517.279541015625, 1983.333984375
613.8510131835938, 527.53564453125, 1983.333984375
621.1215209960938, 544.5384521484375, 1983.333984375
628.425048828125, 561.3916015625, 1983.333984375
635.7610473632812, 578.0967407226562, 1983.333984375
643.1290283203125, 594.6621704101562, 1983.333984375
650.5285034179688, 611.0877685546875, 1983.333984375
657.9589233398438, 627.3734741210938, 1983.333984375
665.4198608398438, 643.519287109375, 1983.333984375
672.9107055664062, 659.525146484375, 1617.143310546875
680.4309692382812, 675.392822265625, 329.3679504394531
687.9801635742188, 691.12890625, -873.5723266601562
695.5577392578125, 706.7265625, -1590.7109375
703.1631469726562, 720.8308715820312, -3015.793701171875
710.7959594726562, 726.0719604492188, -1269.534912109375
718.45556640625, 721.6924438476562, -1058.9268798828125
726.1414184570312, 713.1882934570312, -327.9057312011719
733.8530883789062, 688.1448974609375, 1983.333984375
741.5899658203125, 685.236572265625, 1983.333984375
749.3515014648438, 691.5540161132812, 1983.333984375
757.1372680664062, 707.1494750976562, 1983.333984375
764.9465942382812, 722.60693359375, 1983.333984375
772.779052734375, 737.9345092773438, 1983.333984375
780.634033203125, 753.1322631835938, 1983.333984375
788.5110473632812, 768.2005615234375, 1983.333984375
796.4094848632812, 783.1384887695312, 1724.5081787109375
804.328857421875, 797.9464111328125, 704.6981811523438
812.2686157226562, 812.6260375976562, -79.06563568115234
820.2282104492188, 827.18408203125, -353.96527099609375
828.20703125, 841.61376953125, -1353.416748046875
836.20458984375, 855.9234619140625, -3025.3076171875
844.2203369140625, 868.744873046875, -2337.327392578125
852.2537231445312, 872.9210205078125, -1242.1917724609375
860.30419921875, 864.40283203125, -1131.7718505859375
868.3711547851562, 835.233642578125, 1089.8992919921875
876.4540405273438, 810.204345703125, 1983.333984375
884.5523681640625, 808.9964599609375, 1983.333984375
892.6655883789062, 823.583984375, 1983.333984375
900.7930297851562, 838.0433349609375, 1983.333984375
908.9342041015625, 852.3827514648438, 1983.333984375
917.0885620117188, 866.6007080078125, 1983.333984375
925.2554931640625, 880.6903686523438, 1983.333984375
933.4345092773438, 894.6600952148438, 1983.333984375
941.6249389648438, 908.5115966796875, 1983.333984375
949.8263549804688, 922.2513427734375, 1983.333984375
958.0380859375, 935.8711547851562, 1983.333984375
966.2595825195312, 949.3709106445312, 1983.333984375
974.4902954101562, 962.75244140625, 1724.5390625
982.7296752929688, 976.0238647460938, 915.756591796875
990.9771118164062, 989.1837158203125, 540.1652221679688
999.2320556640625, 1002.2252197265625, -351.697021484375
1007.4939575195312, 1013.7850341796875, -536.7904663085938
1015.7622680664062, 1017.9227294921875, -239.7876739501953
1024.036376953125, 1018.5125732421875, -101.81525421142578
1032.315673828125, 1014.1327514648438, 531.728759765625
1040.599609375, 1011.1156005859375, 1983.333984375
1048.8876953125, 1016.387939453125, 1983.333984375
1057.1793212890625, 1029.1990966796875, 1983.333984375
1065.473876953125, 1041.900390625, 1983.333984375
1073.770751953125, 1054.49169921875, 1983.333984375
1082.069580078125, 1066.9732666015625, 1983.333984375
1090.3695068359375, 1079.3463134765625, 1756.836669921875
1098.670166015625, 1091.617919921875, 1099.2196044921875
1106.9708251953125, 1103.7811279296875, 986.408935546875
1115.2711181640625, 1115.8443603515625, 460.3965148925781
1123.5703125, 1127.805908203125, -446.7587890625
1131.867919921875, 1139.6591796875, -798.5671997070312
1140.1632080078125, 1151.412353515625, -1528.51611328125
1148.455810546875, 1161.689697265625, -2449.073486328125
1156.7451171875, 1163.765869140625, -2612.43017578125
1165.030517578125, 1159.385986328125, -1318.0865478515625
1173.311279296875, 1155.0062255859375, 470.235107421875
1181.587158203125, 1150.6260986328125, 1983.333984375
1189.857421875, 1147.5714111328125, 1983.333984375
1198.121337890625, 1152.444091796875, 1983.333984375
1206.378662109375, 1164.0870361328125, 1983.333984375
1214.6285400390625, 1175.6298828125, 1983.333984375
1222.87060546875, 1187.0731201171875, 1983.333984375
1231.1041259765625, 1198.41796875, 1983.333984375
1239.32861328125, 1209.6715087890625, 1983.333984375
1247.5435791015625, 1220.82470703125, 1983.333984375
1255.748291015625, 1231.8797607421875, 1983.333984375
1263.9423828125, 1242.8446044921875, 1983.333984375
1272.1251220703125, 1253.7178955078125, 1983.333984375
1280.2958984375, 1264.49267578125, 1983.333984375
1288.454345703125, 1275.177734375, 1983.333984375
1296.599853515625, 1285.7725830078125, 1936.6064453125
1304.7318115234375, 1296.2774658203125, 1630.93359375
1312.849609375, 1306.6925048828125, 1087.836669921875
1320.9527587890625, 1317.0174560546875, 327.73248291015625
1329.0406494140625, 1327.2523193359375, 312.031005859375
1337.11279296875, 1337.3970947265625, 69.83477020263672
1345.1685791015625, 1346.0697021484375, -222.31520080566406
1353.20751953125, 1347.8583984375, 217.2952880859375
1361.2288818359375, 1349.3446044921875, 442.2786865234375
1369.232421875, 1349.67529296875, 1534.512939453125
1377.21728515625, 1352.817138671875, 1983.333984375
1385.18310546875, 1362.7435302734375, 1983.333984375
1393.1292724609375, 1372.5882568359375, 1983.333984375
1401.0552978515625, 1382.3446044921875, 1983.333984375
1408.96044921875, 1392.021240234375, 1983.333984375
1416.8443603515625, 1401.4437255859375, 1983.333984375
1424.70654296875, 1409.9031982421875, 1983.333984375
1432.5462646484375, 1418.163330078125, 1983.333984375
1440.363037109375, 1426.4234619140625, 1983.333984375
1448.1563720703125, 1434.68359375, 1983.333984375
1455.92578125, 1442.9437255859375, 1983.333984375
1463.670654296875, 1451.2037353515625, 1983.333984375
1471.390380859375, 1459.4638671875, 1983.333984375
1479.0845947265625, 1467.723876953125, 1983.333984375
1486.752685546875, 1475.984130859375, 1983.333984375
1494.39404296875, 1484.244140625, 1983.333984375
1502.00830078125, 1492.5042724609375, 1983.333984375
1509.594970703125, 1500.7647705078125, 1973.4482421875
1517.1531982421875, 1509.02490234375, 1883.75390625
1524.682861328125, 1517.2850341796875, 1714.97216796875
1532.1832275390625, 1525.545166015625, 1467.7183837890625
1539.6536865234375, 1533.8052978515625, 1142.4798583984375
1547.093994140625, 1542.0654296875, 739.7046508789062
1554.50341796875, 1550.3255615234375, 259.7350158691406
1561.881591796875, 1558.585693359375, 644.93798828125
1569.2279052734375, 1566.8458251953125, 906.324951171875
1576.5418701171875, 1573.70361328125, 264.79486083984375
1583.822998046875, 1573.703857421875, 488.7007751464844
1591.07080078125, 1575.1068115234375, 1370.365234375
1598.2847900390625, 1583.3668212890625, 1983.333984375
1605.4644775390625, 1591.6268310546875, 1983.333984375
1612.6092529296875, 1599.886962890625, 1983.333984375
1619.71875, 1608.14697265625, 1983.333984375
1626.7923583984375, 1616.407470703125, 1983.333984375
1633.829833984375, 1624.6676025390625, 1983.333984375
1640.8304443359375, 1632.9278564453125, 1867.774658203125
1647.793701171875, 1641.18798828125, 1609.5977783203125
1654.7193603515625, 1649.4481201171875, 1211.6312255859375
1661.606689453125, 1657.7081298828125, 676.49169921875
1668.455322265625, 1665.9683837890625, 948.6928100585938
1675.264892578125, 1674.228515625, 1041.2713623046875
1682.0347900390625, 1681.082275390625, 1119.651123046875
1688.7645263671875, 1681.08251953125, 1022.2827758789062
1695.4537353515625, 1681.0826416015625, 1695.3709716796875
1702.1019287109375, 1682.4898681640625, 1983.333984375
1708.7086181640625, 1690.7498779296875, 1983.333984375
1715.2733154296875, 1699.0098876953125, 1983.333984375
1721.795654296875, 1707.27001953125, 1983.333984375
1728.275146484375, 1715.5301513671875, 1983.333984375
1734.71142578125, 1723.790283203125, 1983.333984375
1741.1038818359375, 1732.0504150390625, 1983.333984375
1747.4521484375, 1740.3106689453125, 1781.0732421875
1753.755859375, 1748.5706787109375, 1365.0609130859375
1760.0145263671875, 1756.830810546875, 740.8153686523438
1766.2276611328125, 1765.0909423828125, 855.6209106445312
1772.39501953125, 1773.3511962890625, 725.2023315429688
1778.515869140625, 1780.201171875, 517.9002685546875
1784.590087890625, 1780.2012939453125, 1016.1956787109375
1790.6171875, 1780.201416015625, 1237.304443359375
1796.5965576171875, 1780.2015380859375, 1983.333984375
1802.5279541015625, 1781.61279296875, 1983.333984375
1808.4110107421875, 1789.872802734375, 1983.333984375
1814.2452392578125, 1798.1328125, 1983.333984375
1820.0302734375, 1806.3929443359375, 1983.333984375
1825.765625, 1814.653076171875, 1983.333984375
1831.4510498046875, 1822.9132080078125, 1941.204345703125
1837.0860595703125, 1831.17333984375, 1600.7716064453125
1842.670166015625, 1839.43359375, 971.1250610351562
1848.2032470703125, 1847.69384765625, 1002.9695434570312
1853.6846923828125, 1855.9539794921875, 715.2372436523438
1859.1142578125, 1864.2139892578125, 117.99742889404297
1864.491455078125, 1872.47412109375, -281.4958190917969
1869.8160400390625, 1879.3201904296875, -835.1019287109375
1875.087646484375, 1878.5701904296875, -671.802734375
1880.3056640625, 1874.1903076171875, 84.01092529296875
1885.4700927734375, 1869.8101806640625, 952.3104858398438
1890.580322265625, 1866.1807861328125, 1983.333984375
1895.6361083984375, 1867.596435546875, 1983.333984375
1900.636962890625, 1875.8563232421875, 1983.333984375
1905.582763671875, 1884.1163330078125, 1983.333984375
1910.4730224609375, 1892.37646484375, 1983.333984375
1915.3074951171875, 1900.6365966796875, 1983.333984375
1920.085693359375, 1908.896728515625, 1983.333984375
1924.8074951171875, 1917.1568603515625, 1840.0711669921875
1929.4722900390625, 1925.4169921875, 1292.523681640625
1934.080078125, 1933.6773681640625, 354.36749267578125
1938.63037109375, 1941.9375, -19.349407196044922
1943.1229248046875, 1950.1976318359375, -307.74078369140625
1947.5572509765625, 1958.4576416015625, -1019.5227661132812
1951.933349609375, 1965.29931640625, -1977.8377685546875
1956.2506103515625, 1964.5469970703125, -2307.982666015625
1960.5089111328125, 1960.1671142578125, -1632.9637451171875
1964.7078857421875, 1955.787109375, -9.84279727935791
1968.847412109375, 1951.4071044921875, 1067.245849609375
1972.9268798828125, 1947.0269775390625, 1983.333984375
1976.9464111328125, 1944.8201904296875, 1983.333984375
1980.9053955078125, 1953.080078125, 1983.333984375
1984.8037109375, 1961.3402099609375, 1983.333984375
1988.6409912109375, 1969.6002197265625, 1983.333984375
1992.4171142578125, 1977.8603515625, 1983.333984375
1996.1317138671875, 1986.1204833984375, 1983.333984375
1999.7845458984375, 1994.3807373046875, 1583.2496337890625
2003.37548828125, 2002.640869140625, 668.8226318359375
2006.904052734375, 2010.901123046875, 200.71456909179688
2010.3702392578125, 2019.1612548828125, -294.81298828125
2013.773681640625, 2027.4215087890625, -1321.3841552734375
2017.1141357421875, 2035.6817626953125, -2859.641357421875
2020.391357421875, 2042.5186767578125, -1902.1041259765625
2023.605224609375, 2041.7640380859375, -3364.42578125
2026.7554931640625, 2033.111083984375, -3402.78759765625
2029.841796875, 2008.214111328125, -236.697509765625
2032.864013671875, 2003.8341064453125, 1983.333984375
2035.822021484375, 1999.4541015625, 1983.333984375
2038.715576171875, 1997.2542724609375, 1983.333984375
2041.54443359375, 2005.51416015625, 1983.333984375
2044.3084716796875, 2013.7742919921875, 1983.333984375
2047.00732421875, 2022.034423828125, 1983.333984375
2049.640869140625, 2030.2945556640625, 1983.333984375
2052.209228515625, 2038.5546875, 1983.333984375
2054.7119140625, 2046.81494140625, 1868.80859375
2057.148681640625, 2055.074951171875, 1093.556640625
2059.51953125, 2063.3349609375, 625.1817626953125
2061.82421875, 2071.59521484375, -3.5434813499450684
2064.062744140625, 2079.85546875, -1289.9456787109375
2066.23486328125, 2088.115966796875, -3208.768798828125
2068.34033203125, 2094.9482421875, -2746.31396484375
2070.379150390625, 2094.19091796875, -1986.9434814453125
2072.35107421875, 2085.524169921875, -2874.19921875
2074.255859375, 2056.353759765625, -160.71142578125
2076.09375, 2031.471435546875, 1983.333984375
2077.8642578125, 2027.0914306640625, 1983.333984375
2079.5673828125, 2024.898681640625, 1983.333984375
2081.203125, 2033.158447265625, 1983.333984375
2082.77099609375, 2041.41845703125, 1983.333984375
2084.271484375, 2049.6787109375, 1983.333984375
2085.703857421875, 2057.938720703125, 1983.333984375
2087.068603515625, 2066.19873046875, 1983.333984375
2088.365234375, 2074.458984375, 1983.333984375
2089.593505859375, 2082.718994140625, 1752.2381591796875
2090.75390625, 2090.979248046875, 720.195556640625
2091.845947265625, 2099.239501953125, -138.51422119140625
2092.86962890625, 2107.49951171875, -1284.636962890625
2093.824951171875, 2115.759765625, -3209.425537109375
2094.711669921875, 2122.587890625, -2891.6455078125
