955.4215087890625, 949.1760864257812, -234.83627319335938
971.9888916015625, 956.6161499023438, 74.36312866210938
988.470703125, 959.7200317382812, 1747.578369140625
996.96630859375, 972.1415405273438, 1570.0738525390625
1013.4929809570312, 985.34228515625, 1983.333984375
1021.7655029296875, 998.4306030273438, 1983.333984375
1030.2869873046875, 1011.7216796875, 1983.333984375
1038.56982421875, 1037.338134765625, 507.4493713378906
1055.1478271484375, 1049.9808349609375, 583.3389892578125
1063.441650390625, 1062.5130615234375, 184.43553161621094
1071.738037109375, 1087.2645263671875, -209.4593963623047
1088.336181640625, 1099.4827880859375, -945.287109375
1096.7586669921875, 1111.68017578125, -2068.009765625
1105.1815185546875, 1120.0087890625, -2305.275146484375
1121.7813720703125, 1115.6282958984375, -967.598876953125
1130.079345703125, 1111.2469482421875, 790.767822265625
1138.4971923828125, 1106.8448486328125, 1983.333984375
1146.7904052734375, 1114.204345703125, 1983.333984375
1163.4884033203125, 1126.1837158203125, 1983.333984375
1171.7701416015625, 1149.83984375, 1810.7733154296875
1188.318359375, 1161.5218505859375, 1983.333984375
1196.8265380859375, 1173.3155517578125, 1983.333984375
1205.0848388671875, 1196.216064453125, 1104.4329833984375
1221.700439453125, 1207.4921875, 1412.71240234375
1229.9351806640625, 1218.6820068359375, 1359.1007080078125
1238.281982421875, 1240.807861328125, 849.6279907226562
1254.8248291015625, 1251.7474365234375, 881.8453369140625
1263.02001953125, 1260.798583984375, 684.5274658203125
1279.616455078125, 1263.3582763671875, 1302.7222900390625
1287.7760009765625, 1272.849365234375, 882.9909057617188
1304.0556640625, 1283.4678955078125, 1971.963623046875
1312.2939453125, 1294.035888671875, 1983.333984375
1320.5172119140625, 1304.52685546875, 1983.333984375
1328.7247314453125, 1325.22412109375, 926.898681640625
1344.85400390625, 1335.3963623046875, 825.0510864257812
1352.8935546875, 1345.4830322265625, 491.33251953125
1361.0335693359375, 1365.44775390625, 38.027469635009766
1377.0228271484375, 1375.2735595703125, 76.41126251220703
1385.1060791015625, 1385.061279296875, -69.4043960571289
1393.052490234375, 1391.317626953125, -119.00298309326172
1409.1162109375, 1392.3736572265625, 693.1451416015625
1417.115478515625, 1392.9166259765625, 1983.333984375
1425.09228515625, 1398.93896484375, 1983.333984375
1432.930908203125, 1407.646484375, 1983.333984375
1440.74658203125, 1415.9329833984375, 1983.333984375
1448.5386962890625, 1424.2005615234375, 1983.333984375
1456.4210205078125, 1432.4920654296875, 1983.333984375
1464.2779541015625, 1440.8304443359375, 1983.333984375
1472.1090087890625, 1449.1195068359375, 1983.333984375
1479.80078125, 1457.38720703125, 1983.333984375
1487.4664306640625, 1465.666015625, 1983.333984375
1495.217529296875, 1473.968505859375, 1983.333984375
1502.8287353515625, 1482.236328125, 1983.333984375
1510.523681640625, 1490.5277099609375, 1983.333984375
1518.1893310546875, 1498.91064453125, 1983.333984375
1525.825439453125, 1507.239990234375, 1983.333984375
1533.3212890625, 1515.508544921875, 1983.333984375
1540.7872314453125, 1523.7764892578125, 1983.333984375
1548.2227783203125, 1532.0443115234375, 1983.333984375
1555.6275634765625, 1540.3289794921875, 1983.333984375
1563.0008544921875, 1548.59716796875, 1983.333984375
1570.4500732421875, 1556.9044189453125, 1983.333984375
1577.758544921875, 1565.1724853515625, 1983.333984375
1585.1409912109375, 1573.50244140625, 1983.333984375
1592.3826904296875, 1581.79052734375, 1983.333984375
1599.6961669921875, 1590.1011962890625, 1983.333984375
1606.9742431640625, 1598.404541015625, 1929.6429443359375
1614.21630859375, 1606.7003173828125, 1759.8314208984375
1621.4219970703125, 1615.0987548828125, 1464.0235595703125
1628.590576171875, 1623.4453125, 1059.0018310546875
1635.61865234375, 1631.71435546875, 532.2342529296875
1642.6097412109375, 1639.982666015625, 827.7423706054688
1649.5635986328125, 1648.25146484375, 958.0118408203125
1656.4793701171875, 1650.2833251953125, 698.7033081054688
1663.35693359375, 1650.2835693359375, 1239.5189208984375
1670.1956787109375, 1656.5352783203125, 1820.46435546875
1676.9951171875, 1664.802734375, 1983.333984375
1683.85400390625, 1673.1102294921875, 1983.333984375
1690.5728759765625, 1681.377685546875, 1983.333984375
1697.44677734375, 1689.8140869140625, 1837.2769775390625
1704.0826416015625, 1698.08154296875, 1501.565673828125
1710.7734375, 1706.387939453125, 1008.0214233398438
1717.324951171875, 1714.655517578125, 342.78369140625
1723.8338623046875, 1722.9227294921875, 451.6871337890625
1730.2998046875, 1731.1898193359375, 349.0373229980469
1736.722412109375, 1739.4718017578125, 38.76192855834961
1743.10107421875, 1747.7391357421875, -464.7210693359375
1749.5281982421875, 1749.402099609375, -405.11956787109375
1755.817138671875, 1749.40234375, 349.7171325683594
1762.243896484375, 1749.40234375, 881.857177734375
1768.440673828125, 1749.4024658203125, 1983.333984375
1774.5914306640625, 1756.281005859375, 1983.333984375
1780.6956787109375, 1764.54736328125, 1983.333984375
1786.7530517578125, 1772.8138427734375, 1983.333984375
1792.85107421875, 1781.21337890625, 1983.333984375
1798.8126220703125, 1789.47998046875, 1983.333984375
1804.72607421875, 1797.7462158203125, 1762.9814453125
1810.591064453125, 1806.01220703125, 1278.873046875
1816.406982421875, 1814.27783203125, 538.6361694335938
1822.1734619140625, 1822.556884765625, 489.9800720214844
1827.8902587890625, 1830.8221435546875, 152.1207733154297
1833.5570068359375, 1839.0875244140625, -457.3584289550781
1839.2552490234375, 1847.4066162109375, -847.3353881835938
1844.8197021484375, 1848.52099609375, -708.431884765625
1850.332763671875, 1844.7105712890625, -16.83565330505371
1855.8741455078125, 1840.2982177734375, 820.7905883789062
1861.36181640625, 1839.7613525390625, 1983.333984375
1866.8739013671875, 1847.297119140625, 1983.333984375
1872.1748046875, 1855.563232421875, 1983.333984375
1877.422607421875, 1863.829345703125, 1983.333984375
1882.61669921875, 1872.0953369140625, 1983.333984375
1887.7569580078125, 1880.361572265625, 1810.858642578125
1892.8428955078125, 1888.64208984375, 1274.15966796875
1897.9478759765625, 1896.9576416015625, 404.1482238769531
1902.9234619140625, 1905.2239990234375, 146.6473388671875
1907.91552734375, 1913.5150146484375, -479.0093078613281
1912.779296875, 1921.785400390625, -965.4183349609375
1917.5870361328125, 1930.0517578125, -1823.3076171875
1922.3385009765625, 1938.328369140625, -2990.037353515625
1927.17041015625, 1938.880126953125, -833.9116821289062
1931.8065185546875, 1934.695068359375, -602.2579956054688
1936.38525390625, 1906.603271484375, 1867.1790771484375
1940.9725341796875, 1901.115478515625, 1983.333984375
1945.434814453125, 1908.90771484375, 1983.333984375
1949.8389892578125, 1917.1741943359375, 1983.333984375
1954.1844482421875, 1925.4405517578125, 1983.333984375
1958.53369140625, 1933.7470703125, 1983.333984375
1962.7603759765625, 1942.0323486328125, 1983.333984375
1966.9884033203125, 1950.33935546875, 1983.333984375
1971.0950927734375, 1958.6063232421875, 1983.333984375
1975.20068359375, 1966.9072265625, 1900.2342529296875
1979.2442626953125, 1975.198974609375, 1342.1866455078125
1983.2254638671875, 1983.4964599609375, 325.1142883300781
1987.0875244140625, 1991.783935546875, -190.74644470214844
1990.99951171875, 2000.201416015625, -713.3209228515625
1994.7373046875, 2008.3292236328125, -1712.1629638671875
1998.41357421875, 2008.2513427734375, -2231.32763671875
2002.02783203125, 2003.867431640625, -1806.4263916015625
2005.6317138671875, 1999.4698486328125, -489.7389221191406
2009.12060546875, 1995.0799560546875, 1141.4183349609375
2012.5966796875, 1990.681396484375, 1983.333984375
2016.008056640625, 1986.429931640625, 1983.333984375
2019.3543701171875, 1986.7442626953125, 1983.333984375
2022.6356201171875, 1995.0458984375, 1983.333984375
2025.851318359375, 2003.405517578125, 1983.333984375
2028.9561767578125, 2011.673583984375, 1983.333984375
2031.9969482421875, 2019.941650390625, 1983.333984375
2035.016845703125, 2028.3302001953125, 1730.6676025390625
2037.9281005859375, 2036.598388671875, 877.6049194335938
2040.774658203125, 2044.8665771484375, 395.2790222167969
2043.596923828125, 2053.216552734375, -204.18052673339844
2046.312744140625, 2061.484619140625, -1409.077392578125
2048.96337890625, 2069.7529296875, -3196.599853515625
2051.548583984375, 2078.030029296875, -2676.320556640625
2054.104736328125, 2085.548583984375, -2793.52783203125
2056.557861328125, 2082.399169921875, -2263.625
2058.94482421875, 2053.201416015625, -971.773193359375
2061.265869140625, 2024.00390625, 1983.333984375
2063.5205078125, 1997.554443359375, 1983.333984375
2065.708984375, 1994.5828857421875, 1983.333984375
2067.89208984375, 2003.047119140625, 1983.333984375
2069.9453125, 2011.3148193359375, 1983.333984375
2071.931640625, 2019.5823974609375, 1983.333984375
2073.85107421875, 2027.849853515625, 1983.333984375
2075.72998046875, 2036.15966796875, 1983.333984375
2077.513916015625, 2044.4271240234375, 1983.333984375
2079.230712890625, 2052.711669921875, 1983.333984375
2080.903564453125, 2061.008544921875, 1983.333984375
2082.484375, 2069.276123046875, 1983.333984375
2084.01904296875, 2077.569580078125, 1703.760009765625
2085.463134765625, 2085.853515625, 655.7123413085938
2086.859130859375, 2094.159423828125, -188.96006774902344
2088.16650390625, 2102.4365234375, -1245.1949462890625
2089.44091796875, 2109.298583984375, -2901.485107421875
2090.626708984375, 2108.42236328125, -1445.27099609375
2091.726318359375, 2104.0380859375, -2260.47509765625
2092.7578125, 2094.646484375, -1842.0263671875
2093.720703125, 2070.480224609375, 933.5735473632812
2094.615234375, 2066.087158203125, 1983.333984375
2095.452880859375, 2062.609130859375, 1983.333984375
2096.219970703125, 2064.37939453125, 1983.333984375
2096.916259765625, 2072.675048828125, 1983.333984375
2097.533203125, 2080.943115234375, 1983.333984375
2098.089111328125, 2089.288818359375, 1957.9638671875
2098.57421875, 2097.6337890625, 1049.249755859375
2098.98291015625, 2105.90283203125, 239.63726806640625
2099.3271484375, 2114.265625, -960.51513671875
2099.59716796875, 2122.534423828125, -3016.040771484375
2099.79833984375, 2130.802978515625, -3065.80029296875
2099.9306640625, 2139.0712890625, -4044.183837890625
2099.993896484375, 2147.339599609375, -5912.6396484375
2099.98828125, 2155.61328125, -7000.0
2099.913818359375, 2161.72802734375, -7000.0
2099.76806640625, 2153.906982421875, -7000.0
2099.551025390625, 2124.3173828125, -6136.52490234375
2099.267822265625, 2095.11669921875, -2006.759033203125
2098.916015625, 2065.916748046875, 951.8306274414062
2098.4951171875, 2036.6715087890625, 1983.333984375
2097.997802734375, 2018.2823486328125, 1983.333984375
2097.4296875, 2026.66552734375, 1983.333984375
2096.800537109375, 2034.9342041015625, 1983.333984375
2096.102783203125, 2051.4716796875, 1983.333984375
2094.488525390625, 2059.7763671875, 1983.333984375
2093.583740234375, 2068.045166015625, 1983.333984375
2092.595947265625, 2076.39306640625, 1983.333984375
2091.5537109375, 2084.662353515625, 1754.3614501953125
2090.44287109375, 2092.93359375, 466.9169921875
2089.24609375, 2101.270751953125, -391.533935546875
2087.97900390625, 2114.99853515625, -1407.960205078125
2085.276611328125, 2113.461669921875, -1169.0130615234375
2083.801513671875, 2109.0146484375, -3474.525634765625
2082.27978515625, 2095.52294921875, -1468.58447265625
2080.690185546875, 2061.90869140625, -308.10382080078125
2077.308349609375, 2032.706787109375, 1983.333984375
2075.5166015625, 2014.3497314453125, 1983.333984375
2073.657470703125, 2017.429443359375, 1983.333984375
2071.673583984375, 2034.1356201171875, 1983.333984375
2067.616455078125, 2042.4041748046875, 1983.333984375
2065.48779296875, 2058.94189453125, 1326.05712890625
2060.997314453125, 2067.27392578125, 574.9970092773438
2058.6337890625, 2083.88427734375, -388.6226501464844
2053.7763671875, 2092.153076171875, -1413.6324462890625
2051.2490234375, 2108.77099609375, -1274.2593994140625
2045.958251953125, 2113.468505859375, -5589.0966796875
2043.23388671875, 2100.826171875, -7000.0
2040.4444580078125, 2042.3184814453125, -3419.5458984375
2034.584716796875, 2013.0277099609375, -296.2715148925781
2031.55517578125, 1983.7501220703125, 1983.333984375
2028.5050048828125, 1965.6495361328125, 1983.333984375
2025.3907470703125, 1975.3726806640625, 1983.333984375
2018.826904296875, 1983.87939453125, 1983.333984375
2015.519287109375, 2000.4168701171875, 1818.3818359375
2008.7149658203125, 2008.6845703125, 811.7312622070312
2005.1669921875, 2017.059326171875, -68.82299041748047
2001.6075439453125, 2033.5941162109375, -1385.8189697265625
1994.302490234375, 2041.86083984375, -3411.990478515625
1990.5574951171875, 2050.126708984375, -6711.447265625
1986.7510986328125, 2062.358642578125, -7000.0
1978.9552001953125, 2047.1585693359375, -7000.0
1974.96630859375, 1988.702880859375, -4099.86474609375
1966.807861328125, 1959.5159912109375, -2551.736572265625
1962.5771484375, 1929.9893798828125, 386.4482116699219
1958.347900390625, 1909.7696533203125, 1983.333984375
1949.7122802734375, 1912.20751953125, 1983.333984375
1945.3065185546875, 1920.471435546875, 1983.333984375
1940.7763671875, 1937.0804443359375, 1163.9051513671875
1931.6053466796875, 1945.3448486328125, -443.7680358886719
1926.966796875, 1953.6282958984375, -2952.10009765625
1922.271240234375, 1970.3582763671875, -2180.420654296875
1912.5682373046875, 1978.623046875, -6284.02099609375
1907.7020263671875, 1995.15234375, -7000.0
1897.8031005859375, 2003.41796875, -7000.0
1892.696533203125, 1989.36328125, -7000.0
1882.4671630859375, 1960.1776123046875, -7000.0
1877.271484375, 1930.991943359375, -7000.0
1872.022216796875, 1901.7542724609375, -6656.71875
1866.641357421875, 1872.349853515625, -3630.311279296875
1861.2852783203125, 1843.1641845703125, -854.359619140625
1855.876708984375, 1813.9783935546875, 1983.333984375
1850.254638671875, 1799.916748046875, 1983.333984375
1844.7408447265625, 1803.5211181640625, 1983.333984375
1839.1756591796875, 1811.7857666015625, 1983.333984375
1833.4766845703125, 1820.0880126953125, 1983.333984375
1827.809326171875, 1828.352783203125, 903.2576293945312
1822.00732421875, 1836.6708984375, -299.7875671386719
1816.2393798828125, 1844.935791015625, -3001.398681640625
1810.3360595703125, 1853.24169921875, -4415.126953125
1804.468994140625, 1861.5067138671875, -7000.0
1798.4661865234375, 1869.866455078125, -7000.0
1792.501708984375, 1878.1319580078125, -7000.0
1786.40087890625, 1886.452880859375, -7000.0
1780.2513427734375, 1894.7647705078125, -7000.0
1774.053466796875, 1897.42041015625, -7000.0
1767.898681640625, 1877.2255859375, -7000.0
1761.6978759765625, 1848.03662109375, -7000.0
1755.451416015625, 1818.847900390625, -7000.0
1749.159912109375, 1789.659912109375, -7000.0
1742.8236083984375, 1760.4720458984375, -5323.36669921875
1736.4429931640625, 1731.275634765625, -1128.342529296875
1729.9237060546875, 1701.9925537109375, 1158.4403076171875
1723.35986328125, 1672.687744140625, 1983.333984375
1716.655517578125, 1670.1075439453125, 1983.333984375
1710.0997314453125, 1678.373046875, 1983.333984375
1703.5018310546875, 1686.6383056640625, 1983.333984375
1696.8624267578125, 1694.9031982421875, 1184.980712890625
1690.0833740234375, 1703.234619140625, -357.12054443359375
1683.361572265625, 1711.4998779296875, -3039.52783203125
1676.5994873046875, 1719.76513671875, -4481.6376953125
1669.7977294921875, 1728.0303955078125, -7000.0
1662.956787109375, 1736.311279296875, -7000.0
1655.9754638671875, 1744.61279296875, -7000.0
1648.954833984375, 1752.9541015625, -7000.0
1641.9976806640625, 1761.219482421875, -7000.0
1635.0032958984375, 1763.181884765625, -7000.0
1627.868408203125, 1740.786376953125, -7000.0
1620.696044921875, 1711.50244140625, -7000.0
1613.4866943359375, 1682.1273193359375, -7000.0
1606.34619140625, 1652.9373779296875, -7000.0
1599.1707763671875, 1623.7171630859375, -6033.65380859375
1591.7484130859375, 1593.875732421875, -2629.620361328125
1584.5037841796875, 1564.6824951171875, -207.7452392578125
1577.2257080078125, 1535.4622802734375, 1983.333984375
1569.914794921875, 1529.825439453125, 1983.333984375
1562.571533203125, 1536.5010986328125, 1983.333984375
1555.1964111328125, 1544.7669677734375, 1983.333984375
1547.6806640625, 1553.120361328125, 341.236572265625
1540.2427978515625, 1561.3865966796875, -1541.3912353515625
1532.66455078125, 1569.70703125, -2358.201416015625
1525.1661376953125, 1577.9827880859375, -4852.158203125
1517.5274658203125, 1586.302978515625, -7000.0
1509.9705810546875, 1594.569580078125, -7000.0
1502.273681640625, 1602.9315185546875, -7000.0
1494.5482177734375, 1611.2220458984375, -7000.0
1486.9073486328125, 1619.48876953125, -7000.0
1479.23974609375, 1627.7554931640625, -7000.0
1471.4327392578125, 1628.943603515625, -7000.0
1463.4857177734375, 1602.96142578125, -7000.0
1455.740234375, 1573.7659912109375, -7000.0
1447.9703369140625, 1544.57177734375, -7000.0
1440.1763916015625, 1515.3787841796875, -7000.0
1432.3590087890625, 1486.185546875, -7000.0
1424.5186767578125, 1456.9622802734375, -7000.0
1416.6561279296875, 1427.7701416015625, -4576.49853515625
1408.7716064453125, 1398.578125, -2661.9404296875
1400.865966796875, 1369.38623046875, 808.6022338867188
1392.7060546875, 1362.390625, 1983.333984375
1384.7587890625, 1363.56640625, 1983.333984375
1376.7919921875, 1372.753173828125, 1245.733154296875
1368.8060302734375, 1382.5162353515625, -534.7151489257812
1360.8016357421875, 1392.19921875, -3582.4169921875
1352.779296875, 1401.6767578125, -5654.29345703125
1344.7393798828125, 1410.0482177734375, -7000.0
1336.6827392578125, 1418.3282470703125, -7000.0
1328.4908447265625, 1426.67236328125, -7000.0
1320.4019775390625, 1434.938720703125, -7000.0
1312.178466796875, 1443.23779296875, -7000.0
1303.8204345703125, 1451.658203125, -7000.0
1295.68701171875, 1459.9246826171875, -7000.0
1287.420166015625, 1468.221923828125, -7000.0
1279.2601318359375, 1468.466064453125, -7000.0
1271.087646484375, 1440.1116943359375, -7000.0
1262.903564453125, 1410.8460693359375, -7000.0
1254.7081298828125, 1381.5892333984375, -7000.0
1246.3812255859375, 1352.2664794921875, -7000.0
1238.0440673828125, 1322.9564208984375, -7000.0
1229.697021484375, 1293.619384765625, -7000.0
1221.3408203125, 1264.005615234375, -7000.0
1213.0972900390625, 1234.8115234375, -5790.23583984375
1204.845947265625, 1205.61865234375, -2244.34765625
1196.58740234375, 1176.42578125, -209.31130981445312
1188.20068359375, 1146.9884033203125, 1983.333984375
1179.564208984375, 1118.531494140625, 1983.333984375
1171.287109375, 1120.7784423828125, 1983.333984375
1163.005126953125, 1132.7003173828125, 1983.333984375
1154.71875, 1144.5213623046875, 1727.0498046875
1146.4285888671875, 1156.241943359375, 146.7377471923828
1138.13525390625, 1167.861572265625, -2744.44970703125
1129.8392333984375, 1179.3807373046875, -4932.58935546875
1121.541259765625, 1190.79931640625, -7000.0
1113.24169921875, 1202.1182861328125, -7000.0
1104.9412841796875, 1213.3458251953125, -7000.0
1096.5185546875, 1224.5775146484375, -7000.0
1088.218017578125, 1235.60498046875, -7000.0
1079.9183349609375, 1246.542236328125, -7000.0
1071.3759765625, 1256.81396484375, -7000.0
1063.07958984375, 1256.3359375, -7000.0
1054.785888671875, 1227.155029296875, -7000.0
1046.4952392578125, 1197.975341796875, -7000.0
1038.208251953125, 1168.7955322265625, -7000.0
1029.925537109375, 1139.61572265625, -7000.0
1021.647705078125, 1110.429443359375, -7000.0
1013.253662109375, 1080.74755859375, -7000.0
1004.9872436523438, 1051.56689453125, -7000.0
996.7273559570312, 1022.38623046875, -6242.13525390625
988.474609375, 993.1892700195312, -3125.2021484375
980.2295532226562, 963.9675903320312, -589.6809692382812
971.9927368164062, 934.7481079101562, 1983.333984375
963.6438598632812, 908.50390625, 1983.333984375
955.4254150390625, 906.6087036132812, 1983.333984375
947.2169189453125, 920.3665771484375, 1983.333984375
939.0189208984375, 934.0046997070312, 919.2097778320312
930.7117309570312, 947.60595703125, -542.348388671875
922.5366821289062, 961.0389404296875, -1577.561279296875
914.3738403320312, 974.34765625, -4919.1787109375
906.1040649414062, 987.7048950195312, -7000.0
897.9675903320312, 1000.7627563476562, -7000.0
889.7257080078125, 1013.8171997070312, -7000.0
881.6178588867188, 1026.6539306640625, -7000.0
873.4061279296875, 1039.4212646484375, -7000.0
865.3291625976562, 1052.0712890625, -7000.0
857.1499633789062, 1063.1644287109375, -7000.0
849.1061401367188, 1060.8875732421875, -7000.0
841.07958984375, 1031.703857421875, -7000.0
833.0708618164062, 1002.5200805664062, -7000.0
824.9631958007812, 973.2431640625, -7000.0
816.9921264648438, 944.0594482421875, -7000.0
808.9237670898438, 914.485107421875, -7000.0
800.9924926757812, 885.3004150390625, -7000.0
793.0818481445312, 856.1168212890625, -7000.0
785.0765380859375, 826.7483520507812, -7000.0
777.093505859375, 797.3908081054688, -5628.58203125
769.2485961914062, 768.1956787109375, -1882.2166748046875
761.426513671875, 738.9585571289062, -32.695213317871094
753.51318359375, 709.3514404296875, 1983.333984375
745.7386474609375, 689.1422729492188, 1983.333984375
737.988525390625, 698.3814697265625, 1983.333984375
730.2633056640625, 713.93408203125, 1983.333984375
722.5635375976562, 729.3803100585938, 327.0565185546875
714.7771606445312, 744.7959594726562, -2606.8857421875
707.13037109375, 759.9403076171875, -5088.9931640625
699.3988037109375, 775.0419921875, -7000.0
691.6956176757812, 790.06689453125, -7000.0
684.1324462890625, 804.82958984375, -7000.0
676.5979614257812, 819.4614868164062, -7000.0
668.982421875, 834.02978515625, -7000.0
661.3975219726562, 848.4566650390625, -7000.0
653.8436889648438, 862.869140625, -7000.0
646.4302978515625, 874.5409545898438, -7000.0
639.0482177734375, 869.8464965820312, -7000.0
631.5900268554688, 840.529052734375, -7000.0
624.2723999023438, 811.3123168945312, -7000.0
616.987548828125, 782.1021118164062, -7000.0
609.629638671875, 752.8054809570312, -7000.0
602.412353515625, 723.5391235351562, -7000.0
595.1239624023438, 664.9551391601562, -7000.0
580.759521484375, 635.4015502929688, -7000.0
573.6834106445312, 606.2118530273438, -6974.08740234375
566.5403442382812, 576.9293212890625, -4452.20263671875
559.43505859375, 518.0829467773438, -1354.07861328125
545.5432739257812, 488.8948059082031, 1983.333984375
538.6544189453125, 468.701416015625, 1983.333984375
531.8043212890625, 472.283203125, 1983.333984375
524.9932861328125, 507.1329345703125, 942.3211059570312
511.39190673828125, 524.495849609375, -85.37654876708984
504.7017517089844, 541.5330810546875, -951.1573486328125
498.0526428222656, 575.2515869140625, -1922.4381103515625
484.686767578125, 591.9276733398438, -7000.0
478.069091796875, 608.615234375, -7000.0
471.49554443359375, 641.2026977539062, -7000.0
458.6699523925781, 657.2406616210938, -7000.0
452.3232116699219, 669.7517700195312, -7000.0
446.0211181640625, 662.0767211914062, -7000.0
439.7640686035156, 603.3080444335938, -7000.0
427.20623779296875, 573.9314575195312, -7000.0
421.08831787109375, 515.2346801757812, -7000.0
408.9049987792969, 486.04327392578125, -7000.0
402.92938232421875, 427.5388488769531, -4701.98681640625
390.950439453125, 398.0692138671875, -1934.0269775390625
385.1215515136719, 368.8808288574219, -1115.0970458984375
379.3419494628906, 310.50933837890625, 733.2448120117188
367.93206787109375, 295.276123046875, 1983.333984375
362.2201843261719, 304.61968994140625, 1983.333984375
356.5606689453125, 323.6166687011719, 1983.333984375
350.953857421875, 361.234619140625, 144.39292907714844
339.97943115234375, 379.6824035644531, -1059.138671875
334.6109924316406, 416.4830322265625, -2287.6181640625
323.8787536621094, 434.4483337402344, -7000.0
318.67120361328125, 469.92230224609375, -7000.0
308.4179992675781, 487.42620849609375, -7000.0
303.3730163574219, 517.6428833007812, -7000.0
293.3759460449219, 506.0576477050781, -7000.0
288.49749755859375, 476.86566162109375, -7000.0
283.6044616699219, 417.91741943359375, -7000.0
274.061279296875, 388.7251892089844, -7000.0
269.4101257324219, 330.3494567871094, -6774.65576171875
260.2135925292969, 301.05535888671875, -7000.0
255.67051696777344, 242.20477294921875, -2540.121826171875
246.89175415039062, 213.03012084960938, 124.43434143066406
242.527587890625, 183.7605438232422, 1983.333984375
238.2861785888672, 178.95924377441406, 1983.333984375
234.10414123535156, 190.75640869140625, 1983.333984375
229.9817657470703, 207.3307647705078, 1983.333984375
225.91934204101562, 227.08055114746094, 483.77301025390625
221.85873413085938, 266.2503662109375, -1532.0167236328125
213.92469787597656, 285.61370849609375, -6190.93017578125
210.0518341064453, 304.75927734375, -7000.0
206.296875, 323.70587158203125, -7000.0
202.5496368408203, 342.5362548828125, -7000.0
198.86605834960938, 361.3879699707031, -7000.0
195.2464141845703, 379.9952392578125, -7000.0
191.74203491210938, 398.2736511230469, -7000.0
188.30023193359375, 416.3915100097656, -7000.0
184.92124938964844, 429.0129699707031, -7000.0
181.6053009033203, 413.3294982910156, -7000.0
178.35264587402344, 384.1042175292969, -7000.0
175.1634979248047, 354.8982849121094, -7000.0
172.03807067871094, 325.7132568359375, -7000.0
168.93203735351562, 296.3189392089844, -7000.0
165.93565368652344, 267.1369323730469, -7000.0
162.96096801757812, 237.6414337158203, -7000.0
160.09445190429688, 208.4676513671875, -7000.0
157.25196838378906, 178.83836364746094, -5760.94482421875
154.51612854003906, 149.68222045898438, -1555.6142578125
151.84542846679688, 120.54582977294922, 747.5319213867188
149.24005126953125, 91.44801330566406, 1983.333984375
146.7001953125, 91.50345611572266, 1983.333984375
144.22601318359375, 109.75804901123047, 1983.333984375
141.7827606201172, 130.39297485351562, 875.7200317382812
139.40750122070312, 150.87098693847656, -1796.3525390625
137.1003875732422, 171.20565795898438, -2249.9404296875
134.89353942871094, 191.2598114013672, -5138.15283203125
132.72219848632812, 211.19985961914062, -7000.0
130.61949157714844, 231.01947021484375, -7000.0
128.6145477294922, 250.57183837890625, -7000.0
126.62054443359375, 270.3958740234375, -7000.0
124.7515640258789, 289.6077880859375, -7000.0
122.94978332519531, 308.65740966796875, -7000.0
121.21532440185547, 327.5469665527344, -7000.0
119.54830169677734, 340.06353759765625, -7000.0
117.94883728027344, 320.40301513671875, -7000.0
116.41703796386719, 291.2021484375, -7000.0
114.9319839477539, 261.9322509765625, -7000.0
113.5168228149414, 232.6551971435547, -7000.0
112.19063568115234, 203.4803466796875, -7000.0
110.91452026367188, 173.98777770996094, -7000.0
109.72554779052734, 144.83311462402344, -7000.0
108.60480499267578, 115.70027160644531, -4078.794677734375
107.53741455078125, 86.16012573242188, -869.6818237304688
106.55437469482422, 57.184410095214844, 1983.333984375
105.63977813720703, 48.051692962646484, 1983.333984375
104.79370880126953, 63.99687957763672, 1983.333984375
104.01620483398438, 84.89219665527344, 1720.27392578125
103.29740905761719, 105.67239379882812, -4.97613525390625
102.65821838378906, 126.27122497558594, -2165.14404296875
102.0877456665039, 146.73658752441406, -3729.734375
101.57916259765625, 167.08924865722656, -7000.0
101.14725494384766, 187.17527770996094, -7000.0
100.77934265136719, 207.1472625732422, -7000.0
100.4823226928711, 227.00119018554688, -7000.0
100.25621032714844, 246.84942626953125, -7000.0
100.10102081298828, 266.3882141113281, -7000.0
100.01748657226562, 285.64208984375, -7000.0
100.00285339355469, 297.73828125, -7000.0
100.05711364746094, 274.1689147949219, -7000.0
100.18028259277344, 244.98561096191406, -7000.0
100.37567901611328, 215.71995544433594, -7000.0
100.63762664794922, 186.5116729736328, -7000.0
100.97380828857422, 157.2244873046875, -7000.0
101.38086700439453, 127.97382354736328, -6281.32373046875
101.85877227783203, 98.55059814453125, -2210.103515625
102.3990249633789, 69.50794982910156, 283.75323486328125
103.00802612304688, 40.694454193115234, 1983.333984375
103.68571472167969, 49.03049850463867, 1983.333984375
104.45503997802734, 69.49225616455078, 1983.333984375
105.2719955444336, 90.32379913330078, 1277.27685546875
106.15748596191406, 111.02317810058594, -707.5379638671875
107.11145782470703, 131.5677032470703, -2930.502197265625
108.13384246826172, 151.94552612304688, -4435.46533203125
109.22457122802734, 172.2014617919922, -7000.0
110.40111541748047, 192.4636993408203, -7000.0
111.6292953491211, 212.33827209472656, -7000.0
112.92558288574219, 232.04489135742188, -7000.0
114.28987884521484, 251.58352661132812, -7000.0
115.72209167480469, 270.9630126953125, -7000.0
117.24468231201172, 290.22979736328125, -7000.0
118.83700561523438, 301.6163635253906, -7000.0
120.49893188476562, 274.00238037109375, -7000.0
122.20475769042969, 244.81797790527344, -7000.0
123.97795104980469, 215.63775634765625, -7000.0
125.81840515136719, 186.46408081054688, -7000.0
127.7259750366211, 157.30116271972656, -6672.302734375
129.70054626464844, 128.1551513671875, -2796.3779296875
131.77247619628906, 98.80386352539062, -253.8776397705078
133.88160705566406, 69.71942138671875, 1983.333984375
136.08978271484375, 79.49105834960938, 1983.333984375
138.33285522460938, 100.20516967773438, 1983.333984375
140.67665100097656, 120.94709014892578, 1842.83251953125
143.05307006835938, 141.41400146484375, 595.888671875
145.4954071044922, 161.74334716796875, -732.1702880859375
148.04090881347656, 182.13809204101562, -1239.6409912109375
150.61558532714844, 202.10740661621094, -3714.653076171875
153.25567626953125, 221.89971923828125, -7000.0
155.96099853515625, 241.53347778320312, -7000.0
158.7313690185547, 260.9989318847656, -7000.0
161.6087646484375, 280.5325012207031, -7000.0
164.5095977783203, 299.6591796875, -7000.0
167.4748992919922, 318.29888916015625, -7000.0
170.5044403076172, 327.2869873046875, -7000.0
173.64401245117188, 297.9299621582031, -7000.0
176.8492889404297, 268.5752258300781, -7000.0
180.0721893310547, 239.3902130126953, -7000.0
183.35848999023438, 210.20994567871094, -6323.05908203125
186.75765991210938, 180.6147003173828, -1944.646728515625
190.17095947265625, 151.45230102539062, 243.24220275878906
193.6985321044922, 122.20098114013672, 1983.333984375
197.23789978027344, 97.04198455810547, 1983.333984375
200.83944702148438, 117.6890869140625, 1983.333984375
204.5572967529297, 138.23216247558594, 1983.333984375
208.33868408203125, 158.71206665039062, 1983.333984375
212.1271514892578, 178.87269592285156, 1983.333984375
215.97679138183594, 198.8684844970703, 1605.546630859375
219.88734436035156, 218.72805786132812, 378.689208984375
223.91738891601562, 238.4470977783203, -752.53173828125
228.00958251953125, 258.2012023925781, -3595.005859375
232.1636505126953, 277.6286315917969, -5192.7724609375
236.3792724609375, 296.8864440917969, -7000.0
240.59375, 315.8804931640625, -7000.0
244.86744689941406, 333.6285095214844, -7000.0
249.20005798339844, 338.8214416503906, -7000.0
253.59129333496094, 309.61614990234375, -7000.0
258.0408630371094, 280.4019775390625, -5858.05224609375
262.5484313964844, 251.16787719726562, -929.1825561523438
267.1812744140625, 221.88270568847656, 1983.333984375
271.8731689453125, 192.62916564941406, 1983.333984375
276.62384033203125, 170.99986267089844, 1983.333984375
281.3628234863281, 191.0597381591797, 1983.333984375
286.158203125, 210.9464874267578, 1983.333984375
291.0814208984375, 230.79725646972656, 1983.333984375
296.06201171875, 250.63328552246094, 1983.333984375
301.0262451171875, 270.0246276855469, 1983.333984375
306.0455322265625, 289.24658203125, 1652.456298828125
311.1195068359375, 308.3011779785156, 692.84814453125
316.32366943359375, 327.2923583984375, -56.762149810791016
321.5834045410156, 346.15264892578125, -2303.462158203125
326.8984069824219, 364.85791015625, -3184.9853515625
332.19000244140625, 383.2716064453125, -5524.66943359375
337.5345153808594, 399.77825927734375, -7000.0
342.93157958984375, 401.304931640625, -7000.0
348.38079833984375, 372.09210205078125, -5976.904296875
353.96307373046875, 342.8186950683594, -1072.7689208984375
359.5982971191406, 313.5478210449219, 1983.333984375
365.2860412597656, 283.92205810546875, 1983.333984375
370.94232177734375, 266.4452209472656, 1983.333984375
376.64886474609375, 285.69659423828125, 1983.333984375
382.4902648925781, 304.91192626953125, 1983.333984375
388.29681396484375, 323.8377990722656, 1983.333984375
394.15240478515625, 342.6044006347656, 1983.333984375
400.1438293457031, 361.27435302734375, 1983.333984375
406.09698486328125, 379.748291015625, 1983.333984375
412.1865539550781, 398.21466064453125, 1431.92919921875
418.2356262207031, 416.34307861328125, 485.0938720703125
424.3316345214844, 434.318115234375, -162.13027954101562
430.4742431640625, 452.1357727050781, -2113.454833984375
436.6629638671875, 469.8033752441406, -2347.162841796875
443.0814514160156, 485.28216552734375, -3714.0361328125
449.36248779296875, 482.7229309082031, -4000.798828125
455.6883239746094, 453.5227966308594, -3032.99462890625
462.05859375, 424.3243408203125, 353.3900146484375
468.4728088378906, 402.81500244140625, 1983.333984375
474.9305114746094, 402.8753662109375, 1983.333984375
481.4313049316406, 415.31597900390625, 1983.333984375
487.9747314453125, 433.2936706542969, 1983.333984375
494.560302734375, 451.1186218261719, 1983.333984375
501.285400390625, 468.9163513183594, 1983.333984375
508.0529479980469, 486.5032958984375, 1983.333984375
514.8624877929688, 503.9255065917969, 1186.27001953125
521.6139526367188, 521.1421508789062, 187.95086669921875
528.6055908203125, 538.5725708007812, -443.49407958984375
535.4374389648438, 555.4957275390625, -2198.44091796875
542.3082275390625, 572.2716674804688, -2173.13134765625
549.2174072265625, 605.3982543945312, -1944.6453857421875
563.1491088867188, 618.7861938476562, -4870.55078125
570.1707153320312, 613.3709106445312, -6085.94482421875
577.4369506835938, 583.6612548828125, -3149.218505859375
584.5321655273438, 525.2717895507812, -597.400390625
598.8285522460938, 496.0792236328125, 1983.333984375
606.02880859375, 479.55206298828125, 1983.333984375
613.2630615234375, 488.5784606933594, 1983.333984375
620.5308837890625, 523.430908203125, 1983.333984375
635.38134765625, 540.4840087890625, 1983.333984375
642.7476806640625, 557.386962890625, 1983.333984375
650.2545776367188, 590.9121704101562, 1983.333984375
665.1436767578125, 607.3870239257812, 1983.333984375
672.6334228515625, 623.7217407226562, 1983.333984375
680.2633666992188, 656.029296875, 1449.08447265625
695.50048828125, 672.004638671875, 1983.333984375
703.1057739257812, 687.8179321289062, 1837.0404052734375
710.8507690429688, 719.0363159179688, 484.9516906738281
726.7628173828125, 735.38330078125, -8.267621040344238
734.4765014648438, 746.47802734375, -863.734375
742.2153930664062, 743.3207397460938, -375.507568359375
757.7666015625, 738.9387817382812, 1019.0606689453125
765.5778198242188, 734.557373046875, 1983.333984375
773.412109375, 735.9855346679688, 1983.333984375
781.2689208984375, 762.2842407226562, 1262.6251220703125
797.0477905273438, 777.2724609375, 1778.837158203125
804.9688720703125, 792.1791381835938, 1484.26806640625
812.9102172851562, 806.912109375, 441.49359130859375
820.8713989257812, 836.120849609375, -1140.70068359375
836.9685668945312, 850.4781494140625, -2112.341064453125
844.9860229492188, 878.817626953125, -3434.58447265625
861.0731201171875, 892.804931640625, -3550.767822265625
869.1416015625, 906.67529296875, -4263.16552734375
877.3450317382812, 916.203369140625, -5089.2861328125
885.5642700195312, 873.8605346679688, -3656.88818359375
901.8084716796875, 844.6912231445312, 1349.9349365234375
910.0711669921875, 828.8961181640625, 1983.333984375
918.3473510742188, 834.8746948242188, 1983.333984375
926.5161743164062, 863.7766723632812, 1983.333984375
943.1302490234375, 877.898681640625, 1983.333984375
951.3336181640625, 891.9002075195312, 1983.333984375
959.5471801757812, 905.7816772460938, 1983.333984375
967.7703857421875, 933.2086181640625, 1983.333984375
984.3649291992188, 946.810546875, 1983.333984375
992.7352294921875, 973.6300659179688, 1467.8798828125
1009.3766479492188, 986.8445434570312, 1983.333984375
1017.7679443359375, 1013.0392456054688, 687.7306518554688
1034.5675048828125, 1025.9609375, 1124.94677734375
1042.9744873046875, 1038.8662109375, 1052.657958984375
1051.263671875, 1046.3514404296875, 1083.39111328125
1059.55615234375, 1050.7137451171875, 624.6331176757812
1067.8514404296875, 1055.03955078125, 647.3906860351562
1076.14892578125, 1064.4796142578125, 527.7980346679688
1084.570068359375, 1089.27783203125, -212.3990936279297
1101.2930908203125, 1101.548828125, -655.8946533203125
1109.59375, 1113.631103515625, -567.455078125
1117.893798828125, 1125.6314697265625, -906.9139404296875
1126.1925048828125, 1137.5450439453125, -1624.555908203125
1134.6114501953125, 1149.3607177734375, -2689.39990234375
1143.0279541015625, 1161.1109619140625, -1250.7315673828125
1151.4412841796875, 1172.884521484375, -3124.50439453125
1159.729248046875, 1184.3603515625, -2443.15283203125
1168.0130615234375, 1195.735595703125, -2059.54150390625
1176.53564453125, 1201.5374755859375, -1473.7547607421875
1184.809326171875, 1181.91748046875, -551.1442260742188
1193.0771484375, 1152.7410888671875, 1983.333984375
1201.338623046875, 1141.020263671875, 1983.333984375
1209.593017578125, 1148.0, 1983.333984375
1217.8399658203125, 1159.68115234375, 1983.333984375
1226.0787353515625, 1171.264892578125, 1983.333984375
1234.4298095703125, 1182.794921875, 1983.333984375
1242.6505126953125, 1194.2109375, 1983.333984375
1250.8614501953125, 1205.522705078125, 1983.333984375
1259.182373046875, 1216.90185546875, 1983.333984375
1267.371826171875, 1227.9986572265625, 1983.333984375
1275.5496826171875, 1238.9979248046875, 1983.333984375
1283.71533203125, 1249.935302734375, 1983.333984375
1291.98828125, 1260.8079833984375, 1983.333984375
1300.2474365234375, 1271.6153564453125, 1983.333984375
1308.3731689453125, 1282.24072265625, 1983.333984375
1316.4844970703125, 1292.7928466796875, 1983.333984375
1324.6998291015625, 1303.2789306640625, 1983.333984375
1332.780517578125, 1313.66162109375, 1983.333984375
1340.8450927734375, 1323.9561767578125, 1983.333984375
1349.0113525390625, 1334.1800537109375, 1983.333984375
1357.1600341796875, 1344.313720703125, 1983.333984375
1365.2904052734375, 1354.4603271484375, 1983.333984375
1373.284423828125, 1364.37353515625, 1794.7376708984375
1381.259765625, 1374.2044677734375, 1400.8619384765625
1389.33251953125, 1384.0010986328125, 850.9915771484375
1397.2681884765625, 1393.6824951171875, 1080.3929443359375
1405.1834716796875, 1402.9036865234375, 250.55831909179688
1413.1934814453125, 1405.3089599609375, 1073.068115234375
1421.181396484375, 1412.1197509765625, 1120.0592041015625
1429.146484375, 1420.408447265625, 1128.2154541015625
1437.0882568359375, 1428.720947265625, 1108.3326416015625
1444.8914794921875, 1437.009033203125, 1020.5880737304688
1452.7852783203125, 1445.303466796875, 892.0576171875
1460.6539306640625, 1453.6744384765625, 713.339111328125
1468.4970703125, 1462.012939453125, 498.7458190917969
1476.200927734375, 1470.277587890625, 1172.826904296875
1483.8787841796875, 1478.5416259765625, 804.0614624023438
1491.5302734375, 1486.805908203125, 383.6298828125
1499.1549072265625, 1495.079345703125, 845.0244750976562
1506.8634033203125, 1503.3765869140625, 274.9033508300781
1514.5430908203125, 1504.569091796875, 481.8465576171875
1522.0826416015625, 1511.7264404296875, 704.7401733398438
1529.703369140625, 1520.0223388671875, 840.365234375
1537.2935791015625, 1528.3819580078125, 897.5051879882812
1544.7435302734375, 1536.64697265625, 858.534423828125
1552.1627197265625, 1544.911865234375, 724.7240600585938
1559.5509033203125, 1553.177001953125, 475.8413391113281
1567.1231689453125, 1561.603271484375, 1105.2301025390625
1574.446533203125, 1569.86865234375, 653.268798828125
