1936.40478515625, 1934.7425537109375, 101.38648986816406
1945.453857421875, 1939.436279296875, 445.1682434082031
1954.2664794921875, 1947.716064453125, 1171.4547119140625
1958.6146240234375, 1956.0103759765625, 476.15350341796875
1962.840087890625, 1964.26416015625, 297.0414733886719
1967.0670166015625, 1980.9852294921875, -2.7280027866363525
1975.3360595703125, 1985.8746337890625, -689.9923706054688
1979.37744140625, 1979.6884765625, -172.13136291503906
1987.160400390625, 1975.30908203125, 258.38201904296875
1990.960205078125, 1971.790771484375, 398.8125915527344
1998.42919921875, 1980.0865478515625, 1550.5660400390625
2002.043212890625, 1988.3663330078125, 1983.333984375
2005.5950927734375, 2005.1124267578125, 980.111083984375
2012.6112060546875, 2013.377197265625, 866.08642578125
2015.973388671875, 2021.6412353515625, 197.9475555419922
2019.2723388671875, 2029.904296875, -489.0382385253906
2022.55517578125, 2046.734130859375, -1317.3076171875
2028.924072265625, 2054.99609375, -885.5526123046875
2031.965576171875, 2063.2568359375, -1072.65576171875
2034.94287109375, 2067.470703125, -1392.1776123046875
2037.855712890625, 2023.9525146484375, -16.283824920654297
2043.4874267578125, 1994.767822265625, 1983.333984375
2046.205810546875, 1977.791748046875, 1983.333984375
2048.859130859375, 1987.9197998046875, 1983.333984375
2053.96923828125, 1996.18310546875, 1983.333984375
2056.46142578125, 2004.50390625, 1983.333984375
2058.8857421875, 2021.098876953125, 1983.333984375
2063.530029296875, 2029.5150146484375, 1983.333984375
2065.71826171875, 2037.777587890625, 1983.333984375
2067.839599609375, 2046.039794921875, 1983.333984375
2069.89453125, 2062.564697265625, 1370.4364013671875
2073.831298828125, 2070.86181640625, 717.6505126953125
2075.7109375, 2079.150390625, 316.761474609375
2077.521484375, 2091.188232421875, -463.3689270019531
2080.91064453125, 2091.188232421875, -1078.531494140625
2082.513671875, 2091.188232421875, -1482.105712890625
2084.047119140625, 2084.28759765625, -911.7562255859375
2086.904296875, 2079.830322265625, -33.15809631347656
2088.209228515625, 2073.66796875, 812.7564086914062
2090.61474609375, 2073.66796875, 1792.930419921875
2091.71533203125, 2078.601806640625, 1518.1839599609375
2093.724609375, 2086.9189453125, 1302.3822021484375
2094.618896484375, 2095.201171875, 253.13510131835938
2095.4677734375, 2103.635498046875, -173.1907196044922
2096.222900390625, 2111.900146484375, -1437.614990234375
2096.909423828125, 2120.1640625, -3467.753662109375
2097.53564453125, 2128.472412109375, -3487.551025390625
2098.083740234375, 2136.73681640625, -4263.662109375
2098.575927734375, 2145.170166015625, -6035.50390625
2098.984375, 2153.43408203125, -7000.0
2099.323974609375, 2161.697265625, -7000.0
2099.5947265625, 2169.960205078125, -7000.0
2099.796630859375, 2153.58154296875, -6391.41796875
2099.99365234375, 2124.403564453125, -5517.8857421875
2099.98876953125, 2095.22509765625, -1357.5653076171875
2099.91357421875, 2065.9375, 1679.9659423828125
2099.769775390625, 2036.759521484375, 1983.333984375
2099.550048828125, 2032.6121826171875, 1983.333984375
2099.2666015625, 2040.8746337890625, 1983.333984375
2098.914306640625, 2049.136962890625, 1983.333984375
2098.486328125, 2057.48095703125, 1983.333984375
2097.99560546875, 2065.7431640625, 1983.333984375
2097.435791015625, 2074.0166015625, 1983.333984375
2096.807373046875, 2082.278564453125, 1983.333984375
2096.099609375, 2090.576904296875, 1597.3880615234375
2095.332763671875, 2098.83935546875, 1144.9671630859375
2094.484619140625, 2107.19140625, -322.48046875
2093.56591796875, 2115.519287109375, -2297.696044921875
2092.591796875, 2123.781982421875, -2404.999267578125
2091.549072265625, 2126.0576171875, -2886.629638671875
2090.43798828125, 2104.876953125, -1047.3304443359375
2089.2587890625, 2075.66943359375, 560.7642822265625
2087.992431640625, 2046.247802734375, 1983.333984375
2086.656005859375, 2038.5484619140625, 1983.333984375
2085.2705078125, 2044.68701171875, 1983.333984375
2083.817138671875, 2052.949462890625, 1983.333984375
2082.27294921875, 2061.24755859375, 1983.333984375
2080.659423828125, 2069.593994140625, 1983.333984375
2079.0009765625, 2077.8564453125, 1096.2630615234375
2077.275146484375, 2086.11865234375, 66.90135955810547
2075.455078125, 2094.414794921875, -1585.280517578125
2073.593505859375, 2102.67724609375, -1487.2120361328125
2071.6650390625, 2110.954345703125, -2497.1728515625
2069.639892578125, 2119.260986328125, -4703.8935546875
2067.576416015625, 2127.541015625, -7000.0
2065.414794921875, 2135.833251953125, -7000.0
2063.15185546875, 2137.66748046875, -7000.0
2060.852294921875, 2114.26611328125, -7000.0
2058.519287109375, 2085.084716796875, -6342.8984375
2056.120361328125, 2055.903076171875, -2653.5888671875
2053.655517578125, 2026.7215576171875, 584.7384643554688
2051.125, 1997.4742431640625, 1983.333984375
2048.529052734375, 1991.81884765625, 1983.333984375
2045.827880859375, 1998.541748046875, 1983.333984375
2043.059814453125, 2006.8441162109375, 1983.333984375
2040.2247314453125, 2015.1409912109375, 1983.333984375
2037.322998046875, 2023.44775390625, 1983.333984375
2034.354736328125, 2031.7825927734375, 1259.4534912109375
2031.3646240234375, 2040.0623779296875, 238.1786346435547
2028.264892578125, 2048.457275390625, -1563.8375244140625
2025.145751953125, 2056.721923828125, -1752.3162841796875
2021.962890625, 2064.986083984375, -3170.35400390625
2018.668212890625, 2073.327880859375, -5920.2607421875
2015.3575439453125, 2081.59228515625, -7000.0
2011.9837646484375, 2089.87451171875, -7000.0
2008.4962158203125, 2090.937744140625, -7000.0
2004.9442138671875, 2064.998779296875, -7000.0
2001.327880859375, 2035.631103515625, -7000.0
1997.7015380859375, 2006.4432373046875, -4289.18115234375
1993.9586181640625, 1977.16650390625, -1632.1741943359375
1990.2078857421875, 1947.955810546875, 1983.333984375
1986.3392333984375, 1941.109619140625, 1983.333984375
1982.40771484375, 1948.26904296875, 1983.333984375
1978.4720458984375, 1956.534423828125, 1983.333984375
1974.4757080078125, 1964.799560546875, 1983.333984375
1970.359130859375, 1973.1297607421875, 647.7513427734375
1966.24169921875, 1981.400146484375, -574.09130859375
1962.0028076171875, 1989.7833251953125, -3204.17138671875
1957.765380859375, 1998.0487060546875, -4307.37890625
1953.468994140625, 2006.3275146484375, -6794.578125
1949.11376953125, 2014.5928955078125, -7000.0
1944.6346435546875, 2022.9141845703125, -7000.0
1940.0955810546875, 2031.233154296875, -7000.0
1935.5640869140625, 2039.4991455078125, -7000.0
1930.9749755859375, 2039.828125, -7000.0
1926.259765625, 2011.3438720703125, -7000.0
1921.5556640625, 1982.1527099609375, -7000.0
1916.7244873046875, 1952.7579345703125, -7000.0
1911.9066162109375, 1923.56689453125, -4637.73193359375
1907.03271484375, 1894.3758544921875, -2458.221435546875
1902.0303955078125, 1864.951904296875, 988.5809936523438
1897.044921875, 1860.4481201171875, 1983.333984375
1892.0045166015625, 1868.668212890625, 1983.333984375
1886.834228515625, 1876.9683837890625, 1983.333984375
1881.608154296875, 1885.2744140625, 550.9176635742188
1876.3265380859375, 1893.595947265625, -932.8524169921875
1871.067626953125, 1901.862548828125, -964.0282592773438
1865.5985107421875, 1910.2764892578125, -2682.575439453125
1860.232177734375, 1918.5435791015625, -5875.45849609375
1854.8133544921875, 1926.8101806640625, -7000.0
1849.3426513671875, 1935.07666015625, -7000.0
1843.8203125, 1943.343017578125, -7000.0
1838.24658203125, 1951.6092529296875, -7000.0
1832.5390625, 1959.548583984375, -7000.0
1826.86328125, 1958.2017822265625, -7000.0
1821.052978515625, 1928.83984375, -7000.0
1815.2767333984375, 1899.5784912109375, -7000.0
1809.2791748046875, 1869.78759765625, -7000.0
1803.4033203125, 1840.59228515625, -7000.0
1797.47900390625, 1811.3978271484375, -4896.677734375
1791.5067138671875, 1782.20458984375, -3083.0634765625
1785.3978271484375, 1752.6204833984375, 844.6154174804688
1779.329833984375, 1725.7764892578125, 1983.333984375
1773.2152099609375, 1721.8116455078125, 1983.333984375
1767.0540771484375, 1722.607666015625, 1983.333984375
1760.8470458984375, 1730.8829345703125, 1983.333984375
1754.5943603515625, 1739.1494140625, 1983.333984375
1748.2037353515625, 1747.54345703125, 1039.7239990234375
1741.8607177734375, 1755.810302734375, -89.14309692382812
1735.473388671875, 1764.076904296875, -2838.6240234375
1729.0423583984375, 1772.3453369140625, -4235.14208984375
1722.4725341796875, 1780.641357421875, -7000.0
1715.8583984375, 1788.9554443359375, -7000.0
1709.2974853515625, 1797.222412109375, -7000.0
1702.5970458984375, 1805.586669921875, -7000.0
1695.9520263671875, 1813.8536376953125, -7000.0
1689.265869140625, 1820.929931640625, -7000.0
1682.4398193359375, 1816.380615234375, -7000.0
1675.67236328125, 1787.1854248046875, -7000.0
1668.865234375, 1757.9910888671875, -7000.0
1662.0189208984375, 1728.7587890625, -7000.0
1655.0323486328125, 1699.36328125, -7000.0
1648.00634765625, 1669.9698486328125, -5817.9541015625
1641.044189453125, 1640.7744140625, -2150.5888671875
1634.044677734375, 1611.5789794921875, 549.77001953125
1627.0084228515625, 1582.318603515625, 1983.333984375
1619.935791015625, 1558.40380859375, 1983.333984375
1612.72265625, 1560.0372314453125, 1983.333984375
1605.4730224609375, 1568.3450927734375, 1983.333984375
1598.29345703125, 1576.612548828125, 1983.333984375
1590.97314453125, 1584.9417724609375, 1653.773193359375
1583.7249755859375, 1593.209228515625, 507.05657958984375
1576.443359375, 1601.4766845703125, -1864.041748046875
1569.12890625, 1609.743896484375, -3073.83447265625
1561.7822265625, 1618.0123291015625, -5917.24169921875
1554.294921875, 1626.3079833984375, -7000.0
1546.775390625, 1634.6317138671875, -7000.0
1539.22412109375, 1642.9996337890625, -7000.0
1531.7518310546875, 1651.2672119140625, -7000.0
1524.249755859375, 1657.52197265625, -7000.0
1516.718505859375, 1650.38818359375, -7000.0
1509.047119140625, 1620.7882080078125, -7000.0
1501.4586181640625, 1591.5916748046875, -7000.0
1493.8424072265625, 1562.3963623046875, -7000.0
1486.198974609375, 1533.199951171875, -7000.0
1478.416015625, 1503.90087890625, -6221.591796875
1470.7196044921875, 1474.704345703125, -3015.008544921875
1462.8837890625, 1445.05126953125, -304.5109558105469
1455.136474609375, 1415.8560791015625, 1983.333984375
1447.3646240234375, 1393.7447509765625, 1983.333984375
1439.56884765625, 1393.367919921875, 1983.333984375
1431.7496337890625, 1402.6539306640625, 1983.333984375
1423.7921142578125, 1411.142578125, 1983.333984375
1415.927490234375, 1427.7938232421875, 278.8172302246094
1400.0169677734375, 1436.061279296875, -3341.658935546875
1392.0882568359375, 1444.3284912109375, -5722.283203125
1384.0224609375, 1452.64990234375, -7000.0
1376.0538330078125, 1460.9173583984375, -7000.0
1368.066162109375, 1469.1907958984375, -7000.0
1359.9422607421875, 1477.535400390625, -7000.0
1351.91796875, 1491.2943115234375, -7000.0
1335.58056640625, 1480.525146484375, -7000.0
1327.50537109375, 1422.1358642578125, -7000.0
1311.189208984375, 1392.66259765625, -7000.0
1303.0684814453125, 1334.2763671875, -5101.06689453125
1286.78564453125, 1305.0855712890625, -3595.7294921875
1278.62451171875, 1275.895751953125, -2585.32177734375
1270.451171875, 1227.0804443359375, -285.64599609375
1254.06982421875, 1222.69775390625, 1983.333984375
1245.8629150390625, 1220.1300048828125, 1983.333984375
1237.525146484375, 1235.75244140625, 739.7224731445312
1220.94189453125, 1246.689208984375, -1683.484619140625
1212.5767822265625, 1257.609375, -3408.83642578125
1204.324951171875, 1279.25390625, -4129.52197265625
1187.55712890625, 1289.822265625, -7000.0
1179.2852783203125, 1310.688232421875, -7000.0
1162.725830078125, 1320.9854736328125, -7000.0
1154.4393310546875, 1341.3297119140625, -7000.0
1137.733642578125, 1347.80126953125, -7000.0
1129.4376220703125, 1335.57177734375, -7000.0
1121.1395263671875, 1277.1676025390625, -7000.0
1104.53955078125, 1247.904296875, -7000.0
1096.11669921875, 1218.5447998046875, -7000.0
1087.572021484375, 1188.790283203125, -7000.0
1079.2724609375, 1130.4119873046875, -6241.79296875
1062.6781005859375, 1101.2236328125, -6933.35791015625
1054.262451171875, 1071.7115478515625, -5239.63232421875
1045.9720458984375, 1013.255859375, -2597.184814453125
1029.4029541015625, 984.067626953125, 1239.615966796875
1021.1254272460938, 967.3622436523438, 1983.333984375
1012.731689453125, 985.2132568359375, 1968.8070068359375
996.206298828125, 998.2993774414062, 1105.083251953125
987.9539794921875, 1011.27978515625, -1026.5111083984375
979.4671020507812, 1024.4024658203125, -2774.171142578125
971.2310791015625, 1049.790283203125, -3796.61376953125
954.7861938476562, 1062.3184814453125, -7000.0
946.5784912109375, 1074.7413330078125, -7000.0
938.2609252929688, 1087.1182861328125, -7000.0
929.954833984375, 1111.5460205078125, -7000.0
913.6192016601562, 1118.9927978515625, -7000.0
905.4703979492188, 1104.33642578125, -7000.0
897.2154541015625, 1045.62548828125, -7000.0
880.868408203125, 1016.4382934570312, -7000.0
872.6581420898438, 986.9503173828125, -7000.0
864.5826416015625, 928.5350341796875, -6948.5078125
848.3626708984375, 899.0277099609375, -7000.0
840.3377685546875, 840.6226196289062, -3331.8837890625
824.3421630859375, 811.3828735351562, -1164.5406494140625
816.3726196289062, 767.9754638671875, 902.932861328125
800.4926147460938, 763.5870361328125, 1983.333984375
792.4671020507812, 777.8783569335938, 1020.1659545898438
776.5977172851562, 792.773681640625, -312.3244934082031
768.5238647460938, 807.8766479492188, -1456.8890380859375
760.7039184570312, 822.4830322265625, -5110.8876953125
752.9072875976562, 836.96533203125, -7000.0
745.1346435546875, 851.3211059570312, -7000.0
737.3864135742188, 865.5526123046875, -7000.0
729.5497436523438, 879.8753051757812, -7000.0
721.8524169921875, 893.865234375, -7000.0
714.18115234375, 907.7345581054688, -7000.0
706.5364379882812, 921.4837036132812, -7000.0
698.9188232421875, 935.118896484375, -7000.0
691.328857421875, 943.1802978515625, -7000.0
683.6560668945312, 925.2377319335938, -7000.0
676.1233520507812, 896.048828125, -7000.0
668.509765625, 866.3956298828125, -7000.0
661.0364379882812, 837.2056884765625, -7000.0
653.5933227539062, 808.0158081054688, -7000.0
646.1810302734375, 778.8270263671875, -7000.0
638.7999267578125, 749.638427734375, -7000.0
631.3428344726562, 720.1480712890625, -7000.0
624.0263061523438, 690.9586181640625, -7000.0
616.6357421875, 661.29443359375, -7000.0
609.3858032226562, 632.1053466796875, -5905.90478515625
602.169677734375, 602.9176635742188, -2351.7880859375
594.9878540039062, 573.7302856445312, -776.668701171875
587.7359619140625, 544.4437255859375, 1983.333984375
580.624755859375, 537.7871704101562, 1983.333984375
573.445556640625, 550.8439331054688, 1983.333984375
566.4069213867188, 567.6519165039062, 795.7916259765625
559.4050903320312, 584.3169555664062, -1576.9044189453125
552.4404907226562, 600.8419189453125, -3693.313232421875
545.5136108398438, 617.2274780273438, -7000.0
538.52392578125, 633.5415649414062, -7000.0
531.5740966796875, 649.7060546875, -7000.0
524.66455078125, 665.756591796875, -7000.0
517.7958374023438, 681.6566162109375, -7000.0
510.96844482421875, 697.5343627929688, -7000.0
504.2808837890625, 713.085693359375, -7000.0
497.63433837890625, 728.5046997070312, -7000.0
491.0293273925781, 737.374755859375, -7000.0
484.27386474609375, 715.3314208984375, -7000.0
477.7544860839844, 686.14013671875, -7000.0
471.2779541015625, 656.9500732421875, -7000.0
464.8447570800781, 627.7601318359375, -7000.0
458.4552917480469, 598.5703125, -7000.0
452.01708984375, 569.2996826171875, -7000.0
445.53253173828125, 539.2556762695312, -7000.0
439.2790222167969, 510.0657653808594, -7000.0
433.071044921875, 480.87744140625, -7000.0
426.90899658203125, 451.6896667480469, -6140.2265625
420.7933349609375, 422.5035705566406, -2682.641357421875
414.7244567871094, 393.3183288574219, -1212.6424560546875
408.70281982421875, 364.1340637207031, 1790.6907958984375
402.64129638671875, 359.925537109375, 1983.333984375
396.7160339355469, 375.8117980957031, 1983.333984375
390.8392333984375, 394.1225891113281, 400.1602478027344
384.92596435546875, 412.3700256347656, -2240.842041015625
379.14801025390625, 430.3695068359375, -4645.14013671875
373.41973876953125, 448.23358154296875, -7000.0
367.65838623046875, 465.99853515625, -7000.0
362.0313720703125, 483.5798034667969, -7000.0
356.3735656738281, 501.217041015625, -7000.0
350.8493957519531, 518.4547729492188, -7000.0
345.3768310546875, 535.5418701171875, -7000.0
339.9562683105469, 552.48779296875, -7000.0
334.509521484375, 569.4034423828125, -7000.0
329.1170654296875, 578.72216796875, -7000.0
323.8562927246094, 552.8690795898438, -7000.0
318.64898681640625, 523.680419921875, -7000.0
313.4955139160156, 494.49200439453125, -7000.0
308.3216552734375, 465.2023620605469, -7000.0
303.2039489746094, 435.8310241699219, -7000.0
298.2157287597656, 406.59344482421875, -7000.0
293.2827453613281, 377.4000549316406, -7000.0
288.40533447265625, 348.1471862792969, -7000.0
283.5133972167969, 318.8114013671875, -7000.0
278.6793518066406, 289.355224609375, -4521.8359375
273.9723815917969, 260.17315673828125, -2191.319580078125
269.32232666015625, 230.95779418945312, 978.559814453125
264.6623840332031, 225.34024047851562, 1983.333984375
260.0617370605469, 236.2215118408203, 1983.333984375
255.58602905273438, 255.49969482421875, 649.9039916992188
251.16851806640625, 274.8408203125, -1567.783203125
246.8094940185547, 294.013427734375, -3464.44580078125
242.4464569091797, 313.1227111816406, -7000.0
238.20616149902344, 331.9857482910156, -7000.0
233.96421813964844, 350.8595275878906, -7000.0
229.84385681152344, 369.38275146484375, -7000.0
225.78346252441406, 387.7929382324219, -7000.0
221.78329467773438, 406.0210876464844, -7000.0
217.78616333007812, 424.18255615234375, -7000.0
213.8516082763672, 442.2682189941406, -7000.0
210.03558349609375, 459.8634033203125, -7000.0
206.22613525390625, 468.2705383300781, -7000.0
202.53392028808594, 439.07696533203125, -7000.0
198.90353393554688, 409.8742980957031, -7000.0
195.3352508544922, 380.6669006347656, -7000.0
191.7781982421875, 351.3849182128906, -7000.0
188.3357391357422, 322.1268310546875, -7000.0
184.90687561035156, 292.8576354980469, -7000.0
181.59120178222656, 263.6156921386719, -7000.0
178.29147338867188, 233.97264099121094, -7000.0
175.10353088378906, 204.79409790039062, -6692.6884765625
171.97930908203125, 175.62269592285156, -3411.033447265625
168.87451171875, 146.3773956298828, -129.11302185058594
165.87933349609375, 117.21377563476562, 1983.333984375
162.90591430664062, 89.81355285644531, 1983.333984375
160.04061889648438, 87.6612319946289, 1983.333984375
157.24009704589844, 108.3753890991211, 1983.333984375
154.5045166015625, 128.93783569335938, 1983.333984375
151.8341064453125, 149.3498077392578, 826.0565185546875
149.19119262695312, 169.79824829101562, -1007.7705688476562
146.61572265625, 189.94070434570312, -2559.762939453125
144.14376831054688, 209.83627319335938, -6487.48291015625
141.70277404785156, 229.64007568359375, -7000.0
139.36367797851562, 249.2195587158203, -7000.0
137.05783081054688, 268.7802734375, -7000.0
134.8522491455078, 288.0127868652344, -7000.0
132.71316528320312, 307.0848388671875, -7000.0
130.61074829101562, 325.0875244140625, -7000.0
128.6060791015625, 329.9305419921875, -7000.0
126.6683578491211, 300.7393493652344, -7000.0
124.79769134521484, 271.5501403808594, -7000.0
122.99421691894531, 242.34437561035156, -7000.0
121.25806427001953, 213.156982421875, -7000.0
119.56531524658203, 183.85887145996094, -7000.0
117.9421157836914, 154.2304229736328, -7000.0
116.41060638427734, 125.08064270019531, -4274.8662109375
114.94686889648438, 95.96454620361328, -1337.698974609375
113.55101013183594, 66.92359924316406, 1738.772705078125
112.22311401367188, 42.40174865722656, 1983.333984375
110.9632797241211, 42.555110931396484, 1983.333984375
109.73757934570312, 63.819061279296875, 1983.333984375
108.61612701416016, 84.68675994873047, 1983.333984375
107.56298828125, 105.4305648803711, 758.2377319335938
106.5782241821289, 126.02312469482422, -965.1566162109375
105.66191864013672, 146.45098876953125, -2223.235107421875
104.81411743164062, 166.7515869140625, -5739.705078125
104.02394104003906, 187.09613037109375, -7000.0
103.3143539428711, 207.0248260498047, -7000.0
102.67343139648438, 226.78561401367188, -7000.0
102.09333038330078, 246.61065673828125, -7000.0
101.59090423583984, 266.03363037109375, -7000.0
101.15726470947266, 283.3615417480469, -7000.0
100.79244995117188, 284.8180236816406, -7000.0
100.49264526367188, 255.2152557373047, -7000.0
100.26655578613281, 226.03033447265625, -7000.0
100.1093521118164, 196.8516082763672, -7000.0
100.02104949951172, 167.67445373535156, -7000.0
100.00164031982422, 138.5166473388672, -7000.0
100.05113983154297, 109.36428833007812, -4329.1181640625
100.17179107666016, 79.84296417236328, -1226.7457275390625
100.36009216308594, 50.89513397216797, 1983.333984375
100.61727142333984, 29.09197235107422, 1983.333984375
100.94861602783203, 31.915082931518555, 1983.333984375
101.3445053100586, 52.73887634277344, 1983.333984375
101.80919647216797, 73.64749145507812, 1983.333984375
102.35103607177734, 94.57530212402344, 441.9779968261719
102.9636459350586, 115.45182800292969, -466.6202392578125
103.63658142089844, 135.9659423828125, -3605.66796875
104.37816619873047, 176.76284790039062, -4196.2294921875
106.08052825927734, 196.7708282470703, -7000.0
107.02874755859375, 216.6121826171875, -7000.0
108.04539489746094, 236.28524780273438, -7000.0
109.13038635253906, 255.79403686523438, -7000.0
110.30111694335938, 272.5038757324219, -7000.0
111.5235824584961, 270.0683288574219, -7000.0
112.8336410522461, 211.19822692871094, -7000.0
115.64224243164062, 182.02102661132812, -7000.0
117.16108703613281, 123.31663513183594, -3655.818359375
120.35881042480469, 94.20233154296875, -1855.0128173828125
122.05897521972656, 47.22849655151367, 1061.5618896484375
125.68881225585938, 47.525753021240234, 1983.333984375
127.59174346923828, 52.58907699584961, 1983.333984375
129.56167602539062, 89.41514587402344, 1799.896728515625
133.76487731933594, 110.17178344726562, 1983.333984375
135.9369354248047, 130.7229766845703, 1128.4281005859375
138.1754150390625, 151.15797424316406, -1750.329833984375
140.4801788330078, 191.85092163085938, -1219.73779296875
145.36053466796875, 211.73513793945312, -5401.33447265625
147.8650665283203, 231.4512176513672, -7000.0
150.43521118164062, 270.3827819824219, -7000.0
155.77159118652344, 289.62091064453125, -7000.0
158.57862854003906, 305.212158203125, -7000.0
161.4524383544922, 269.3437805175781, -7000.0
167.31153869628906, 240.1016845703125, -7000.0
170.382568359375, 210.73626708984375, -7000.0
173.51954650878906, 181.42391967773438, -4184.48486328125
176.72225952148438, 122.53535461425781, -377.0082702636719
183.27516174316406, 93.42129516601562, 1983.333984375
186.62303161621094, 76.19562530517578, 1983.333984375
190.03382873535156, 83.91573333740234, 1983.333984375
193.50732421875, 125.25023651123047, 1983.333984375
200.69483947753906, 146.0028076171875, 1983.333984375
204.41018676757812, 186.52154541015625, 635.7835693359375
211.97509765625, 206.72488403320312, -84.05180358886719
215.8223114013672, 246.07525634765625, -1299.088623046875
223.69923400878906, 265.50213623046875, -2599.069091796875
227.78810119628906, 303.9355163574219, -3489.71826171875
236.02821350097656, 318.4881896972656, -7000.0
240.23770141601562, 278.6188049316406, -5508.81591796875
248.83412170410156, 249.38526916503906, -1944.2186279296875
253.28538513183594, 220.0658416748047, 678.4235229492188
257.7309265136719, 190.88941955566406, 1983.333984375
262.3011474609375, 195.97183227539062, 1983.333984375
271.5511779785156, 212.23464965820312, 1983.333984375
276.2978515625, 232.17584228515625, 1983.333984375
281.03289794921875, 251.71771240234375, 1983.333984375
285.895263671875, 290.4779968261719, 397.65234375
295.6478271484375, 309.528076171875, -688.5983276367188
300.607421875, 328.4129638671875, -3269.084716796875
305.69622802734375, 365.78460693359375, -3208.209228515625
315.8910217285156, 384.221435546875, -7000.0
321.1462097167969, 402.58929443359375, -7000.0
326.53399658203125, 421.0896911621094, -7000.0
331.8219299316406, 433.86236572265625, -7000.0
337.16278076171875, 419.0469055175781, -7000.0
342.55621337890625, 389.8513488769531, -7000.0
348.0018310546875, 360.6578063964844, -4730.47021484375
353.58050537109375, 331.1452331542969, -1404.361572265625
359.130126953125, 301.95440673828125, 1983.333984375
364.73077392578125, 272.766845703125, 1983.333984375
370.3821105957031, 274.9569091796875, 1983.333984375
376.0837097167969, 294.1654357910156, 1983.333984375
381.9201354980469, 313.2763366699219, 1983.333984375
387.7218322753906, 332.1246643066406, 1983.333984375
393.5726013183594, 350.81280517578125, 1983.333984375
399.5591735839844, 369.4811096191406, 1983.333984375
405.507568359375, 387.8847351074219, 1839.214111328125
411.50384521484375, 406.0995788574219, 311.9648132324219
417.63677978515625, 424.2698059082031, -1537.0643310546875
423.8181457519531, 442.2240295410156, -3017.405517578125
430.0474548339844, 460.23760986328125, -2976.640869140625
436.2330017089844, 477.83001708984375, -4174.912109375
442.5562438964844, 489.5506896972656, -5999.72509765625
448.83349609375, 471.7100830078125, -4972.75830078125
455.1556091308594, 442.51312255859375, -2757.85791015625
461.52215576171875, 413.2669677734375, 785.0657348632812
468.02728271484375, 401.6549987792969, 1983.333984375
474.4820251464844, 413.33563232421875, 1983.333984375
480.9798583984375, 431.3745422363281, 1983.333984375
487.6168212890625, 449.4312438964844, 1983.333984375
494.2972412109375, 467.2715759277344, 1983.333984375
500.9228820800781, 484.8080749511719, 1706.4434814453125
507.7865295410156, 502.507080078125, 273.6820983886719
514.4954833984375, 519.7413940429688, -1333.2869873046875
521.2447509765625, 536.8248901367188, -2531.72900390625
528.033935546875, 553.7651977539062, -2005.8980712890625
534.8624877929688, 570.5570678710938, -2646.74951171875
541.72998046875, 587.2064208984375, -4375.17578125
548.635986328125, 603.7155151367188, -7000.0
555.6823120117188, 613.8092651367188, -7000.0
562.6643676757812, 593.0044555664062, -6728.22998046875
569.786865234375, 563.6421508789062, -2354.7451171875
576.947021484375, 534.1956787109375, 735.0718994140625
584.0397338867188, 504.99627685546875, 1983.333984375
591.16796875, 512.676025390625, 1983.333984375
598.4368896484375, 529.8939819335938, 1983.333984375
605.7413940429688, 546.9432373046875, 1983.333984375
613.0809326171875, 563.98681640625, 1983.333984375
620.3479614257812, 580.6920776367188, 1983.333984375
627.64794921875, 597.2548828125, 1983.333984375
634.9805297851562, 613.6768798828125, 1983.333984375
642.3451538085938, 629.9586181640625, 1452.9287109375
649.850341796875, 646.195068359375, 922.139404296875
657.3873901367188, 662.244140625, -534.33447265625
664.8460083007812, 678.1356201171875, -1511.3555908203125
672.3345336914062, 693.8638305664062, -3347.139404296875
679.96337890625, 702.6134033203125, -2391.213623046875
687.6219482421875, 700.0811157226562, -3180.2373046875
695.1982421875, 674.6304321289062, -184.215576171875
702.9143676757812, 666.4801025390625, 1983.333984375
710.7711791992188, 662.0191040039062, 1983.333984375
718.4306640625, 675.4172973632812, 1983.333984375
726.116455078125, 691.170654296875, 1983.333984375
733.8280029296875, 706.7843627929688, 1983.333984375
741.5648193359375, 722.2662963867188, 1983.333984375
749.3262939453125, 737.6185302734375, 1500.920654296875
757.1119995117188, 752.8642578125, 1138.479248046875
765.0362548828125, 767.9951171875, -3.890106201171875
772.9843139648438, 783.0203247070312, -635.2989501953125
780.8399047851562, 797.8509521484375, -2033.4306640625
788.7174682617188, 812.5823364257812, -1280.499755859375
796.7327880859375, 827.198974609375, -1309.7744140625
804.7696533203125, 841.7979736328125, -2077.724609375
812.8274536132812, 848.6406860351562, -2729.255859375
820.7883911132812, 822.1040649414062, -2226.232666015625
828.7685546875, 792.9013671875, 320.9649963378906
836.7674560546875, 786.701416015625, 1983.333984375
844.9024658203125, 800.2528076171875, 1983.333984375
852.9373168945312, 814.9359130859375, 1983.333984375
860.9891967773438, 829.4894409179688, 1983.333984375
869.1763305664062, 843.9698486328125, 1983.333984375
877.2608032226562, 858.2725219726562, 1983.333984375
885.4798583984375, 872.5385131835938, 1773.8116455078125
893.5946655273438, 886.5995483398438, 907.9767456054688
901.7237548828125, 900.5398559570312, 376.0689392089844
909.866455078125, 914.3757934570312, -753.06591796875
918.2623291015625, 928.3251953125, -1350.1033935546875
926.4310302734375, 941.9029541015625, -2536.332763671875
934.6116943359375, 955.3696899414062, -1441.9691162109375
942.8037719726562, 960.68701171875, -2899.454345703125
951.0067138671875, 932.1566162109375, -80.00108337402344
959.2198486328125, 927.3150634765625, 1983.333984375
967.563720703125, 922.8899536132812, 1983.333984375
975.7958374023438, 936.3877563476562, 1983.333984375
984.0365600585938, 949.9020385742188, 1983.333984375
992.2852172851562, 963.317138671875, 1983.333984375
1000.5413208007812, 976.6010131835938, 1983.333984375
1008.9258422851562, 989.9146728515625, 1983.333984375
1017.1951904296875, 1002.9667358398438, 1983.333984375
1025.5919189453125, 1016.0917358398438, 1520.3773193359375
1033.8721923828125, 1028.9224853515625, 572.3313598632812
1042.156982421875, 1041.642333984375, 118.64881896972656
1050.44580078125, 1054.25146484375, -794.4619140625
1058.7379150390625, 1066.75, -1154.5491943359375
1067.032958984375, 1078.86767578125, -1934.10693359375
1075.330322265625, 1082.6612548828125, -2147.2392578125
1083.7513427734375, 1078.22998046875, -900.0700073242188
1092.173583984375, 1073.81005859375, 794.2867431640625
1100.4742431640625, 1069.42578125, 1983.333984375
1108.77490234375, 1065.5369873046875, 1983.333984375
1117.197021484375, 1070.26611328125, 1983.333984375
1125.617919921875, 1082.690185546875, 1983.333984375
1134.1590576171875, 1095.3031005859375, 1983.333984375
1142.4537353515625, 1107.446044921875, 1983.333984375
1150.7454833984375, 1119.488037109375, 1983.333984375
1159.03369140625, 1131.4283447265625, 1983.333984375
1167.31787109375, 1143.259033203125, 1983.333984375
1175.597412109375, 1154.9896240234375, 1983.333984375
1183.8717041015625, 1166.619873046875, 1983.333984375
1192.1402587890625, 1178.1497802734375, 1983.333984375
1200.52392578125, 1189.693115234375, 1824.408447265625
1208.9005126953125, 1201.0726318359375, 1345.866455078125
1217.269287109375, 1212.4598388671875, 570.2240600585938
1225.5086669921875, 1223.597900390625, 454.61279296875
1233.7393798828125, 1234.64453125, 34.559669494628906
1242.0816650390625, 1244.4796142578125, -526.9006958007812
1250.293212890625, 1247.14794921875, -423.2069091796875
1258.4945068359375, 1249.4080810546875, 357.542236328125
1266.684814453125, 1249.4681396484375, 1058.89404296875
1274.9837646484375, 1249.9248046875, 1983.333984375
1283.150390625, 1253.8189697265625, 1983.333984375
1291.4241943359375, 1264.6329345703125, 1983.333984375
1299.684326171875, 1275.4539794921875, 1983.333984375
1307.81103515625, 1286.0579833984375, 1983.333984375
1315.92333984375, 1296.5721435546875, 1983.333984375
1324.1397705078125, 1307.076904296875, 1983.333984375
1332.2215576171875, 1317.409912109375, 1983.333984375
1340.2872314453125, 1327.65283203125, 1983.333984375
1348.4547119140625, 1337.922119140625, 1953.755859375
1356.486572265625, 1347.9857177734375, 1703.005615234375
1364.500732421875, 1357.9666748046875, 1249.4791259765625
1372.4967041015625, 1367.859619140625, 603.2514038085938
1380.591064453125, 1377.7872314453125, 739.3197631835938
1388.548583984375, 1387.5087890625, 676.2227783203125
1396.486328125, 1395.3812255859375, 631.4889526367188
1404.403564453125, 1396.751708984375, 397.5870666503906
1412.2998046875, 1398.1124267578125, 924.7365112304688
1420.174560546875, 1401.0762939453125, 1971.421142578125
1428.142578125, 1409.6951904296875, 1983.333984375
1436.0872802734375, 1418.0074462890625, 1983.333984375
1444.0081787109375, 1426.3243408203125, 1983.333984375
1451.9046630859375, 1434.6568603515625, 1983.333984375
1459.6622314453125, 1442.9404296875, 1983.333984375
1467.3951416015625, 1451.2088623046875, 1983.333984375
1475.2158203125, 1459.4984130859375, 1983.333984375
1482.8970947265625, 1467.783447265625, 1983.333984375
1490.552001953125, 1476.0714111328125, 1983.333984375
1498.179931640625, 1484.33984375, 1983.333984375
1505.89208984375, 1492.6756591796875, 1983.333984375
1513.4642333984375, 1500.9443359375, 1983.333984375
1521.0079345703125, 1509.21337890625, 1983.333984375
1528.6329345703125, 1517.5103759765625, 1983.333984375
1536.2275390625, 1525.91357421875, 1983.333984375
1543.6817626953125, 1534.1824951171875, 1983.333984375
1551.21435546875, 1542.4876708984375, 1961.531494140625
1558.6064453125, 1550.7567138671875, 1840.4822998046875
1565.967041015625, 1559.0255126953125, 1609.771728515625
1573.4029541015625, 1567.3165283203125, 1304.5751953125
1580.6982421875, 1575.5855712890625, 894.4547729492188
1588.0670166015625, 1583.8787841796875, 400.6019592285156
1595.401123046875, 1592.1748046875, 765.0602416992188
1602.7000732421875, 1600.49560546875, 1000.0159912109375
1609.8583984375, 1606.022705078125, 461.2330017089844
1617.0860595703125, 1608.8494873046875, 920.5059204101562
1631.2239990234375, 1617.1187744140625, 1544.065185546875
1638.3411865234375, 1625.4140625, 1983.333984375
1645.420166015625, 1633.818359375, 1983.333984375
1652.358642578125, 1642.0880126953125, 1983.333984375
1659.2591552734375, 1650.357666015625, 1966.8858642578125
1666.2216796875, 1658.6502685546875, 1814.1209716796875
1673.0440673828125, 1666.920166015625, 1503.3592529296875
1679.826904296875, 1683.4991455078125, 289.9601135253906
1693.4688720703125, 1691.7945556640625, 485.2881774902344
1700.2269287109375, 1700.114501953125, 495.1958312988281
1706.845458984375, 1705.141357421875, 683.7041625976562
1713.5184326171875, 1705.1417236328125, 1136.5013427734375
1726.638427734375, 1705.1417236328125, 1983.333984375
1733.2745361328125, 1705.141845703125, 1983.333984375
1739.6768798828125, 1708.6640625, 1983.333984375
1746.03515625, 1725.2108154296875, 1983.333984375
1758.6175537109375, 1733.4808349609375, 1983.333984375
1764.8409423828125, 1750.0213623046875, 1801.3377685546875
1777.14990234375, 1758.298095703125, 1983.333984375
1783.32373046875, 1766.5977783203125, 1983.333984375
1789.4490966796875, 1774.9012451171875, 1983.333984375
1795.437744140625, 1791.4710693359375, 1176.933349609375
1807.443603515625, 1799.841064453125, 1054.8768310546875
1813.3714599609375, 1808.162841796875, 677.8845825195312
1819.1639404296875, 1816.4337158203125, 978.2227172851562
1824.90673828125, 1832.9752197265625, 482.29150390625
1836.324951171875, 1837.2999267578125, 368.4857482910156
1841.916015625, 1837.300048828125, 892.3324584960938
1847.537109375, 1837.3001708984375, 1081.9249267578125
1853.1051025390625, 1837.30029296875, 988.3826904296875
1864.08056640625, 1841.485595703125, 1983.333984375
1869.4871826171875, 1849.776611328125, 1983.333984375
1874.761962890625, 1858.0579833984375, 1983.333984375
1879.9833984375, 1874.771728515625, 1247.32958984375
1890.414306640625, 1883.04345703125, 1108.4971923828125
1895.4718017578125, 1891.3150634765625, 608.802734375
1900.474609375, 1907.8577880859375, 167.41775512695312
1910.314208984375, 1916.1290283203125, -457.0347900390625
1915.362548828125, 1924.732421875, -986.524169921875
1920.14013671875, 1936.4189453125, -1359.29833984375
1929.5255126953125, 1933.839111328125, -1264.84521484375
1934.132568359375, 1925.0697021484375, -173.52134704589844
1943.174072265625, 1920.6851806640625, 1489.239501953125
1947.6077880859375, 1919.4287109375, 1983.333984375
1956.2998046875, 1927.6962890625, 1983.333984375
1960.557373046875, 1935.9639892578125, 1983.333984375
1964.7557373046875, 1944.2421875, 1983.333984375
1968.8944091796875, 1952.5162353515625, 1983.333984375
1973.0328369140625, 1960.82568359375, 1983.333984375
1977.05078125, 1969.0936279296875, 1861.656005859375
1981.06591796875, 1977.4591064453125, 1261.7152099609375
1984.961669921875, 1985.7269287109375, 1133.5125732421875
1988.7965087890625, 1993.994873046875, 512.7296752929688
1992.625244140625, 2002.374267578125, -108.30538940429688
1996.33642578125, 2010.6424560546875, -1173.62158203125
2000.0921630859375, 2013.638427734375, -2144.810302734375
2003.6778564453125, 2010.73828125, -2325.112548828125
2007.201171875, 2006.354248046875, -1591.4267578125
2010.6619873046875, 2001.9700927734375, -494.3635559082031
2014.06005859375, 1997.5863037109375, 496.34600830078125
2017.3951416015625, 1996.118896484375, 1983.333984375
2020.6669921875, 2001.62548828125, 1983.333984375
2023.87548828125, 2009.8922119140625, 1983.333984375
2027.020263671875, 2018.165283203125, 1963.16845703125
2030.14599609375, 2026.4627685546875, 1360.711181640625
2033.2056884765625, 2034.8126220703125, 1131.4549560546875
2036.1563720703125, 2043.0799560546875, 305.2285461425781
2039.04248046875, 2051.3466796875, -577.5756225585938
2041.9049072265625, 2059.706787109375, -2036.2591552734375
2044.7005615234375, 2068.056884765625, -1260.6309814453125
2047.39013671875, 2076.324951171875, -1162.1700439453125
2050.014404296875, 2084.591796875, -1714.4085693359375
2052.5732421875, 2092.859130859375, -2892.300048828125
2055.06640625, 2095.23779296875, -3998.13623046875
2057.49365234375, 2074.373291015625, -2355.3857421875
2059.889404296875, 2044.874755859375, -496.056884765625
2062.18359375, 2015.67919921875, 1983.333984375
2064.41162109375, 2007.728759765625, 1983.333984375
2066.604248046875, 2013.77490234375, 1983.333984375
2068.728515625, 2022.0897216796875, 1983.333984375
2070.7548828125, 2030.3572998046875, 1983.333984375
2072.742431640625, 2038.7303466796875, 1983.333984375
2074.6611328125, 2047.058837890625, 1983.333984375
2076.484375, 2055.32666015625, 1983.333984375
2078.240234375, 2063.59423828125, 1983.333984375
2079.9287109375, 2071.86181640625, 1888.4512939453125
2081.549560546875, 2080.12939453125, 1037.669921875
2083.10302734375, 2088.397216796875, 411.587158203125
2084.60986328125, 2096.691650390625, -450.9538269042969
