1100.0, -0.08082995563745499,1.0, True
1293.9106284074524, -0.08082995563745499,1.0, True
1285.2810108449592, 1105.3397216796875,1.0, True
1276.637080857549, 1115.840576171875,1.0, True
1267.9795061639402, 1127.1090087890625,1.0, True
1259.308955536864, 1139.0689697265625,1.0, True
1250.6260987514058, 1150.8865966796875,1.0, True
1241.9316065332662, 1162.5682373046875,1.0, True
1233.2261505069494, 1174.128662109375,1.0, False
1224.510403143882, 1185.57421875,0.019999999552965164, False
1215.7850377104678, 1196.91064453125,0.0, False
1207.0507282160775, 1208.1451416015625,0.0, False
1198.3081493609852, 1219.28564453125,0.0, False
1189.5579764842503, 1230.3323974609375,-1.0, False
1180.800885511547, 1237.09814453125,-1.0, False
1172.0375529029536, 1223.4957275390625,-1.0, False
1163.2686556006963, 1194.306640625,0.0, False
1154.494870976858, 1165.1181640625,0.0, False
1145.716876781053, 1148.619873046875,0.0, False
1136.9353510880735, 1144.235595703125,0.0, False
1128.1509722455087, 1139.852294921875,0.0, False
1119.3644188213464, 1135.471435546875,0.0, False
1110.5763695515536, 1131.0906982421875,0.0, False
1101.7875032876482, 1126.7099609375,0.0, False
1092.9984989442573, 1122.330810546875,0.0, False
1084.2100354466752, 1117.9483642578125,0.0, False
1075.4227916784173, 1113.565185546875,-1.0, False
1066.637446428778, 1109.1839599609375,-1.0, False
1057.8546783403965, 1092.1102294921875,0.0, False
1049.0751658568347, 1062.93798828125,0.0, False
1040.2995871701671, 1046.45556640625,0.0, False
1031.5286201685944, 1042.0711669921875,0.0, False
1022.7629423840783, 1037.6871337890625,0.0, False
1014.0032309400027, 1033.3026123046875,0.0, False
1005.2501624988697, 1028.9180908203125,0.0, False
996.5044132100278, 1024.535888671875,0.0, False
987.766658657443, 1020.1522827148438,0.0, False
979.0375738075103, 1015.768798828125,-1.0, False
970.317832956915, 1011.385498046875,-1.0, False
961.6081096805458, 994.3036499023438,0.0, False
952.9090767794621, 965.131591796875,0.0, False
944.2214062289232, 948.66015625,0.0, False
935.5457691264791, 944.2781982421875,0.0, False
926.8828356401305, 939.8964233398438,0.0, False
918.2332749565604, 935.514892578125,0.0, False
909.5977552294414, 931.1337280273438,0.0, False
900.9769435278228, 926.7529296875,0.0, False
892.3715057846005, 922.3720092773438,0.0, False
883.7821067450772, 917.9931030273438,0.0, False
875.2094099156114, 913.6126708984375,-1.0, False
866.6540775123642, 909.2322387695312,-1.0, False
858.1167704101445, 892.1436767578125,0.0, False
849.5981480913587, 862.9738159179688,0.0, False
841.0988685950675, 846.513916015625,0.0, False
832.619588466154, 842.1339111328125,0.0, False
822.2841387657103, 836.5159912109375,0.0, False
813.8516444058012, 832.135986328125,0.0, False
805.4412541829308, 827.7560424804688,0.0, False
797.0536177755419, 823.3760986328125,0.0, False
788.6893831044104, 818.9962158203125,0.0, False
780.3491962825955, 814.6162109375,0.0, False
772.0337015655291, 810.236328125,-1.0, False
763.7435413012491, 805.8564453125,-1.0, False
755.4793558807798, 781.7525634765625,0.0, False
747.2417836886638, 752.5831298828125,0.0, False
739.0314610536482, 743.1376953125,0.0, False
730.8490221995298, 738.7577514648438,0.0, False
722.6950991961646, 734.3778076171875,0.0, False
714.5703219106401, 729.9979248046875,0.0, False
706.4753179586219, 725.6180419921875,0.0, False
698.4107126558705, 721.2381591796875,0.0, False
690.3771289699386, 716.8595581054688,0.0, False
682.3751874720483, 712.479736328125,0.0, False
674.4055062891534, 708.0997924804688,0.0, False
666.4687010561918, 703.719970703125,0.0, False
658.5653848685282, 699.3399658203125,-1.0, False
650.6961682345953, 694.9600219726562,-1.0, False
642.8616590287335, 670.8452758789062,0.0, False
635.062462444234, 641.6756591796875,0.0, False
627.2991809465896, 632.2411499023438,0.0, False
619.5724142269561, 627.8612060546875,0.0, False
611.882759155828, 623.4813842773438,0.0, False
604.2308097369311, 619.1014404296875,0.0, False
596.617157061339, 614.7214965820312,0.0, False
589.0423892618111, 610.341552734375,0.0, False
581.5070914673628, 605.961669921875,0.0, False
574.0118457580647, 601.5817260742188,0.0, False
566.5572311200793, 597.2017822265625,0.0, False
559.1438234009358, 592.8218383789062,0.0, False
551.7721952650473, 588.44189453125,0.0, False
544.4429161494746, 584.06201171875,0.0, False
537.1565522199381, 579.6820068359375,-1.0, False
529.9136663270841, 575.3021240234375,-1.0, False
522.7148179630054, 551.1748657226562,0.0, False
515.5605632180224, 522.0053100585938,0.0, False
508.4514547377268, 512.584716796875,0.0, False
501.3880416802913, 508.2048034667969,0.0, False
494.37086967404855, 503.8248596191406,0.0, False
487.4004807753434, 499.4449768066406,0.0, False
480.47741342665984, 495.0650329589844,0.0, False
473.6022024150286, 490.6863708496094,0.0, False
466.77537883071585, 486.3064270019531,0.0, False
459.9974700261984, 481.9264831542969,0.0, False
453.2689995754272, 477.5465087890625,0.0, False
446.59048723338225, 473.1665954589844,0.0, False
439.96244889592384, 468.78668212890625,0.0, False
433.3853965599404, 464.4067687988281,0.0, False
426.85983828379835, 460.0268249511719,0.0, False
420.3862781480966, 455.6468811035156,0.0, False
413.965216216727, 451.26690673828125,0.0, False
407.59714849824616, 446.8869934082031,0.0, False
401.28256690756047, 442.507080078125,0.0, False
395.0219592279267, 438.1271667480469,0.0, False
388.8158090732723, 433.7471923828125,0.0, False
382.66459585083777, 429.3672790527344,0.0, False
376.56879472414363, 424.9873352050781,-1.0, False
370.5288765762852, 420.607421875,-1.0, False
364.54530797355886, 396.46136474609375,0.0, False
358.6185511294208, 367.29180908203125,0.0, False
352.7490638687818, 357.8899230957031,0.0, False
346.93729959264283, 353.5099792480469,0.0, False
341.18370724307, 349.1300354003906,0.0, False
335.48873126851544, 344.7500915527344,0.0, False
329.8528115894852, 340.3701477050781,0.0, False
324.27638356455645, 335.9902038574219,0.0, False
318.7598779567471, 331.6103210449219,0.0, False
313.3037209002407, 327.2303771972656,0.0, False
307.9083338674694, 322.8504638671875,0.0, False
302.5741336365552, 318.4704895019531,0.0, False
297.30153225911613, 314.09039306640625,0.0, False
292.09093702843614, 309.71044921875,0.0, False
286.9427504480023, 305.33050537109375,0.0, False
281.8573702004136, 300.95062255859375,0.0, False
276.83518911666016, 296.5706481933594,0.0, False
271.87659514577877, 292.19073486328125,0.0, False
266.9819713248847, 287.810791015625,0.0, False
262.15169574958287, 283.4308776855469,0.0, False
257.38614154476204, 279.0509033203125,0.0, False
252.68567683577092, 274.6709899902344,0.0, False
248.05066471998182, 270.2910461425781,0.0, False
243.4814632387432, 265.9111328125,0.0, False
238.97842534972057, 261.53118896484375,0.0, False
234.54189889963305, 257.1512756347656,0.0, False
230.17222659738212, 252.7713165283203,0.0, False
225.8697459875788, 248.39137268066406,0.0, False
221.63478942446923, 244.01145935058594,0.0, False
217.46768404626127, 239.63153076171875,0.0, False
213.3687517498538, 235.25157165527344,0.0, False
209.33830916597174, 230.8716583251953,0.0, False
205.3766676347063, 226.49171447753906,0.0, False
201.48413318146586, 222.1117706298828,0.0, False
197.6610064933354, 217.7318572998047,0.0, False
193.9075828958502, 213.35191345214844,0.0, False
190.22415233018208, 208.97198486328125,0.0, False
186.61099933074277, 204.59205627441406,0.0, False
183.06840300320394, 200.2121124267578,0.0, False
179.5966370029377, 195.83218383789062,0.0, False
176.19596951387717, 191.45223999023438,0.0, False
172.86666322779988, 187.0723114013672,0.0, False
169.60897532403584, 182.69236755371094,0.0, False
166.42315744960146, 178.31243896484375,0.0, False
163.30945569975952, 173.93252563476562,0.0, False
160.26811059901047, 169.5525665283203,0.0, False
157.2993570825112, 165.17263793945312,0.0, False
154.40342447792798, 160.79269409179688,0.0, False
151.58053648772108, 156.41278076171875,0.0, False
148.83091117186453, 152.0328369140625,0.0, False
146.15476093100145, 147.65289306640625,0.0, False
143.552292490037, 143.27296447753906,0.0, False
141.02370688216925, 138.89300537109375,0.019999999552965164, False
138.5691994333601, 134.51309204101562,0.019999999552965164, False
136.18895974724688, 133.85687255859375,0.019999999552965164, False
133.8831716904958, 134.13685607910156,0.019999999552965164, False
131.652013378599, 134.41685485839844,0.0, False
129.49565716211563, 134.6968536376953,0.0, False
127.41426961335821, 131.25254821777344,0.0, False
125.40801151352542, 126.87261199951172,0.019999999552965164, False
123.4770378402822, 122.49268341064453,0.019999999552965164, False
121.62149775578801, 121.8454818725586,0.019999999552965164, False
119.8415345951751, 122.1354751586914,0.019999999552965164, False
118.13728585547534, 122.42546844482422,0.0, False
116.50888318499975, 122.71546173095703,0.0, False
114.95645237316853, 119.27214813232422,0.019999999552965164, False
113.48011334079477, 114.8922119140625,0.019999999552965164, False
112.07998013082022, 114.24588775634766,0.019999999552965164, False
110.75616089950624, 114.53588104248047,0.019999999552965164, False
109.50875790807912, 114.82587432861328,0.019999999552965164, False
108.33786751483032, 115.1158676147461,0.0, False
107.24358016767322, 115.40586853027344,0.0, False
106.22598039715658, 111.96151733398438,0.019999999552965164, False
105.28514680993428, 107.58158874511719,0.019999999552965164, False
104.42115208269365, 106.93628692626953,0.019999999552965164, False
103.6340629565411, 107.22628021240234,0.019999999552965164, False
102.92394023184659, 107.51628875732422,0.019999999552965164, False
102.29083876354706, 107.80628204345703,0.019999999552965164, False
101.73480745690932, 108.09627532958984,0.019999999552965164, False
101.25588926375161, 108.38626861572266,0.019999999552965164, False
100.85412117912618, 108.67626190185547,0.019999999552965164, False
100.52953423846157, 108.96627044677734,0.019999999552965164, False
100.28215351516468, 109.25625610351562,0.019999999552965164, False
100.11199811868477, 109.54624938964844,0.019999999552965164, False
100.01908119303637, 109.83624267578125,0.019999999552965164, False
100.0034099157846, 110.12623596191406,0.019999999552965164, False
100.06498549749077, 110.4162368774414,0.019999999552965164, False
100.20380318161814, 110.70623779296875,0.019999999552965164, False
100.41985224490013, 110.99623107910156,0.019999999552965164, False
100.71311599816835, 111.28622436523438,0.019999999552965164, False
101.08357178764172, 111.57621765136719,0.019999999552965164, False
101.53119099667663, 111.86621856689453,0.019999999552965164, False
102.05593904797728, 112.15621185302734,0.019999999552965164, False
102.65777540626664, 112.44620513916016,0.019999999552965164, False
103.33665358141786, 112.73619842529297,0.019999999552965164, False
104.09252113204559, 113.02619171142578,0.019999999552965164, False
104.92531966955664, 113.31619262695312,0.019999999552965164, False
105.8349848626604, 113.60619354248047,0.019999999552965164, False
106.82144644233848, 113.89618682861328,0.019999999552965164, False
107.88462820727251, 114.18617248535156,0.019999999552965164, False
109.02444802973055, 114.47616577148438,0.019999999552965164, False
110.24081786191131, 114.76616668701172,0.03331269323825836, False
111.53364374274555, 115.05616760253906,0.0560884065926075, False
112.90282580515432, 115.418212890625,0.07894109934568405, False
114.34825828376316, 116.03840637207031,0.09874298423528671, False
115.86982952307268, 116.95059204101562,0.11492922902107239, False
117.46742198608295, 118.15278625488281,0.1275337189435959, False
119.14091226337375, 119.56490325927734,0.13790057599544525, False
120.89017108263667, 121.09495544433594,0.14757440984249115, False
122.71506331866178, 122.79708862304688,0.15563982725143433, False
124.61544800377521, 124.60913848876953,0.16314023733139038, False
126.59117833872857, 126.51920318603516,0.17027312517166138, False
128.64210170403888, 128.52125549316406,0.17713753879070282, False
130.7680596717782, 130.61329650878906,0.18376412987709045, False
132.96888801781094, 132.72328186035156,0.19137105345726013, False
135.24441673448084, 134.9053497314453,0.1990409642457962, False
137.5944700437425, 137.18540954589844,0.20633167028427124, False
140.01886641074046, 139.55746459960938,0.21334125101566315, False
142.51741855783195, 142.01953125,0.2201000452041626, False
145.0899334790534, 144.57159423828125,0.22660408914089203, False
147.73621245503, 147.2136688232422,0.23284953832626343, False
150.45605106832582, 149.9457244873047,0.238832488656044, False
153.2492392192347, 152.76780700683594,0.2445477396249771, False
156.11556114200974, 155.59976196289062,0.25136762857437134, False
159.05479542153077, 158.5018310546875,0.25825807452201843, False
162.0667150104077, 161.49388122558594,0.26487380266189575, False
165.15108724651938, 164.5759735107422,0.27120810747146606, False
168.30767387098632, 167.74806213378906,0.27725717425346375, False
171.53623104657532, 170.9299774169922,0.28440606594085693, False
174.83650937653516, 174.18206787109375,0.291608601808548, False
178.20825392386197, 177.51611328125,0.298656165599823, False
181.6512042309919, 180.93820190429688,0.305437833070755, False
185.16509433992135, 184.44229125976562,0.31205320358276367, False
188.74965281275124, 188.0263671875,0.3185320198535919, False
192.40460275265448, 191.69943237304688,0.32471129298210144, False
196.1296618252658, 195.38136291503906,0.33199629187583923, False
199.92454228049138, 199.1254425048828,0.33944904804229736, False
203.78895097473614, 202.94952392578125,0.34675052762031555, False
207.72258939354882, 206.85362243652344,0.35389387607574463, False
211.72515367468125, 210.83770751953125,0.3608742654323578, False
215.79633463156068, 214.90179443359375,0.36768490076065063, False
219.9358177771734, 219.04588317871094,0.3743196129798889, False
224.14328334835844, 223.26194763183594,0.38091519474983215, False
228.41840633050802, 227.55604553222656,0.38735753297805786, False
232.76085648267386, 231.8579559326172,0.3949078321456909, False
237.1702983630779, 236.21405029296875,0.4027305543422699, False
241.6463913550234, 240.64813232421875,0.4103901982307434, False
246.18878969320755, 245.15423583984375,0.4179883599281311, False
250.79714249043005, 249.7303009033203,0.4255557358264923, False
255.47109376469834, 254.3763885498047,0.43308597803115845, False
260.2102824667265, 259.09246826171875,0.4405728876590729, False
265.01434250782495, 263.8785095214844,0.4480104446411133, False
269.8829027881798, 268.734619140625,0.45538923144340515, False
274.81558722551944, 273.6606750488281,0.4627056121826172, False
279.8120147841655, 278.6567687988281,0.4699503481388092, False
284.87179950446694, 283.7228698730469,0.4771167039871216, False
289.99455053261437, 288.8509521484375,0.48434704542160034, False
295.1798721508323, 294.0470275878906,0.49152278900146484, False
300.4273638079472, 299.3050842285156,0.49874943494796753, False
305.73662015032886, 304.5589599609375,0.5072790384292603, False
311.107231053203, 309.8570251464844,0.5161966681480408, False
316.5387816523321, 315.215087890625,0.5251967310905457, False
322.0308523760622, 320.70538330078125,0.5328807830810547, False
327.58301897773424, 326.26544189453125,0.5404344201087952, False
333.19485256845525, 331.883544921875,0.5480746030807495, False
338.8659196502293, 337.5616149902344,0.555757999420166, False
344.59578214944344, 343.2916564941406,0.5636329650878906, False
350.38399745070814, 349.0797424316406,0.5715745091438293, False
356.2301184310478, 354.9197998046875,0.5796955227851868, False
362.13369349443946, 360.81787109375,0.5878698825836182, False
368.09426660669817, 366.7679138183594,0.5962112545967102, False
374.1113773307032, 372.7679748535156,0.6047518849372864, False
380.1845608619662, 378.8179931640625,0.6134869456291199, False
386.31334806453566, 384.9100341796875,0.6225709915161133, False
392.49726550723676, 391.0501403808594,0.6318773627281189, False
398.73583550024205, 397.24017333984375,0.6413632035255432, False
405.0285761319719, 403.4721984863281,0.6511839628219604, False
411.37500130632077, 409.75225830078125,0.6612103581428528, False
417.77462078020653, 416.1385803222656,0.6702297925949097, False
424.2269402014407, 422.58056640625,0.6792716383934021, False
430.73146114691554, 429.0626220703125,0.688652753829956, False
437.2876811611053, 435.5846252441406,0.698371946811676, False
443.89509379488055, 442.1386413574219,0.7085918188095093, False
450.55318864462913, 448.7949523925781,0.7178142666816711, False
457.2614513916833, 455.4989318847656,0.7271825075149536, False
464.01936384204987, 462.2329406738281,0.7370684742927551, False
470.8264039664388, 469.0049743652344,0.7472970485687256, False
477.6820459405887, 475.86517333984375,0.7567697167396545, False
484.5857601858852, 482.7691650390625,0.7664371132850647, False
491.53701341026914, 489.7032165527344,0.7765932083129883, False
498.5352686494321, 496.6591491699219,0.7874176502227783, False
505.5799853082952, 503.69940185546875,0.7975177764892578, False
512.6706192027689, 510.7833557128906,0.8077806830406189, False
519.806622601789, 517.889404296875,0.8186856508255005, False
526.9874442696276, 525.071533203125,0.8290056586265564, False
534.2125295084749, 532.28759765625,0.8396823406219482, False
541.4813202012873, 539.5234985351562,0.851035475730896, False
548.7932548549005, 546.8277587890625,0.8619422316551208, False
556.1477686434039, 554.1636352539062,0.8732357025146484, False
563.5442934517707, 561.5116577148438,0.8853752017021179, False
570.9822579197441, 568.92578125,0.8970819115638733, False
578.4610874859728, 576.3637084960938,0.9093456268310547, False
585.980204432394, 583.8679809570312,0.9211410284042358, False
593.5390279288608, 591.3958129882812,0.933482825756073, False
601.1369740780098, 598.9819946289062,0.945519745349884, False
608.773455960365, 606.6381225585938,0.9569442868232727, False
616.4478836796761, 614.30810546875,0.9691221117973328, False
624.1596644084862, 622.0262451171875,0.9811980128288269, False
631.9082024339251, 629.7564086914062,0.9940664768218994, False
639.6928992037283, 637.5345458984375,1.0, False
647.5131533724716, 645.3244018554688,1.0, False
655.3683608480245, 653.1062622070312,1.0, False
663.2579148382139, 660.8378295898438,1.0, False
671.1812058976972, 668.50146484375,1.0, False
679.1376219750405, 676.1032104492188,1.0, False
687.1265484599976, 683.6367797851562,1.0, False
695.1473682309864, 691.1083984375,1.0, False
703.199461702761, 698.5120239257812,1.0, False
711.2822068742714, 705.8536376953125,1.0, False
719.3949793767127, 713.1351928710938,1.0, False
727.5371525217543, 720.348876953125,1.0, False
735.708097349951, 727.50048828125,1.0, False
743.907182679328, 734.5921020507812,1.0, False
752.1337751541374, 741.623779296875,1.0, False
760.3872392937839, 748.5953979492188,1.0, False
768.6669375419128, 755.5070190429688,1.0, False
776.9722303156608, 762.3587036132812,1.0, True
785.3024760550604, 769.1502685546875,1.0, True
793.6570312726, 782.47998046875,1.0, False
802.0352506029302, 797.29541015625,1.0, False
810.4364868527172, 811.9808349609375,1.0, False
818.8600910506362, 826.5442504882812,1.0, False
827.3054124975035, 840.9796142578125,0.8509510159492493, False
835.7717988165397, 855.2928466796875,0.6684443950653076, False
844.2585960037643, 869.4861450195312,0.48310503363609314, False
852.7651484785173, 883.5513305664062,0.29511839151382446, False
861.2907991340983, 897.4945068359375,0.10417530685663223, False
869.8348893885279, 911.3258056640625,0.019999999552965164, False
878.3967592354209, 925.0390014648438,0.019999999552965164, False
886.9757472949694, 938.6322631835938,0.0, False
895.5711908650333, 945.5123291015625,0.0, False
904.1824259723309, 943.01171875,0.021525463089346886, False
912.8087874237306, 938.6315307617188,0.5361841917037964, False
921.4496088576336, 937.874267578125,0.9075955152511597, False
930.1042227954492, 940.176025390625,1.0, False
938.7719606931558, 944.56787109375,1.0, False
947.4521529929433, 949.7001342773438,1.0, False
956.1441291749347, 954.8878173828125,1.0, False
964.8472178089827, 960.0355834960938,1.0, True
973.5607466065343, 965.1353149414062,1.0, True
982.2840424725644, 976.7886962890625,1.0, True
991.0164315575698, 989.9402465820312,1.0, False
999.7572393096224, 1002.9736328125,1.0, False
1008.5057905264761, 1015.8949584960938,1.0, False
1017.2614094077246, 1028.706298828125,1.0, False
1026.0234196070048, 1041.407470703125,1.0, False
1034.7911442842428, 1053.9986572265625,1.0, False
1043.5639061579375, 1066.4879150390625,0.8471850752830505, False
1052.3410275574788, 1078.8692626953125,0.6859867572784424, False
1061.1218304754962, 1091.1405029296875,0.521869957447052, False
1069.905636620232, 1103.3096923828125,0.35423752665519714, False
1078.6917674679385, 1115.3709716796875,0.18321549892425537, False
1087.4795443152905, 1120.7314453125,0.3769870102405548, False
1096.2682883318148, 1121.99951171875,0.7994772791862488, False
1105.0573206123272, 1123.2574462890625,1.0, False
1113.8459622293756, 1125.92236328125,1.0, False
1122.633534285685, 1129.4561767578125,1.0, False
1131.419357966602, 1133.1019287109375,1.0, True
1140.2027545925298, 1136.7177734375,1.0, True
1148.983045671354, 1146.9041748046875,1.0, True
1157.7595529508556, 1158.5936279296875,1.0, True
1166.5315984711024, 1170.18310546875,1.0, True
1175.2985046168214, 1181.6724853515625,1.0, False
1184.0595941697402, 1193.0618896484375,1.0, False
1192.8141903609026, 1204.359130859375,1.0, False
1201.5616169229447, 1215.558349609375,1.0, False
1210.3011981423372, 1226.6575927734375,1.0, False
1219.03225891158, 1237.6649169921875,1.0, False
1227.754124781353, 1248.5740966796875,1.0, False
1236.4661220126168, 1259.391845703125,1.0, False
1245.1675776286545, 1270.119140625,1.0, False
1253.8578194670604, 1274.1444091796875,1.0, False
1262.536176231659, 1276.5478515625,1.0, False
1271.2019775443637, 1278.931396484375,1.0, True
1279.85455399696, 1281.2952880859375,1.0, True
1288.4932372028163, 1290.243896484375,1.0, True
1297.1173598485134, 1300.701416015625,1.0, True
1305.7262557453942, 1311.0770263671875,1.0, True
1314.319259881024, 1321.3643798828125,1.0, True
1322.8957084705607, 1331.561767578125,1.0, True
1331.454939008031, 1341.669189453125,1.0, False
1339.9962903175058, 1351.6864013671875,1.0, False
1348.5191026041757, 1361.6217041015625,1.0, False
1357.022717505317, 1371.468994140625,1.0, False
1365.5064781411486, 1381.234375,1.0, False
1373.9697291655748, 1390.919677734375,1.0, False
1382.4118168168081, 1400.4039306640625,1.0, False
1390.8320889678712, 1403.0501708984375,1.0, True
1399.22989517697, 1403.9649658203125,1.0, True
1407.6045867377413, 1410.801513671875,1.0, True
1415.955516729361, 1419.0616455078125,1.0, True
1424.2820400665187, 1427.3216552734375,1.0, True
1432.5835135492464, 1435.5816650390625,1.0, True
1440.859295912607, 1443.8416748046875,1.0, True
1449.1087478762274, 1452.1016845703125,1.0, True
1457.3312321936821, 1460.3614501953125,1.0, True
1465.5261137017192, 1468.6214599609375,1.0, True
1473.692759369324, 1476.88134765625,1.0, True
1481.8305383466193, 1485.1412353515625,1.0, True
1489.9388220135966, 1493.401123046875,1.0, True
1498.0169840286753, 1501.6610107421875,1.0, True
1506.0644003770858, 1509.9208984375,1.0, True
1514.0804494190727, 1518.1806640625,1.0, True
1522.064511937915, 1526.4405517578125,1.0, True
1530.015971187758, 1534.700439453125,1.0, True
1537.9342129412562, 1542.9603271484375,1.0, True
1545.81862553702, 1551.2205810546875,1.0, True
1553.6685999268648, 1559.48046875,1.0, True
1561.4835297228583, 1567.7403564453125,1.0, True
1569.2628112441623, 1576.0001220703125,1.0, True
1577.0058435636654, 1584.260009765625,1.0, True
1584.7120285544022, 1592.5198974609375,1.0, True
1592.3807709357582, 1600.77978515625,1.0, True
1600.0114783194522, 1609.039794921875,1.0, True
1607.6035612552969, 1617.2996826171875,1.0, True
1615.1564332767327, 1625.5595703125,1.0, True
1622.669510946131, 1633.8193359375,1.0, True
1630.1422138998612, 1642.0792236328125,1.0, True
1637.5739648931237, 1650.339111328125,1.0, True
1644.9641898445407, 1658.5989990234375,0.019999999552965164, False
1652.3123178805008, 1666.85888671875,0.019999999552965164, False
1659.6177813792583, 1668.445068359375,1.0, True
1666.8800160147805, 1668.4447021484375,1.0, True
1674.0984608003403, 1675.1187744140625,1.0, True
1681.2725581318496, 1683.37890625,1.0, True
1688.401753830934, 1691.68505859375,1.0, True
1695.485497187741, 1699.9500732421875,1.0, True
1702.5232410034805, 1708.341064453125,1.0, True
1709.5144416326953, 1716.630126953125,1.0, True
1716.4585590252548, 1724.8900146484375,1.0, True
1723.3550567680732, 1733.14990234375,1.0, True
1730.203402126545, 1741.427001953125,0.019999999552965164, False
1737.0030660856983, 1749.8287353515625,0.019999999552965164, False
1743.7535233910596, 1758.0902099609375,0.019999999552965164, False
1750.4542525892275, 1766.4261474609375,0.019999999552965164, False
1757.1047360681532, 1767.560546875,0.019999999552965164, False
1765.893000000052, 1767.5601806640625,1.0, True
1772.4242524085116, 1767.56005859375,1.0, True
1778.9035619784647, 1770.0714111328125,1.0, True
1785.3304282018923, 1778.36376953125,1.0, True
1791.7043546218727, 1786.784423828125,1.0, True
1798.0248488709321, 1795.0445556640625,1.0, True
1804.2914227090776, 1803.304443359375,1.0, True
1810.5035920615132, 1811.5648193359375,1.0, True
1816.6608770560329, 1819.8592529296875,1.0, True
1822.7628020600891, 1828.14453125,1.0, True
1828.8088957175346, 1836.4263916015625,0.019999999552965164, False
1834.7986909850324, 1844.72216796875,0.019999999552965164, False
1840.7317251681352, 1853.0479736328125,0.019999999552965164, False
1846.6075399570245, 1861.307861328125,0.019999999552965164, False
1852.4256814619173, 1866.6761474609375,0.019999999552965164, False
1858.1857002481245, 1866.67578125,0.019999999552965164, False
1863.8871513707697, 1866.675537109375,1.0, True
1869.529594409161, 1866.6754150390625,1.0, True
1875.1125935008101, 1869.757568359375,1.0, True
1880.6357173751032, 1878.0179443359375,1.0, True
1886.0985393866144, 1886.2779541015625,1.0, True
1891.5006375480639, 1894.6361083984375,1.0, True
1896.8415945629133, 1902.8961181640625,0.019999999552965164, False
1902.1209978576028, 1911.156005859375,0.019999999552965164, False
1907.3384396134204, 1919.423828125,0.019999999552965164, False
1912.4935167980036, 1927.7269287109375,0.019999999552965164, False
1917.585831196475, 1936.005859375,0.019999999552965164, False
1922.6149894422008, 1944.325439453125,0.019999999552965164, False
1927.5806030471792, 1952.599365234375,1.0, False
1932.4822884320474, 1960.9154052734375,1.0, False
1937.3196669557155, 1965.7916259765625,1.0, False
1942.0923649446124, 1965.791259765625,1.0, False
1946.800013721553, 1965.791015625,0.019999999552965164, False
1951.4422496342156, 1965.7908935546875,0.019999999552965164, False
1956.018714083235, 1965.790771484375,0.019999999552965164, False
1960.5290535499016, 1965.7906494140625,0.019999999552965164, False
1964.972919623471, 1965.7906494140625,0.019999999552965164, False
1969.3499690280767, 1965.7906494140625,1.0, True
1973.6598636492477, 1965.7906494140625,1.0, True
1977.9022705600269, 1969.49169921875,1.0, True
1982.0768620466886, 1977.7979736328125,1.0, True
1986.1833156340533, 1986.1407470703125,0.019999999552965164, False
1990.2213141103987, 1994.4072265625,0.019999999552965164, False
1994.1905455519616, 2002.7958984375,0.019999999552965164, False
1998.0907033470357, 2011.055908203125,0.019999999552965164, False
2001.921486219654, 2019.317626953125,1.0, False
2005.6825982528644, 2027.5775146484375,1.0, False
2009.3737489115845, 2035.8375244140625,0.0, False
2012.9946530650473, 2044.0972900390625,0.0, False
2016.5450310088272, 2052.38232421875,0.0, False
2020.024608486445, 2060.67626953125,0.0, False
2023.4331167105531, 2064.90673828125,0.0, False
2026.7702923836998, 2062.72021484375,0.0, False
2030.0358777186673, 2058.340087890625,0.0, False
2033.2296204583863, 2053.95361328125,1.0, False
2036.3512738954196, 2049.550537109375,0.019999999552965164, False
2039.4005968910226, 2047.386962890625,0.019999999552965164, False
2042.3773538937692, 2047.386962890625,0.019999999552965164, False
2045.2813149577462, 2047.386962890625,0.019999999552965164, False
2048.1122557603185, 2047.386962890625,0.019999999552965164, False
2050.869957619455, 2047.386962890625,0.019999999552965164, False
2053.554207510623, 2047.386962890625,0.019999999552965164, False
2056.164798083243, 2047.386962890625,0.019999999552965164, False
2058.7015276767056, 2047.386962890625,1.0, True
2061.164200335949, 2047.386962890625,1.0, True
2063.5526258265973, 2052.08642578125,1.0, True
2065.8666196496542, 2060.346435546875,0.019999999552965164, False
2068.1060030557555, 2068.606689453125,0.019999999552965164, False
2070.2706030589775, 2076.86669921875,0.019999999552965164, False
2072.3602524501994, 2085.126708984375,1.0, False
2074.374789810018, 2093.405029296875,0.0, False
2076.3140595212194, 2101.678955078125,0.0, False
2078.1779117808, 2109.95166015625,0.0, False
2079.966202611535, 2118.21142578125,0.0, False
2081.678793873105, 2126.471435546875,0.0, False
2083.315553272762, 2134.731201171875,0.0, False
2084.876354375553, 2143.06103515625,0.0, False
2086.3610766140846, 2146.50341796875,0.0, False
2087.769605297836, 2143.93408203125,0.0, False
2089.1018316220193, 2139.514892578125,0.0, False
2090.3576526759844, 2135.134765625,0.0, False
2091.53697145117, 2130.682861328125,0.0, False
2092.639696848593, 2126.302978515625,0.0, False
2093.6657436858904, 2121.89697265625,0.0, False
2094.6150327038963, 2117.51708984375,0.0, False
2095.4874905727656, 2113.13720703125,0.0, False
2096.2830498976396, 2108.74169921875,1.0, False
2097.0016492238483, 2104.3447265625,1.0, False
2097.6432330416624, 2102.70458984375,1.0, False
2098.2077517905786, 2102.70458984375,1.0, False
2098.695161863147, 2102.70458984375,1.0, False
2099.1054256083435, 2102.70458984375,1.0, False
2099.438511334473, 2102.70458984375,1.0, False
2099.6943933116218, 2102.70458984375,1.0, False
2099.8730517736444, 2102.70458984375,1.0, False
2099.974472919688, 2102.70458984375,1.0, False
2099.9986489152616, 2102.70458984375,1.0, False
2099.9455778928386, 2102.70458984375,1.0, False
2099.8152639520026, 2102.70458984375,1.0, False
2099.6077171591305, 2102.70458984375,1.0, False
2099.3229535466153, 2102.70458984375,1.0, False
2098.9609951116263, 2102.70458984375,1.0, False
2098.5218698144113, 2102.70458984375,1.0, False
2098.0056115761354, 2102.70458984375,1.0, False
2097.4122602762623, 2102.70458984375,1.0, False
2096.7418617494723, 2102.70458984375,1.0, False
2095.9944677821227, 2102.70458984375,0.0, False
2095.170136108246, 2102.70458984375,0.0, False
2094.2689304050928, 2099.644287109375,1.0, False
2093.2909202882097, 2095.1650390625,1.0, False
2092.2361813060643, 2093.945068359375,1.0, False
2091.104794934207, 2093.945068359375,1.0, False
2089.89684856898, 2093.945068359375,0.0, False
2088.612435520765, 2093.945068359375,0.0, False
2087.2516550067717, 2090.78466796875,0.0, False
2085.8146121433806, 2086.3837890625,1.0, False
2084.3014179380166, 2081.975341796875,1.0, False
2082.7121892805785, 2080.805419921875,1.0, False
2081.0470489344066, 2080.805419921875,1.0, False
2079.3061255268003, 2080.805419921875,1.0, False
2077.489553539084, 2080.805419921875,0.0, False
2075.5974732962163, 2080.805419921875,0.0, False
2073.63003095595, 2077.44580078125,0.0, False
2071.587378497546, 2073.06591796875,0.0, False
2069.469673710028, 2068.68603515625,1.0, False
2067.2770801799966, 2064.305908203125,1.0, False
2065.0097672789925, 2063.286376953125,1.0, False
2062.6679101504133, 2063.286376953125,0.0, False
2060.251689695983, 2063.286376953125,0.0, False
2057.7612925617777, 2059.874267578125,0.0, False
2055.196911123811, 2055.480224609375,0.0, False
2052.558743473169, 2051.0888671875,0.0, False
2049.846993400711, 2046.667236328125,1.0, False
2047.0618703813268, 2042.283935546875,1.0, False
2044.203589557755, 2041.38720703125,0.0, False
2041.2723717239642, 2041.38720703125,0.0, False
2038.2684433080974, 2037.815673828125,0.0, False
2035.1920363549793, 2033.4356689453125,0.0, False
2032.0433885081957, 2029.0557861328125,0.0, False
2028.822742991731, 2024.675537109375,0.0, False
2025.5303485911843, 2020.2843017578125,0.0, False
2022.1664596345486, 2015.8916015625,1.0, False
2018.7313359725651, 2011.4791259765625,1.0, False
2015.2252429586524, 2010.728515625,0.0, False
2011.6484514284064, 2010.728515625,0.0, False
2008.00123767868, 2007.0697021484375,0.0, False
2004.2838834462398, 2002.6644287109375,0.0, False
2000.4966758860032, 1998.27294921875,0.0, False
1996.6399075488566, 1993.8118896484375,0.0, False
1992.7138763590547, 1989.431884765625,0.0, False
1988.7188855912098, 1985.052001953125,0.0, False
1984.6552438468623, 1980.6507568359375,0.0, False
1980.5232650306439, 1976.270751953125,0.0, False
1976.3232683260271, 1971.888671875,0.0, False
1972.0555781706714, 1967.4771728515625,0.0, False
1967.7205242313607, 1963.077880859375,0.0, False
1963.318441378537, 1958.6728515625,0.0, False
1958.8496696604332, 1954.2760009765625,0.0, False
1954.3145542768045, 1949.8681640625,0.0, False
1949.7134455522644, 1945.48828125,0.0, False
1945.0466989092217, 1941.0545654296875,0.0, False
1940.314674840425, 1936.6607666015625,0.0, False
1935.5177388811167, 1932.28076171875,0.0, False
1930.6562615807957, 1927.90087890625,0.0, False
1925.730618474594, 1923.5186767578125,0.0, False
1920.7411900542672, 1919.134033203125,0.0, False
1915.6883617388032, 1914.6748046875,0.0, False
1910.5725238446491, 1910.2947998046875,0.0, False
1905.394071555561, 1905.9149169921875,0.0, False
1900.1534048920757, 1901.5350341796875,0.0, False
1894.8509286806132, 1897.1434326171875,0.0, False
1889.4870525222016, 1892.7340087890625,0.0, False
1884.0621907608393, 1888.3470458984375,0.0, False
1878.5767624514863, 1883.946044921875,0.0, False
1873.0311913276942, 1879.5042724609375,0.0, False
1867.4259057688744, 1875.1243896484375,0.0, False
1861.7613387672068, 1870.744384765625,0.0, False
1856.037927894191, 1866.361328125,0.0, False
1850.2561152668475, 1861.9498291015625,0.0, False
1844.4163475135638, 1857.5697021484375,0.0, False
1838.519075739594, 1853.175048828125,0.0, False
1832.564755492212, 1848.769287109375,0.0, False
1826.5538467255233, 1844.3687744140625,0.0, False
1820.4868137649325, 1839.9888916015625,0.0, False
1814.3641252712773, 1835.5936279296875,0.0, False
1808.1862542046247, 1831.203857421875,0.0, False
1801.9536777877372, 1826.8221435546875,0.0, False
1795.6668774692077, 1822.3614501953125,0.0, False
1789.32633888627, 1813.5318603515625,0.0, False
1776.4860101938996, 1809.1519775390625,0.0, False
1769.9872119629088, 1800.3919677734375,0.0, False
1756.8348577598476, 1796.0120849609375,0.0, False
1750.1823177692918, 1791.632080078125,0.0, False
1743.4795530656763, 1787.2435302734375,-1.0, False
1736.7270814182864, 1777.6075439453125,0.0, False
1723.075107527624, 1748.3814697265625,0.0, False
1716.1766598600489, 1715.6214599609375,0.0, False
1702.237507465402, 1711.2392578125,0.0, False
1695.197879497741, 1706.8592529296875,0.0, False
1688.112274206652, 1697.994384765625,0.0, False
1673.805324534, 1693.5894775390625,0.0, False
1666.585085323129, 1684.81689453125,0.0, False
1652.0138668227223, 1680.43701171875,0.0, False
1644.6640131178847, 1671.6771240234375,0.0, False
1629.8386555303273, 1667.216064453125,0.0, False
1622.364296863819, 1658.4561767578125,0.0, False
1607.2951066042344, 1654.0762939453125,-1.0, False
1599.7014390627426, 1642.562255859375,-1.0, False
1584.3988920558759, 1613.392578125,0.0, False
1576.6911946682221, 1584.0477294921875,0.0, False
1568.9466742575237, 1553.3912353515625,0.0, False
1553.3495601329178, 1548.986328125,0.0, False
1545.4981712511933, 1540.0980224609375,0.0, False
1529.6927622880391, 1535.7181396484375,0.0, False
1521.73996312897, 1526.9486083984375,0.0, False
1505.7372470626406, 1522.568603515625,0.0, False
1497.6885663191463, 1513.8082275390625,0.0, False
1481.4996680506035, 1509.42822265625,0.0, False
1473.3607010713602, 1504.9779052734375,0.0, False
1465.1928930523552, 1496.218017578125,0.0, False
1448.7732798328718, 1491.838134765625,-1.0, False
1440.5227430002649, 1487.442626953125,-1.0, False
1432.2459017656618, 1449.265380859375,0.0, False
1415.6158655216873, 1420.035400390625,0.0, False
1407.263955134761, 1395.4771728515625,0.0, False
1398.8883094914943, 1386.657470703125,0.0, False
1382.0684021975374, 1382.277587890625,0.0, False
1373.625439836284, 1373.4569091796875,0.0, False
1356.67675860758, 1369.0770263671875,0.0, False
1348.1723489769827, 1364.6943359375,0.0, False
1339.648768746576, 1355.9215087890625,0.0, False
1322.54673160453, 1351.5205078125,0.0, False
1313.9695957760455, 1342.7557373046875,0.0, False
1296.7664023482785, 1338.3360595703125,-1.0, False
1288.1416736461836, 1333.8753662109375,-1.0, False
1279.5024115412023, 1293.86328125,0.0, False
1262.1829576262426, 1264.693603515625,0.0, False
1253.5041036942398, 1237.5899658203125,0.0, False
1236.1114939118584, 1233.2076416015625,0.0, False
1227.399081590536, 1228.8062744140625,0.0, False
1218.6768280567687, 1220.005859375,0.0, False
1201.2054931360033, 1215.625732421875,0.0, False
1192.4577613593513, 1206.8023681640625,0.0, False
1174.941547806845, 1202.32861328125,0.0, False
1166.1744191080822, 1193.56884765625,0.0, False
1148.6255039905402, 1189.188720703125,-1.0, False
1139.8450731749542, 1184.808837890625,-1.0, False
1131.0615644421252, 1172.5892333984375,-1.0, False
1122.2756562928269, 1143.171875,0.0, False
1113.488027413181, 1114.002197265625,0.0, False
1104.6993566222313, 1092.8734130859375,0.0, False
1095.9103228195056, 1088.474365234375,0.0, False
1087.1216049325733, 1084.0386962890625,0.0, False
1078.333881864601, 1079.6197509765625,0.0, False
1069.547832441907, 1075.227294921875,0.0, False
1060.7641353615268, 1070.8079833984375,0.0, False
1051.9834691387832, 1066.4281005859375,0.0, False
1043.2065120548748, 1061.910888671875,0.0, False
1034.433942104479, 1057.53271484375,0.0, False
1025.6664369433806, 1053.15283203125,0.0, False
1016.9046738361232, 1048.7728271484375,0.0, False
1008.1493296036939, 1044.3929443359375,-1.0, False
999.4010805712397, 1040.0130615234375,-1.0, False
990.6606025158245, 1025.7969970703125,-1.0, False
981.928570614226, 996.62744140625,0.0, False
973.205659390781, 967.4578857421875,0.0, False
964.49254266528, 948.1094360351562,0.0, False
955.789893500917, 943.714111328125,0.0, False
947.0983841522967, 939.2817993164062,0.0, False
938.4186860135055, 934.9019165039062,0.0, False
929.7514695662477, 930.52197265625,0.0, False
921.0974043280524, 926.1298828125,0.0, False
912.4571588005564, 921.738525390625,0.0, False
903.8314004178629, 917.2003784179688,0.0, False
895.2207954949854, 912.8204345703125,0.0, False
886.6260091763756, 908.4404907226562,0.0, False
878.0477053845445, 904.0604858398438,0.0, False
869.4865467687745, 899.6806030273438,0.0, False
860.9431946539328, 895.3007202148438,0.0, False
852.4183089893855, 890.9207153320312,-1.0, False
843.9125482980188, 886.5408325195312,-1.0, False
835.4265696253697, 870.4900512695312,0.0, False
826.9610284888709, 841.3204956054688,0.0, False
818.5165788272145, 823.7767333984375,0.0, False
810.0938729498371, 819.3967895507812,0.0, False
801.6935614865297, 815.0169067382812,0.0, False
793.3162933371802, 810.6015014648438,0.0, False
784.9627156216463, 806.2215576171875,0.0, False
776.6334736297682, 801.8336791992188,0.0, False
768.3292107715208, 797.4221801757812,0.0, False
760.0505685273135, 793.042236328125,0.0, False
751.7981863984369, 788.6397705078125,0.0, False
743.5727018576628, 784.1900634765625,-1.0, False
735.3747503000021, 779.8101806640625,-1.0, False
727.2049649936221, 762.5259399414062,0.0, False
719.0639770309278, 733.3563842773438,0.0, False
710.9524152798128, 717.0426025390625,0.0, False
702.8709063350799, 712.6402587890625,0.0, False
694.8200744700397, 708.2481079101562,0.0, False
686.8005415882863, 703.864013671875,0.0, False
678.8129271756576, 699.48095703125,0.0, False
670.8578482523815, 695.0841674804688,0.0, False
662.9359193254129, 690.6787109375,0.0, False
655.047752340965, 686.2836303710938,0.0, False
647.1939566372382, 681.89404296875,0.0, False
639.3751388973503, 677.4888916015625,0.0, False
631.5919031024717, 673.0953369140625,-1.0, False
623.8448504851706, 668.488037109375,-1.0, False
616.1345794829682, 649.1087036132812,0.0, False
608.4616856921122, 619.9390869140625,0.0, False
600.8267618215681, 605.7705078125,0.0, False
593.2303976472343, 601.3892211914062,0.0, False
585.6731799663839, 597.00927734375,0.0, False
578.1556925523356, 592.62939453125,0.0, False
570.6785161093597, 588.2494506835938,0.0, False
563.2422282278197, 583.869384765625,0.0, False
555.8474033395557, 579.4894409179688,0.0, False
548.4946126735106, 575.1090087890625,0.0, False
541.1844242116047, 570.7290649414062,0.0, False
533.9174026448605, 566.34912109375,0.0, False
526.6941093297823, 561.9140014648438,0.0, False
519.5151022449927, 557.5339965820312,0.0, False
512.3809359481305, 553.1541137695312,0.0, False
505.29216153301246, 548.7509155273438,-1.0, False
498.2493265870633, 544.37109375,-1.0, False
491.25297514901587, 524.39306640625,0.0, False
484.3036476668857, 495.2236022949219,0.0, False
477.40188095622335, 481.6099548339844,0.0, False
470.5482081586464, 477.197021484375,0.0, False
463.74315870065595, 472.80963134765625,0.0, False
456.9872582527402, 468.4274597167969,0.0, False
450.28102868876783, 464.0210266113281,0.0, False
443.6249880456746, 459.6221008300781,0.0, False
437.01965048344636, 455.1564025878906,0.0, False
430.46552624540215, 450.7764892578125,0.0, False
423.9631216187789, 446.39654541015625,0.0, False
417.5129388956227, 442.0166320800781,0.0, False
411.11547633398726, 437.59527587890625,0.0, False
404.7712281194461, 433.21533203125,0.0, False
398.4806843269174, 428.8316955566406,0.0, False
392.24433088280716, 424.44378662109375,0.0, False
386.06264952747307, 420.0284118652344,0.0, False
379.93611777801095, 415.64837646484375,0.0, False
373.86520889136887, 411.12677001953125,0.0, False
367.8503918277882, 406.74688720703125,0.0, False
361.89213121457874, 402.3594665527344,0.0, False
355.9908873102272, 397.9684753417969,0.0, False
350.14711596884354, 393.5885009765625,0.0, False
344.36126860494744, 389.2085876464844,0.0, False
338.63379215859845, 384.8286437988281,0.0, False
332.96512906087037, 380.3446960449219,0.0, False
327.35571719967515, 375.9647521972656,0.0, False
321.8059898859372, 371.5848388671875,0.0, False
316.3163758201215, 367.20489501953125,-1.0, False
310.88729905911737, 362.82501220703125,-1.0, False
305.51917898348194, 339.7246398925781,0.0, False
300.21243026504317, 310.5550537109375,0.0, False
294.96746283486897, 300.0969543457031,0.0, False
289.7846818516002, 295.7004089355469,0.0, False
284.6644876701535, 291.2355041503906,0.0, False
279.6072758107955, 286.8555908203125,0.0, False
274.6134369285894, 282.47564697265625,0.0, False
269.6833567832184, 278.095703125,0.0, False
264.8174162091869, 273.60223388671875,0.0, False
260.0159910864017, 269.2222595214844,0.0, False
255.2794523111368, 264.84234619140625,0.0, False
250.60816576738253, 260.40863037109375,0.0, False
246.00249229858218, 256.0275573730469,0.0, False
241.4627876797578, 251.6188507080078,0.0, False
236.98940259002754, 247.23892211914062,0.0, False
232.58268258551684, 242.85897827148438,0.0, False
228.24296807266498, 238.47903442382812,0.0, False
223.97059428193012, 233.92198181152344,0.0, False
219.76589124189317, 229.54205322265625,0.0, False
215.62918375376438, 225.16212463378906,0.0, False
211.56079136629324, 220.78219604492188,0.0, False
207.56102835108447, 216.40225219726562,0.0, False
203.63020367832095, 212.02232360839844,0.0, False
199.76862099289727, 207.6423797607422,0.0, False
195.9765785909636, 203.262451171875,0.0, False
192.25436939688345, 198.8825225830078,0.0, False
188.60228094060582, 194.50259399414062,0.0, False
185.02059533545457, 190.12266540527344,0.0, False
181.50958925633597, 185.7427215576172,0.0, False
178.06953391836623, 181.35353088378906,0.0, False
174.7006950559209, 176.88404846191406,0.0, False
171.40333290210796, 172.50411987304688,0.0, False
168.177702168665, 168.12420654296875,0.0, False
165.02405202628412, 163.74424743652344,0.0, False
161.94262608536368, 159.36431884765625,0.0, False
158.93366237719053, 154.95578002929688,0.019999999552965164, False
155.9973933355523, 150.57308959960938,0.019999999552965164, False
153.134045778783, 150.375732421875,0.019999999552965164, False
150.34384089224162, 150.6557159423828,0.0, False
147.62699421122662, 150.9376678466797,0.0, False
144.98371560432577, 146.9490203857422,0.0, False
142.41420925720539, 142.5643768310547,0.0, False
139.9186736568363, 138.17355346679688,0.019999999552965164, False
137.4973015761628, 133.7694091796875,0.019999999552965164, False
135.15028005920993, 133.70700073242188,0.019999999552965164, False
132.87779040663617, 133.9869842529297,0.0, False
130.68000816172787, 134.26698303222656,0.0, False
128.5571030968389, 130.15830993652344,0.019999999552965164, False
126.50923920027657, 125.76360321044922,0.019999999552965164, False
124.53657466363389, 125.79857635498047,0.019999999552965164, False
122.63926186956986, 126.08959197998047,0.0, False
120.81744738003775, 126.38084411621094,0.0, False
119.07127192496469, 122.15425872802734,0.019999999552965164, False
117.40087039137947, 117.7743148803711,0.019999999552965164, False
115.8063718129938, 117.91561889648438,0.019999999552965164, False
114.28789936023465, 118.20561218261719,0.019999999552965164, False
112.84557033072917, 118.49822235107422,0.0, False
111.47949614024455, 118.79252624511719,0.0, False
110.18978231408072, 114.4361343383789,0.019999999552965164, False
108.9765284789197, 110.0560302734375,0.019999999552965164, False
107.83982835512884, 110.3229751586914,0.019999999552965164, False
106.77976974952163, 110.61316680908203,0.019999999552965164, False
105.79643454857491, 110.9078140258789,0.019999999552965164, False
104.8898987121033, 111.48780822753906,0.019999999552965164, False
103.30749930378491, 111.77850341796875,0.0, False
102.63175796773882, 112.06989288330078,0.0, False
102.03306045832694, 112.24305725097656,0.0, False
101.51145302320896, 103.43446350097656,0.019999999552965164, False
100.69966358844951, 98.96451568603516,0.019999999552965164, False
100.40954429720583, 94.85176849365234,0.08674192428588867, False
100.19664049220766, 95.4770278930664,0.07867832481861115, False
100.00253915982849, 96.5570068359375,0.06922349333763123, False
100.0213566262168, 97.6379623413086,0.05742667615413666, False
100.11741956523113, 99.4932632446289,0.03399879112839699, False
100.54124621237825, 100.36341094970703,0.03829609230160713, False
100.8689771811222, 101.0231704711914,0.038629889488220215, False
101.2738881462435, 101.91478729248047,0.0363805927336216, False
102.31511899327406, 102.40660095214844,0.057305287569761276, False
102.95135844309667, 102.90471649169922,0.06549274921417236, False
103.66461703133633, 104.09407043457031,0.06343048065900803, False
105.32196528912297, 104.78443908691406,0.09136287868022919, False
106.26592693328607, 106.35074615478516,0.08687178045511246, False
108.38406066618155, 107.17902374267578,0.12024849653244019, False
109.55806913517819, 109.46332550048828,0.10761553049087524, False
112.13551584139569, 110.93180847167969,0.13804715871810913, False
113.53875497827536, 113.80537414550781,0.11936524510383606, False
116.57372284702339, 115.55534362792969,0.1528451293706894, False
118.20521713635735, 117.29338836669922,0.15704345703125, False
119.91255224741948, 120.64501953125,0.13537488877773285, False
123.55421153953384, 122.50367736816406,0.17740537226200104, False
125.48825441288514, 126.14976501464844,0.15455009043216705, False
129.58201962948434, 128.3758544921875,0.19818462431430817, False
131.74142574114956, 132.56500244140625,0.16988874971866608, False
136.28445094455589, 134.96307373046875,0.2184303104877472, False
138.66771910067322, 137.30218505859375,0.22531238198280334, False
141.12524740912556, 142.19403076171875,0.18999864161014557, False
146.26231941335698, 144.92230224609375,0.24338246881961823, False
148.9414662851063, 149.85934448242188,0.2109472155570984, False
154.51994700192785, 152.28390502929688,0.2774081826210022, False
157.41884992541745, 157.85035705566406,0.23785477876663208, False
163.43486126030825, 161.1602020263672,0.2970190942287445, False
166.55150495214576, 167.35594177246094,0.25014403462409973, False
173.0008646444191, 170.92477416992188,0.31274113059043884, False
176.3330824503777, 174.3605194091797,0.3173733651638031, False
179.7366508677397, 181.2544403076172,0.2629188597202301, False
186.75678238189042, 185.04254150390625,0.33229368925094604, False
190.37280319372084, 191.82542419433594,0.28316181898117065, False
197.81535831245878, 195.68270874023438,0.3593215346336365, False
201.64131770340032, 202.93124389648438,0.30537715554237366, False
209.50112244949227, 207.1422119140625,0.3833220899105072, False
213.53436065734365, 211.16981506347656,0.39015963673591614, False
217.63607578490874, 214.96726989746094,0.40235766768455505, False
221.80595098649724, 219.40634155273438,0.40436503291130066, False
226.0436641512492, 223.89723205566406,0.4066658914089203, False
230.34888792801723, 228.4964599609375,0.40823933482170105, False
234.72128975065343, 233.11302185058594,0.41071635484695435, False
239.16053186369922, 237.82586669921875,0.4126686155796051, False
243.66627134847585, 247.0758819580078,0.33299732208251953, False
252.87584510174, 251.66958618164062,0.43123769760131836, False
257.578967957157, 255.97483825683594,0.44559022784233093, False
262.347165413118, 260.03155517578125,0.4658014178276062, False
267.18006914009095, 264.85162353515625,0.4732377529144287, False
272.0773058101702, 269.7602233886719,0.4802726209163666, False
277.03849712591546, 274.92742919921875,0.4837314784526825, False
282.0632598495739, 280.1710205078125,0.4869689643383026, False
287.1512058326849, 285.4320983886719,0.4910791218280792, False
292.3019420460622, 290.8612365722656,0.4932306408882141, False
297.5150706101555, 296.14971923828125,0.49922841787338257, False
302.7901888257846, 301.4464416503906,0.5062844753265381, False
308.1268892052472, 306.7749938964844,0.5139557123184204, False
313.5247595037961, 312.1117248535156,0.5226940512657166, False
318.9833827514839, 317.5146484375,0.5313906073570251, False
324.5023372853724, 323.0116882324219,0.5394999980926514, False
330.0811967821057, 328.5310974121094,0.548395574092865, False
335.7195302908415, 334.1354675292969,0.5568632483482361, False
341.41690226654123, 339.8587646484375,0.5642262697219849, False
347.17287260361485, 345.6610412597656,0.5712449550628662, False
352.9869966699174, 351.52508544921875,0.5782458782196045, False
358.8588253410956, 357.4051513671875,0.5861267447471619, False
364.7879050352817, 363.5293884277344,0.5903520584106445, False
370.7737777481309, 369.4313659667969,0.6001847386360168, False
376.81598108820145, 375.3962097167969,0.6099684238433838, False
382.9140483126726, 381.3983154296875,0.6202111840248108, False
389.0675083633992, 387.4504089355469,0.630653440952301, False
395.27588590329975, 393.5919494628906,0.6404844522476196, False
401.53870135307466, 399.8196105957031,0.6497554779052734, False
407.8554709282528, 406.0873107910156,0.6593964695930481, False
414.2257066765617, 412.4438781738281,0.6683944463729858, False
420.64891651562084, 418.9101867675781,0.6762957572937012, False
427.12460427095414, 425.4089050292969,0.6846884489059448, False
433.6522697143169, 431.9552001953125,0.6932523846626282, False
440.231408602338, 438.5035095214844,0.7029432058334351, False
446.86151271547084, 445.1038513183594,0.7127069234848022, False
453.54206989725145, 451.7790832519531,0.7220457792282104, False
460.2725640938618, 458.5343017578125,0.7308329343795776, False
467.0524753939932, 465.30340576171875,0.7404770851135254, False
473.88128006900786, 472.1236267089844,0.7501717209815979, False
480.7584506133954, 478.9864501953125,0.7600951194763184, False
487.6834557855212, 485.8772277832031,0.770560622215271, False
494.65576064866343, 492.8286437988281,0.7808454632759094, False
501.6748266123352, 499.8425598144531,0.7908923625946045, False
508.740111473889, 506.8654479980469,0.8018854856491089, False
515.8510694604007, 513.9725341796875,0.8121347427368164, False
523.0071512708287, 521.08154296875,0.8234821557998657, False
530.2078041184454, 528.2510375976562,0.8345982432365417, False
537.4524717735395, 535.4569702148438,0.8460199236869812, False
544.740594606382, 542.7506103515625,0.8565534949302673, False
552.0716096304568, 550.1364135742188,0.8660668730735779, False
559.444950545949, 557.4641723632812,0.8780495524406433, False
566.8600477834909, 564.8394165039062,0.8900485038757324, False
574.3163285481588, 572.2617797851562,0.9020565152168274, False
581.8132168637201, 579.72705078125,0.9141643643379211, False
589.3501336171257, 587.2764892578125,0.9253656268119812, False
596.9264966032449, 594.8287353515625,0.9376027584075928, False
604.5417205698391, 602.455078125,0.9491410851478577, False
612.1952172627707, 610.0819702148438,0.96176677942276, False
619.886395471444, 617.7882690429688,0.9735270142555237, False
627.6146610744751, 625.5044555664062,0.9861339330673218, False
635.3794170855849, 633.2473754882812,0.9991624355316162, False
643.180063699716, 641.0042724609375,1.0, False
651.0159983393648, 648.9254760742188,1.0, False
658.8866157011292, 656.6908569335938,1.0, False
666.7913078024673, 664.3921508789062,1.0, False
674.7294640286603, 672.0274658203125,1.0, False
